Table 39 Count 1 :	[1519]
Table 173 Count 10 :	[2761, 3749, 168, 1147, 173, 1971, 231, 2622, 214, 3803]
Table 195 Count 24 :	[342, 237, 2339, 3642, 2952, 705, 128, 586, 1529, 983, 195, 2012, 2169, 981, 3630, 3065, 2975, 217, 2386, 2325, 3966, 1869, 2997, 28]
Table 307 Count 10 :	[119, 1051, 290, 307, 1130, 2798, 2934, 3477, 1351, 1824]
Table 418 Count 1 :	[1317]
Table 483 Count 71 :	[2852, 958, 2202, 3523, 2851, 4073, 3534, 2198, 2321, 2871, 2733, 2018, 563, 4149, 2449, 1482, 3408, 440, 1134, 3556, 304, 441, 2957, 3558, 4103, 165, 668, 2974, 3183, 50, 49, 1504, 3780, 3662, 2563, 296, 179, 781, 2962, 3926, 302, 1701, 3763, 750, 1848, 337, 1009, 1976, 620, 3046, 1956, 1003, 460, 3085, 2250, 2789, 3128, 985, 2781, 2296, 500, 3362, 3501, 2171, 731, 127, 364, 242, 4185, 3585, 483]
Table 498 Count 8 :	[3433, 596, 1143, 2435, 2433, 616, 2180, 2637]
Table 514 Count 141 :	[0, 4128, 1916, 1098, 1919, 1635, 1365, 1364, 11, 1636, 259, 1357, 3007, 3541, 3265, 1661, 3267, 4087, 2726, 24, 2448, 1609, 4096, 1407, 2238, 514, 2478, 3554, 4104, 4041, 4109, 51, 3777, 3302, 2703, 3298, 2693, 1381, 2964, 1383, 2213, 1307, 3219, 3041, 1027, 74, 75, 1597, 87, 86, 2523, 630, 1594, 321, 3756, 876, 1825, 877, 102, 1336, 577, 3734, 1551, 4166, 2539, 2294, 110, 3981, 863, 1062, 107, 3502, 4182, 2762, 3507, 115, 1087, 354, 4186, 844, 3992, 139, 3162, 3398, 3697, 1500, 2620, 946, 2079, 2617, 398, 3418, 2058, 3139, 2102, 3916, 1262, 3430, 2104, 2585, 1741, 2826, 1742, 906, 1507, 189, 3445, 2365, 3884, 1700, 202, 3331, 198, 2687, 3634, 1705, 3631, 3903, 3629, 1958, 766, 3347, 2664, 2942, 3133, 3849, 1677, 704, 1469, 1684, 2146, 251, 2630, 249, 2632, 247, 484, 1933, 2634, 243, 3109]
Table 624 Count 2 :	[2038, 2807]
Table 636 Count 114 :	[550, 549, 2203, 2207, 1368, 2192, 2195, 825, 2197, 3289, 1362, 2187, 3270, 574, 3551, 2179, 570, 3274, 785, 1884, 524, 317, 2470, 2701, 1385, 2221, 299, 300, 2960, 1033, 3051, 1578, 1024, 3225, 1846, 4020, 869, 3069, 3070, 3056, 3057, 636, 3214, 3018, 3011, 382, 1330, 3013, 2285, 3026, 2277, 360, 3995, 2759, 3946, 2073, 2072, 1236, 3140, 2024, 3141, 2097, 2821, 3195, 2006, 3906, 433, 434, 2009, 2015, 3908, 643, 424, 2565, 188, 430, 2090, 2362, 1757, 2842, 1758, 181, 1972, 1973, 1428, 472, 470, 1983, 2139, 1001, 1959, 458, 456, 2661, 455, 454, 3623, 2122, 1942, 2883, 987, 715, 2406, 511, 3134, 988, 3121, 3607, 2655, 3840, 491, 3863, 3383, 482]
Table 688 Count 6 :	[4006, 2422, 1698, 1074, 3591, 688]
Table 826 Count 16 :	[2264, 3773, 1678, 2014, 1164, 623, 826, 800, 2660, 871, 782, 3686, 929, 3246, 776, 2273]
Table 833 Count 28 :	[3459, 3824, 64, 2984, 944, 2376, 1778, 257, 937, 157, 2518, 995, 151, 576, 4165, 3974, 37, 2891, 916, 1125, 796, 3738, 1389, 969, 833, 3927, 240, 659]
Table 837 Count 4 :	[612, 837, 1600, 2366]
Table 877 Count 12 :	[2928, 2252, 3099, 1354, 1096, 991, 2609, 1850, 525, 3937, 3772, 2636]
Table 882 Count 125 :	[2446, 3833, 555, 4142, 284, 567, 2732, 1900, 802, 3279, 4090, 571, 3822, 31, 2474, 2464, 2467, 2469, 3560, 4045, 2228, 1121, 1607, 2694, 2961, 881, 3767, 882, 3462, 3467, 4015, 3043, 2794, 1838, 1050, 870, 1592, 1045, 3017, 2779, 3728, 3729, 1545, 2782, 1815, 1814, 3008, 2556, 3504, 1323, 4176, 3727, 2756, 3720, 607, 3406, 2307, 1223, 2305, 1491, 1502, 2043, 3939, 2044, 1775, 407, 2618, 1781, 938, 1483, 3684, 3959, 925, 2576, 1735, 2343, 647, 3187, 3186, 3671, 1531, 2837, 2355, 666, 2084, 905, 3443, 1273, 3342, 1157, 3340, 2919, 2369, 2683, 2921, 199, 736, 743, 762, 1717, 2933, 3359, 1175, 1177, 2667, 994, 1966, 451, 2940, 2668, 3370, 3371, 504, 728, 1441, 3868, 3593, 974, 1446, 1209, 1695, 2904, 1689, 2155, 966]
Table 901 Count 40 :	[1016, 478, 2988, 1216, 1429, 471, 405, 3543, 942, 1663, 1715, 3264, 3625, 1282, 575, 266, 1828, 3414, 2027, 3816, 1791, 1422, 1421, 879, 2776, 3251, 2233, 3432, 3676, 2479, 1188, 918, 2230, 1877, 2564, 3986, 2561, 1921, 901, 1861]
Table 912 Count 34 :	[1100, 821, 341, 2370, 3710, 1308, 889, 3042, 2199, 3064, 2253, 3353, 3204, 939, 1280, 1790, 690, 2243, 2123, 4035, 2581, 2881, 1068, 2161, 912, 2229, 1925, 3112, 1984, 1566, 963, 2752, 1934, 1079]
Table 1020 Count 1 :	[2677]
Table 1150 Count 15 :	[2882, 2822, 655, 2475, 2368, 3883, 2140, 1150, 488, 113, 396, 1041, 2431, 1212, 120]
Table 1151 Count 15 :	[2719, 848, 3221, 4162, 276, 2116, 1151, 3114, 2557, 3933, 2606, 126, 1893, 4026, 1963]
Table 1174 Count 22 :	[1153, 2302, 1426, 1521, 3282, 446, 3494, 1464, 3090, 1225, 1012, 2805, 1226, 1510, 3181, 1174, 842, 1350, 3818, 2088, 1277, 2089]
Table 1223 Count 9 :	[2391, 2580, 1550, 1184, 671, 2251, 1367, 1435, 1089]
Table 1265 Count 5 :	[2353, 2287, 2034, 2389, 1666]
Table 1290 Count 31 :	[2135, 1640, 474, 1159, 737, 2801, 554, 3044, 1360, 1290, 1000, 565, 1787, 213, 2454, 2120, 450, 1823, 3130, 4039, 98, 444, 96, 97, 799, 437, 493, 1073, 4184, 3517, 1860]
Table 1376 Count 8 :	[3217, 3525, 2867, 2705, 810, 3062, 3108, 2737]
Table 1394 Count 10 :	[2640, 494, 1989, 218, 1205, 886, 1615, 2412, 1513, 1394]
Table 1416 Count 101 :	[3828, 2196, 552, 19, 3809, 18, 21, 23, 3813, 27, 26, 1135, 518, 309, 3567, 2224, 1867, 534, 1859, 2214, 1025, 73, 1301, 894, 323, 873, 2785, 632, 108, 3503, 1335, 1320, 2286, 836, 1084, 1801, 366, 125, 124, 3516, 3028, 687, 138, 953, 2850, 1764, 678, 949, 3159, 677, 1501, 2597, 155, 1473, 159, 2331, 2328, 693, 1480, 388, 1254, 3437, 442, 1251, 2100, 2107, 435, 2109, 3427, 426, 3449, 3934, 2834, 1276, 2844, 663, 3171, 1018, 3886, 2917, 3328, 1978, 2119, 2935, 2384, 3893, 752, 1967, 1416, 3621, 3075, 3888, 996, 1943, 509, 3373, 506, 2403, 2170, 1202, 487]
Table 1518 Count 84 :	[4131, 1494, 2989, 1915, 1372, 544, 2309, 4070, 1229, 3153, 2078, 1475, 2190, 145, 2602, 2334, 1894, 2332, 3672, 3675, 3913, 1402, 2830, 2347, 527, 166, 3426, 2945, 3321, 2702, 4049, 2494, 4053, 1617, 3580, 541, 1518, 1138, 2487, 3053, 751, 1699, 475, 2506, 3103, 2381, 1162, 1977, 3047, 344, 80, 2666, 3345, 1722, 2791, 2541, 578, 101, 1820, 2780, 3850, 852, 2646, 979, 3496, 1813, 3009, 976, 977, 3366, 3603, 1197, 104, 378, 1686, 3032, 3509, 3594, 3512, 2159, 3376, 2156, 367, 3030]
Table 1524 Count 35 :	[747, 136, 1975, 1020, 3872, 3873, 404, 627, 1957, 1478, 399, 1417, 2126, 331, 1481, 1524, 1405, 3199, 3559, 3490, 519, 1527, 4043, 645, 3982, 383, 2351, 2149, 1924, 1505, 2696, 1204, 4189, 661, 662]
Table 1589 Count 59 :	[1374, 3951, 3699, 135, 1772, 1910, 1896, 700, 698, 699, 4151, 2463, 4148, 4155, 3275, 3436, 2002, 1525, 4037, 3435, 2951, 1603, 3670, 3573, 2700, 1748, 1749, 52, 297, 421, 3647, 3101, 1849, 4194, 2265, 4192, 2382, 3878, 349, 348, 893, 346, 2658, 3207, 1713, 1589, 3616, 210, 999, 4164, 2405, 4167, 1946, 3115, 489, 4178, 840, 3105, 480]
Table 1616 Count 10 :	[1883, 3673, 3352, 3571, 3466, 1228, 1616, 301, 3484, 1826]
Table 1706 Count 11 :	[1598, 712, 4067, 1005, 1803, 2222, 1922, 1069, 1054, 2578, 1706]
Table 1785 Count 116 :	[2440, 2745, 828, 1632, 2439, 1088, 2976, 3837, 1115, 1660, 3537, 2996, 4152, 2724, 1611, 3314, 3807, 2491, 2495, 540, 1618, 2208, 1376, 4063, 61, 2690, 614, 4003, 4002, 1296, 1842, 624, 3744, 4028, 875, 88, 878, 374, 1546, 2783, 584, 3497, 2532, 3015, 1334, 593, 4181, 1564, 3719, 3511, 3998, 843, 956, 683, 2037, 2041, 3938, 2042, 2863, 132, 3155, 134, 3690, 2865, 1232, 2866, 144, 1785, 3138, 2583, 2577, 648, 2817, 1734, 3191, 1532, 3431, 3656, 1508, 187, 185, 908, 3450, 178, 3175, 3442, 2133, 204, 3336, 739, 738, 468, 2686, 763, 2937, 3344, 758, 3350, 756, 1187, 986, 1462, 719, 1463, 1676, 1674, 710, 1442, 3592, 1444, 2419, 972, 2900, 485, 2906, 2909]
Table 1953 Count 1 :	[3708]
Table 1995 Count 2 :	[1805, 3054]
Table 2000 Count 14 :	[2000, 579, 2434, 315, 3742, 3295, 497, 4010, 804, 1839, 2847, 2786, 2183, 1420]
Table 2005 Count 31 :	[3052, 613, 1026, 2806, 1837, 1477, 1171, 3420, 3902, 2731, 262, 3346, 3211, 2878, 3136, 1547, 2005, 2346, 502, 1057, 795, 2291, 4110, 1511, 2627, 1266, 1145, 3514, 841, 2568, 1929]
Table 2025 Count 26 :	[2991, 2914, 1161, 3639, 621, 2457, 263, 1176, 2025, 634, 329, 2788, 3914, 3250, 1669, 1400, 3194, 1399, 160, 4046, 1987, 4180, 358, 1269, 1327, 1141]
Table 2053 Count 4 :	[3200, 2823, 3530, 3169]
Table 2062 Count 24 :	[1032, 2165, 1103, 1612, 2507, 1664, 1579, 1904, 3838, 3045, 1302, 2773, 345, 1658, 492, 1081, 81, 2765, 1662, 694, 245, 1240, 2841, 2062]
Table 2174 Count 105 :	[2444, 3293, 2980, 831, 2740, 3836, 1901, 4093, 305, 1610, 2227, 1601, 4107, 314, 1878, 2218, 2973, 2493, 3583, 1620, 1622, 777, 4005, 1853, 1311, 885, 3463, 1037, 1309, 1038, 1039, 2800, 2263, 1570, 892, 1568, 322, 4018, 1292, 1293, 82, 95, 2240, 858, 3741, 857, 2534, 3979, 3500, 2288, 3034, 594, 355, 3037, 1312, 3726, 1794, 2853, 686, 2854, 1760, 140, 2068, 143, 955, 1499, 2858, 3960, 394, 2322, 1237, 701, 384, 2336, 1729, 1270, 3448, 2832, 1752, 2572, 2846, 3441, 183, 1158, 221, 1169, 1716, 1007, 3624, 754, 753, 3132, 718, 2174, 3361, 1467, 228, 982, 1675, 2148, 253, 3865, 244, 2910, 727]
Table 2215 Count 136 :	[2443, 1101, 1102, 2748, 2447, 3281, 2445, 1634, 3533, 2982, 4141, 1637, 3006, 1356, 564, 2460, 2191, 1650, 2181, 2455, 2959, 1882, 4032, 1887, 787, 2239, 3326, 2708, 3572, 1629, 4055, 2969, 783, 1382, 2215, 3048, 2271, 4202, 3201, 84, 3066, 83, 3482, 1588, 1587, 1586, 3489, 1540, 2772, 1537, 1809, 1060, 2763, 3038, 1563, 4179, 598, 601, 600, 2549, 2755, 2550, 2545, 2065, 2064, 1217, 3403, 2039, 2314, 3157, 2315, 3156, 2312, 676, 675, 674, 2316, 3701, 1776, 2019, 2592, 3683, 934, 2098, 1731, 2582, 922, 923, 921, 1533, 2106, 1736, 3189, 2828, 2111, 1267, 902, 3172, 3652, 2094, 420, 3655, 422, 3339, 1969, 1970, 1013, 3875, 3628, 1408, 2112, 1965, 2396, 2121, 209, 449, 3349, 1182, 1720, 1191, 2175, 1948, 1192, 503, 1949, 1199, 1196, 3119, 1682, 1683, 2418, 246, 2633, 3861, 1451, 1214]
Table 2256 Count 37 :	[1763, 3097, 1854, 3166, 1430, 1845, 1160, 2256, 2118, 2254, 1777, 1476, 2113, 3479, 2176, 1178, 1241, 2394, 1183, 2167, 3612, 2543, 4100, 2829, 1879, 2824, 3261, 1864, 3232, 2628, 1561, 1692, 2757, 1999, 1272, 1077, 2908]
Table 2260 Count 18 :	[4199, 2033, 611, 4130, 510, 1918, 2260, 1951, 2983, 3879, 3845, 2225, 2736, 223, 3072, 1649, 1784, 2600]
Table 2289 Count 3 :	[3707, 2103, 3549]
Table 2325 Count 18 :	[2777, 1732, 3400, 2711, 3736, 3323, 3126, 3931, 3084, 3932, 3898, 3693, 3862, 3650, 1830, 961, 333, 3618]
Table 2337 Count 14 :	[2337, 2304, 3705, 654, 3969, 1645, 1028, 1498, 1539, 3094, 1412, 1114, 3243, 1215]
Table 2364 Count 5 :	[327, 325, 1936, 2738, 2364]
Table 2400 Count 10 :	[2596, 2400, 529, 1071, 3812, 2297, 3637, 2293, 3143, 2335]
Table 2413 Count 72 :	[1375, 1643, 2749, 3947, 3160, 1770, 1907, 4143, 2857, 1908, 3290, 703, 936, 2604, 2873, 1789, 1652, 2473, 1250, 2819, 1126, 2010, 2011, 3564, 1127, 2588, 2591, 1261, 1604, 793, 792, 2357, 2356, 1990, 3176, 3782, 2361, 1142, 1754, 1856, 1140, 3920, 1139, 2509, 3341, 3102, 619, 4201, 1704, 3354, 1288, 1952, 2399, 2397, 2247, 1287, 3619, 990, 1939, 3022, 1937, 1058, 2413, 1470, 2410, 3367, 2654, 1567, 2416, 1935, 1314, 3856]
Table 2417 Count 24 :	[791, 3131, 1608, 3646, 3316, 546, 3611, 1851, 2344, 891, 2194, 1841, 3333, 2735, 2898, 1410, 3659, 3033, 2417, 4085, 1631, 3784, 4091, 2127]
Table 2471 Count 21 :	[3613, 1067, 476, 3918, 2299, 1488, 1574, 1875, 1602, 1543, 2471, 1436, 2108, 2411, 3082, 3150, 2085, 1517, 962, 2031, 1759]
Table 2526 Count 66 :	[408, 1097, 2070, 3702, 827, 3004, 3694, 2594, 1474, 2324, 1486, 2607, 3137, 1132, 789, 1730, 4098, 2465, 644, 794, 164, 530, 1857, 2963, 1378, 4126, 3645, 1855, 3764, 3765, 3880, 200, 1576, 3761, 2922, 3227, 1165, 2137, 2377, 2526, 2662, 3899, 4209, 1591, 332, 2393, 3135, 3848, 2172, 3120, 1536, 2528, 3234, 1807, 3598, 595, 3239, 1325, 1448, 1072, 3721, 1453, 3857, 726, 1792, 1928]
Table 2527 Count 70 :	[2200, 685, 3286, 817, 3283, 287, 3811, 1659, 2057, 146, 1485, 1484, 2723, 689, 1345, 1253, 2477, 1522, 1263, 1625, 184, 2492, 1750, 1506, 57, 3308, 1137, 2571, 4001, 1021, 2925, 3475, 626, 865, 2527, 2792, 2520, 219, 1590, 992, 3073, 2665, 211, 373, 3975, 1064, 369, 3023, 368, 2162, 1817, 2160, 3968, 3605, 3604, 1198, 980, 3012, 3505, 1687, 1802, 1313, 3104, 3025, 1553, 3381, 122, 1691, 1319, 2426]
Table 2558 Count 11 :	[2558, 1581, 3814, 2918, 859, 2158, 59, 1889, 2743, 2029, 2587]
Table 2605 Count 15 :	[717, 65, 1022, 3799, 515, 3774, 741, 4078, 4050, 3776, 1870, 3539, 2144, 2605, 1346]
Table 2671 Count 21 :	[927, 1404, 1844, 2862, 1847, 3561, 3635, 824, 1496, 1388, 592, 2255, 4145, 250, 452, 639, 2671, 1104, 1284, 811, 1584]
Table 2717 Count 41 :	[1221, 3944, 2032, 1152, 3706, 3285, 2610, 2206, 2981, 3936, 1709, 1768, 2074, 3464, 4009, 4008, 1571, 3839, 1117, 3474, 2016, 2184, 3810, 3268, 222, 1902, 1487, 2125, 3954, 978, 4171, 1944, 3596, 2219, 3779, 359, 2282, 3648, 2692, 3582, 2635]
Table 2787 Count 7 :	[1255, 3748, 2131, 2787, 2924, 1773, 553]
Table 2848 Count 25 :	[2510, 2848, 3522, 1771, 13, 805, 153, 3688, 1234, 89, 3410, 1654, 1252, 163, 162, 3904, 41, 2529, 255, 838, 2091, 2551, 1450, 656, 1078]
Table 2885 Count 6 :	[34, 2049, 3735, 3971, 1614, 2885]
Table 2895 Count 16 :	[2472, 2270, 1222, 2916, 2987, 2173, 2535, 3127, 3940, 3668, 2895, 1166, 3080, 3653, 3821, 3485]
Table 2899 Count 38 :	[2614, 608, 3457, 748, 72, 2076, 3291, 2684, 4080, 326, 1170, 760, 4210, 2593, 268, 3215, 2943, 653, 2338, 3493, 2955, 1613, 3730, 36, 2647, 498, 2892, 499, 425, 2899, 289, 3506, 1747, 3712, 733, 3984, 3860, 1621]
Table 2933 Count 2 :	[294, 1798]
Table 2941 Count 13 :	[312, 2313, 1120, 1746, 3626, 2114, 2429, 1693, 391, 2941, 1723, 1275, 2095]
Table 2992 Count 14 :	[32, 477, 3405, 203, 3731, 784, 1124, 2136, 17, 560, 1210, 2784, 2670, 2992]
Table 3049 Count 7 :	[3049, 3161, 512, 615, 2385, 78, 465]
Table 3071 Count 54 :	[4129, 1766, 3950, 2741, 3288, 2047, 1239, 3695, 3536, 260, 1903, 2056, 264, 3823, 2060, 1401, 2237, 1739, 2105, 641, 3574, 428, 665, 1387, 1751, 1512, 3440, 3924, 2212, 3760, 2813, 742, 1015, 1052, 3071, 4025, 91, 100, 3249, 370, 227, 3262, 3977, 2893, 3384, 495, 2284, 1324, 2279, 3027, 1796, 3110, 1552, 1318]
Table 3081 Count 1 :	[3245]
Table 3106 Count 26 :	[4097, 3338, 2375, 2611, 1131, 948, 1710, 3190, 2414, 646, 3394, 1639, 438, 2354, 1113, 531, 2280, 3236, 2022, 3106, 3513, 4190, 3480, 1788, 1076, 4157]
Table 3114 Count 30 :	[1017, 1583, 272, 1035, 141, 819, 3228, 3229, 3335, 463, 807, 392, 2023, 1349, 390, 2061, 150, 3016, 445, 234, 1465, 161, 3257, 2894, 2584, 3928, 292, 293, 3378, 423]
Table 3149 Count 36 :	[957, 3407, 883, 2613, 1431, 547, 1696, 2860, 4206, 1303, 1090, 194, 3149, 806, 1595, 1712, 1042, 759, 3854, 2234, 306, 2537, 581, 582, 971, 1443, 4052, 2281, 2967, 3107, 1556, 721, 3996, 539, 303, 2840]
Table 3158 Count 33 :	[1703, 3404, 1425, 2035, 1647, 3460, 350, 1633, 890, 3158, 347, 2619, 1438, 2077, 1911, 1836, 93, 3209, 2451, 1246, 3487, 4156, 1821, 1341, 3253, 3804, 1333, 1471, 2223, 1858, 1516, 2152, 4061]
Table 3178 Count 8 :	[1409, 3178, 3830, 755, 4031, 557, 520, 1347]
Table 3184 Count 10 :	[343, 4034, 118, 2134, 649, 2341, 585, 573, 1398, 3586]
Table 3188 Count 11 :	[2912, 3317, 353, 2266, 3757, 3074, 2845, 1208, 149, 1653, 1721]
Table 3203 Count 51 :	[1373, 2067, 2017, 1779, 3271, 2186, 3419, 2999, 2993, 3272, 2874, 2717, 169, 2476, 1535, 521, 3303, 1624, 2086, 4118, 3177, 1995, 418, 4123, 3790, 1974, 3337, 888, 2262, 2680, 3636, 3632, 1599, 3203, 1173, 3476, 872, 1727, 1179, 2642, 4163, 2649, 2768, 3123, 2653, 1565, 1080, 1326, 4188, 3994, 2154]
Table 3210 Count 74 :	[1220, 551, 823, 3524, 2066, 3943, 3962, 1235, 813, 2998, 2178, 1895, 3820, 269, 2958, 3915, 1520, 2008, 3322, 288, 4113, 4048, 1268, 3454, 4054, 1380, 3447, 1997, 3579, 3216, 1697, 3775, 1981, 1708, 4203, 3769, 1049, 2659, 4021, 2931, 461, 2930, 3067, 3478, 2932, 3358, 3896, 1004, 3058, 2939, 3059, 3210, 215, 1548, 3019, 984, 1938, 3021, 3010, 229, 226, 834, 3988, 1680, 3118, 1207, 2767, 1449, 2905, 1315, 2911, 3111, 1555, 1554]
Table 3218 Count 26 :	[3218, 3456, 2849, 4132, 1575, 2378, 3771, 2317, 3202, 2326, 2663, 1295, 3206, 3208, 2398, 3680, 2515, 3491, 1806, 3453, 2420, 2838, 2560, 3569, 3724, 3309]
Table 3256 Count 14 :	[1, 1457, 38, 2267, 3256, 950, 109, 193, 1257, 3739, 54, 2554, 417, 2244]
Table 3263 Count 9 :	[1358, 2232, 1133, 3050, 1355, 3881, 1259, 1423, 3263]
Table 3299 Count 9 :	[3299, 1053, 4059, 298, 3787, 286, 1224, 538, 318]
Table 3307 Count 14 :	[2295, 2501, 1433, 133, 3691, 3660, 2387, 2833, 386, 3142, 2246, 3307, 1377, 3752]
Table 3312 Count 9 :	[2836, 3312, 3036, 3087, 3835, 3310, 846, 2028, 860]
Table 3319 Count 37 :	[4066, 1577, 402, 3832, 1432, 830, 622, 2379, 945, 673, 2436, 672, 4082, 1899, 156, 3538, 2790, 508, 3319, 1940, 1397, 2890, 381, 2466, 2948, 862, 1606, 439, 1927, 2972, 670, 2490, 2358, 2698, 1558, 1930, 658]
Table 3324 Count 9 :	[3421, 2283, 2970, 1233, 174, 1219, 447, 2796, 3324]
Table 3354 Count 1 :	[702]
Table 3390 Count 29 :	[3762, 1489, 3542, 1291, 866, 1289, 2320, 1714, 2177, 1283, 3481, 3545, 1185, 2643, 2301, 786, 3363, 1123, 2409, 3014, 1538, 913, 2896, 2081, 3390, 3785, 903, 2278, 1559]
Table 3391 Count 24 :	[2811, 3438, 2096, 3853, 2204, 2205, 2402, 2714, 196, 400, 3125, 2258, 3235, 3391, 667, 3725, 2966, 2907, 2965, 960, 3076, 2512, 3409, 3382]
Table 3451 Count 5 :	[1702, 2746, 3495, 3451, 3327]
Table 3469 Count 52 :	[684, 952, 2747, 1369, 277, 559, 9, 1091, 1118, 2051, 2595, 397, 3548, 2875, 652, 2954, 3667, 3425, 2707, 2839, 1390, 431, 1279, 4056, 3306, 3305, 68, 70, 4197, 3877, 617, 1439, 3469, 1031, 4017, 4208, 1180, 1961, 3212, 1585, 328, 448, 1549, 3248, 2770, 3841, 729, 3238, 3117, 605, 967, 241]
Table 3473 Count 24 :	[273, 236, 2678, 2505, 2101, 142, 3020, 3678, 1905, 1195, 1541, 951, 3365, 2531, 3633, 3184, 3930, 943, 3473, 2728, 3999, 4092, 3753, 2182]
Table 3484 Count 18 :	[410, 4198, 2001, 2036, 2536, 371, 2744, 2742, 2804, 3269, 1359, 3300, 2901, 1447, 365, 900, 2872, 2546]
Table 3501 Count 8 :	[2150, 1238, 427, 631, 3935, 1340, 1667, 3152]
Table 3518 Count 32 :	[1019, 2128, 3834, 77, 1297, 79, 895, 2929, 462, 2524, 1888, 1244, 94, 208, 1960, 569, 3193, 230, 1468, 589, 2349, 522, 2774, 105, 2489, 532, 2903, 2764, 1265, 1756, 897, 3518]
Table 3528 Count 7 :	[3704, 340, 1206, 311, 1211, 3093, 3528]
Table 3531 Count 1 :	[861]
Table 3535 Count 11 :	[2442, 820, 3852, 1627, 3151, 3144, 3570, 3510, 2589, 3377, 2601]
Table 3555 Count 7 :	[2456, 1002, 3555, 1630, 1260, 1843, 225]
Table 3570 Count 3 :	[2373, 4079, 2978]
Table 3576 Count 12 :	[4115, 968, 3778, 884, 629, 172, 2538, 2330, 3955, 270, 3380, 2994]
Table 3587 Count 4 :	[1011, 63, 3587, 1808]
Table 3595 Count 27 :	[1913, 3164, 2985, 2812, 2920, 401, 2319, 1596, 3897, 3001, 935, 2063, 2407, 2164, 2645, 3252, 2884, 1059, 2775, 2151, 2423, 3781, 3595, 2574, 2482, 4057, 2639]
Table 3606 Count 19 :	[66, 2802, 282, 111, 2345, 1466, 4074, 3606, 3669, 2498, 1509, 16, 352, 1834, 335, 385, 2329, 809, 1047]
Table 3617 Count 17 :	[1427, 2990, 235, 545, 403, 1193, 1573, 2856, 914, 1926, 4212, 3205, 561, 1753, 1993, 3617, 2513]
Table 3622 Count 25 :	[3167, 1371, 336, 3640, 1982, 3703, 2188, 3622, 1890, 2241, 2716, 3793, 2340, 3492, 3846, 588, 316, 224, 3871, 832, 2145, 660, 1075, 1755, 3577]
Table 3665 Count 31 :	[137, 2915, 3220, 283, 351, 10, 464, 2458, 3423, 220, 2793, 4213, 4086, 2877, 3758, 874, 1827, 516, 3665, 4168, 3843, 640, 44, 591, 45, 3455, 1865, 769, 112, 295, 1994]
Table 3723 Count 84 :	[2750, 2986, 680, 3829, 829, 129, 2861, 2318, 3395, 2045, 3392, 3154, 1479, 2599, 1656, 2879, 2059, 147, 1655, 2816, 3313, 3800, 2226, 1874, 2710, 40, 3802, 167, 915, 2350, 2706, 1391, 1626, 2697, 907, 55, 4058, 780, 56, 1274, 62, 779, 1515, 3096, 2808, 1968, 2129, 3089, 2500, 2923, 2499, 1707, 1014, 4200, 1168, 3357, 3086, 628, 334, 212, 1286, 2242, 3368, 372, 1671, 854, 1461, 2644, 3970, 853, 106, 2408, 2290, 2530, 254, 3233, 2897, 3985, 3588, 123, 604, 361, 3723, 2153]
Table 3733 Count 10 :	[3733, 170, 849, 4114, 3948, 3661, 2054, 1885, 2681, 46]
Table 3766 Count 24 :	[3766, 2820, 3794, 409, 1490, 1310, 3315, 3882, 4139, 4136, 709, 1332, 3124, 4112, 2459, 1119, 1782, 771, 2573, 3921, 808, 3858, 1213, 2453]
Table 3788 Count 13 :	[1670, 1733, 3343, 1396, 2143, 940, 770, 2020, 1418, 3788, 1106, 3519, 2392]
Table 3796 Count 19 :	[517, 3796, 201, 308, 1873, 706, 3737, 14, 15, 357, 2657, 2388, 1560, 22, 2519, 898, 3061, 2427, 930]
Table 3798 Count 16 :	[880, 1819, 4135, 1765, 1343, 3798, 618, 1392, 4140, 2289, 3182, 154, 812, 4121, 3446, 3755]
Table 3808 Count 84 :	[4064, 3825, 1767, 3163, 679, 2193, 12, 1361, 1497, 3540, 3808, 1783, 3266, 1348, 1891, 2026, 815, 3958, 4033, 1880, 2949, 4040, 2348, 2946, 2586, 1744, 533, 291, 1628, 3783, 3444, 2363, 1514, 2268, 1852, 1306, 3458, 2269, 1305, 1155, 609, 2815, 2130, 1299, 3638, 1572, 1300, 3081, 4022, 625, 4016, 1172, 216, 3894, 3060, 3077, 3891, 3063, 3890, 998, 3488, 3129, 3372, 505, 3255, 232, 3847, 3499, 2771, 1672, 379, 4170, 1083, 1203, 1440, 1685, 1085, 490, 1932, 486, 602, 1455, 3244, 1793]
Table 3817 Count 64 :	[2615, 3284, 2751, 3287, 2855, 3709, 3396, 4146, 2598, 2734, 4144, 2864, 3145, 3276, 3817, 2110, 3320, 3562, 2944, 4051, 3452, 2566, 48, 2971, 3179, 1868, 3174, 2481, 2485, 1998, 4060, 2367, 1379, 2814, 2504, 1167, 1832, 2249, 2522, 2248, 1835, 3759, 92, 4029, 1829, 1043, 3079, 1962, 1338, 1941, 3258, 1056, 3385, 1200, 3386, 3718, 3039, 1920, 2428, 3024, 3241, 1931, 2275, 2638]
Table 3831 Count 2 :	[3831, 3907]
Table 3837 Count 4 :	[1833, 3819, 1230, 2432]
Table 3842 Count 15 :	[2374, 3614, 1156, 278, 1737, 2383, 3842, 3424, 3599, 3627, 3002, 2450, 814, 1862, 2691]
Table 3855 Count 6 :	[3855, 3747, 3797, 1092, 432, 3334]
Table 3873 Count 1 :	[261]
Table 3885 Count 4 :	[3973, 207, 176, 3806]
Table 3889 Count 18 :	[3224, 558, 4172, 4106, 376, 711, 2869, 2082, 3035, 4150, 2753, 416, 722, 3590, 723, 778, 724, 3889]
Table 3917 Count 15 :	[1186, 1458, 3098, 3439, 3917, 3565, 1503, 3978, 285, 3961, 535, 2189, 3964, 1247, 2484]
Table 3923 Count 23 :	[1066, 1881, 1099, 2888, 3743, 3531, 2739, 3230, 3768, 2168, 2624, 3963, 2567, 3568, 1415, 3923, 3170, 182, 2544, 2333, 965, 964, 3722]
Table 3929 Count 16 :	[2166, 2441, 1406, 443, 3801, 3980, 2257, 4076, 3929, 4083, 2021, 3388, 1055, 603, 542, 3546]
Table 3949 Count 36 :	[275, 3711, 3949, 3100, 3521, 67, 2502, 3874, 2936, 389, 1728, 1526, 1544, 580, 3677, 2887, 1190, 920, 1189, 1523, 3666, 3188, 3905, 2825, 910, 2083, 2352, 3387, 4116, 2968, 2631, 1799, 177, 3584, 3304, 3029]
Table 4012 Count 18 :	[2404, 926, 1580, 3192, 4207, 4012, 281, 466, 319, 1030, 1321, 3869, 975, 3237, 543, 4153, 2274, 931]
Table 4027 Count 49 :	[610, 479, 206, 1154, 4071, 412, 818, 413, 3088, 1010, 3750, 393, 3000, 2053, 1786, 933, 3682, 3483, 1281, 330, 691, 4027, 2030, 757, 103, 1339, 175, 39, 2579, 2953, 1342, 3610, 3428, 3259, 43, 3844, 3325, 1812, 1528, 3911, 1395, 911, 2626, 3663, 1144, 1797, 3168, 3925, 363]
Table 4036 Count 33 :	[2438, 3942, 2390, 2052, 3745, 2797, 4019, 1651, 3953, 4030, 2722, 1046, 1285, 3318, 2540, 1065, 2542, 1070, 1460, 3374, 4036, 2769, 2889, 2590, 3910, 2827, 1947, 3563, 2555, 2211, 4062, 2689, 2547]
Table 4047 Count 44 :	[3165, 1642, 2675, 1912, 2809, 1493, 3461, 2676, 3876, 1711, 2380, 1909, 2859, 2656, 2799, 2729, 3356, 2245, 2876, 1648, 4024, 3687, 1242, 1243, 3792, 790, 924, 2778, 2298, 1886, 2342, 2831, 2415, 4047, 2468, 1876, 3575, 2835, 1681, 1386, 2562, 2209, 2424, 1454]
Table 4075 Count 33 :	[2810, 205, 746, 3644, 3280, 4072, 4075, 467, 2259, 3700, 1953, 1955, 1954, 25, 3411, 638, 4099, 2886, 2713, 989, 1194, 2947, 47, 590, 3991, 669, 190, 3508, 1086, 1146, 599, 899, 1452]
Table 4077 Count 26 :	[274, 1761, 3399, 4205, 2621, 130, 4077, 2185, 868, 562, 764, 1964, 3486, 3547, 3078, 798, 1811, 3657, 1557, 3173, 3651, 2276, 4124, 1795, 1863, 2092]
Table 4081 Count 13 :	[4081, 1822, 3912, 3083, 3223, 3581, 2516, 2651, 2517, 2483, 2575, 3273, 2570]
Table 4089 Count 17 :	[2508, 3402, 1665, 1023, 2292, 2075, 526, 3397, 377, 1898, 320, 993, 4089, 4125, 1623, 896, 3685]
Table 4094 Count 9 :	[2488, 3795, 3919, 2725, 419, 3240, 2430, 4094, 3468]
Table 4095 Count 4 :	[3620, 3601, 1107, 4095]
Table 4101 Count 17 :	[2511, 3827, 3526, 4101, 3535, 2503, 1434, 3330, 3696, 496, 3941, 3600, 3976, 2870, 3692, 457, 1690]
Table 4117 Count 77 :	[4065, 548, 4069, 1646, 4134, 816, 2311, 2071, 2608, 2040, 1366, 1774, 3005, 2868, 3967, 3277, 3550, 1105, 2995, 3557, 2007, 2709, 1534, 3566, 1393, 1743, 1256, 1148, 429, 4117, 1871, 53, 2699, 58, 1619, 3576, 3578, 2486, 2913, 2132, 2673, 1424, 339, 473, 1979, 2138, 864, 3355, 867, 2115, 1040, 1724, 997, 3754, 1456, 3615, 714, 2163, 3608, 233, 3983, 1328, 1063, 3260, 1061, 1945, 2421, 1082, 3989, 1445, 3713, 3715, 3116, 2548, 3515, 606, 3993]
Table 4119 Count 176 :	[2201, 2, 3, 4, 5, 6, 7, 8, 4138, 3294, 1906, 2979, 4147, 1116, 4084, 1112, 801, 2730, 20, 803, 3003, 2727, 29, 2721, 30, 35, 2235, 788, 2236, 1403, 1128, 1129, 2715, 42, 2950, 4042, 797, 2704, 3805, 4111, 1866, 772, 1149, 2216, 4119, 3296, 4120, 2210, 3786, 537, 3789, 536, 3791, 1136, 4196, 4000, 887, 4193, 1298, 3465, 4014, 3470, 4011, 2496, 85, 3751, 2795, 1048, 324, 2525, 1294, 3068, 4211, 1593, 1831, 3213, 1044, 637, 851, 2303, 375, 3972, 1816, 1329, 1331, 856, 835, 1322, 2559, 116, 839, 2553, 3997, 3031, 121, 2758, 414, 2308, 954, 681, 406, 2616, 3393, 2323, 395, 941, 3148, 3422, 2050, 2327, 696, 3146, 3147, 1472, 932, 148, 928, 3196, 3679, 3664, 919, 1258, 1530, 3185, 3909, 1745, 1986, 1271, 3658, 2080, 2087, 191, 2359, 1278, 3649, 657, 1996, 2093, 2674, 2372, 3643, 3641, 749, 1008, 2682, 2926, 3332, 740, 1437, 1718, 3900, 761, 459, 1419, 3892, 2395, 1181, 2669, 239, 1668, 1459, 2401, 501, 1679, 2650, 3364, 3597, 970, 252, 3113, 1201, 732, 2147, 973, 735, 3589]
Table 4121 Count 8 :	[1582, 186, 2117, 1985, 2310, 3379, 2695, 1095]
Table 4122 Count 27 :	[71, 4195, 682, 2142, 1569, 2462, 1109, 3278, 4158, 2603, 4159, 3732, 2641, 238, 855, 4161, 3434, 2004, 1950, 1384, 664, 248, 768, 2480, 3247, 847, 845]
Table 4127 Count 18 :	[850, 3197, 745, 1917, 3401, 3040, 4174, 3471, 4044, 2013, 3867, 114, 1353, 4122, 4191, 2938, 3348, 4127]
Table 4133 Count 27 :	[411, 69, 1370, 4133, 1094, 1227, 947, 258, 1897, 1780, 2124, 1726, 692, 3351, 1344, 2452, 713, 3198, 1249, 583, 917, 436, 4108, 1804, 720, 3922, 481]
Table 4137 Count 23 :	[3826, 2099, 2300, 1641, 2712, 3553, 3552, 4038, 4105, 4013, 4137, 3091, 1231, 1769, 1638, 3092, 1719, 2625, 1657, 3242, 3952, 2157, 180]
Table 4154 Count 43 :	[3527, 3945, 3887, 2679, 3222, 76, 1980, 2803, 1093, 3095, 3901, 3689, 3746, 3417, 2055, 3416, 2461, 3415, 4154, 695, 3895, 3957, 90, 3674, 513, 650, 3375, 3360, 1872, 587, 1673, 1605, 1740, 3602, 356, 3870, 773, 3987, 1562, 362, 3654, 60, 2272]
Table 4169 Count 32 :	[3292, 3226, 469, 1840, 2685, 2046, 2437, 3965, 158, 1245, 1110, 572, 1892, 271, 99, 1818, 651, 310, 707, 4169, 1122, 708, 642, 775, 2760, 2217, 1991, 3297, 2220, 3311, 2688, 2569]
Table 4173 Count 29 :	[1762, 1495, 1034, 1914, 959, 2612, 2141, 2623, 3329, 2048, 1411, 1414, 1413, 1352, 267, 171, 3254, 2818, 4173, 313, 1738, 2652, 3716, 730, 2629, 1988, 2425, 1688, 1316]
Table 4175 Count 80 :	[822, 279, 2069, 1644, 1218, 3698, 556, 2977, 1363, 3529, 566, 3815, 4088, 387, 1108, 1111, 265, 3412, 3681, 3956, 3544, 568, 2718, 2956, 33, 3429, 2231, 523, 3301, 528, 2360, 2843, 4007, 744, 2672, 1304, 1036, 2371, 197, 2261, 1163, 4204, 3770, 192, 1029, 2497, 4023, 767, 1006, 765, 635, 1725, 2514, 1337, 3609, 4160, 3851, 716, 507, 2533, 2648, 3122, 380, 4175, 1542, 3498, 3990, 3717, 2552, 1923, 597, 3866, 734, 1800, 3714, 2766, 3864, 1694, 2754, 4187]
Table 4177 Count 42 :	[2306, 3885, 4004, 1492, 338, 4068, 415, 3055, 3520, 131, 280, 3532, 3231, 2927, 152, 256, 3472, 697, 2521, 633, 3413, 453, 2720, 3369, 2003, 2880, 1248, 4102, 3740, 1810, 774, 117, 3180, 909, 4183, 3389, 2902, 4177, 904, 1992, 3859, 725]
Table 4195 Count 1 :	[1264]
There are 151 occupied tables
