120
48
48
241
44
44
48
250
233
57
272
48
272
44
173
48
44
44
44
57
57
54
251
48
54
276
57
398
48
57
118
120
62
44
44
276
120
245
151
150
239
120
317
33
44
179
113
398
151
184
276
120
172
54
259
245
127
120
33
239
259
33
150
109
115
150
239
230
81
235
120
276
120
127
28
49
156
259
259
230
310
308
141
205
234
33
260
151
159
244
116
19
44
120
34
151
211
141
259
113
148
310
49
151
33
283
109
246
259
33
259
211
120
62
109
259
113
154
183
80
173
259
164
271
126
63
49
116
120
141
158
125
125
239
239
41
307
292
246
108
54
233
120
53
243
44
33
68
176
238
293
33
241
129
238
25
44
230
23
101
412
150
101
44
259
34
215
70
398
42
115
44
259
148
151
398
108
254
153
120
112
211
33
276
38
151
300
271
151
211
48
162
49
259
230
33
69
42
141
259
116
116
109
230
371
109
259
259
87
45
14
246
49
60
109
83
112
251
120
79
239
190
152
123
151
116
395
271
115
29
120
154
101
78
78
74
259
116
257
141
233
25
47
42
259
4
141
259
111
238
239
120
125
70
234
82
115
152
152
49
49
109
109
139
255
111
58
152
34
49
115
259
234
257
70
293
8
152
141
230
239
109
167
115
239
259
259
90
245
244
312
259
234
259
2
34
76
159
239
34
83
112
44
154
188
49
300
158
45
148
318
259
111
44
234
5
57
71
19
259
40
234
230
34
169
152
49
40
259
152
300
259
259
236
51
141
111
49
69
167
310
302
116
95
259
273
152
173
259
159
57
229
37
21
115
34
41
120
205
155
300
141
2
38
9
159
43
40
95
267
159
234
79
67
70
188
158
162
9
109
22
39
217
32
318
173
120
172
49
234
67
148
70
211
120
34
32
173
101
205
72
70
312
76
71
188
249
152
70
275
206
203
162
74
154
273
90
275
259
40
298
148
49
173
49
44
70
9
188
32
163
230
152
44
108
234
140
8
148
41
120
67
244
230
111
120
230
103
160
22
318
204
34
44
40
239
49
259
108
45
105
22
98
234
92
318
49
294
70
129
70
106
140
141
155
123
38
95
49
111
162
31
152
318
40
95
109
40
259
150
204
123
111
397
259
259
142
70
239
70
307
154
294
152
106
304
40
263
159
40
108
270
32
101
41
92
70
72
4
259
239
152
40
212
101
90
38
22
120
306
120
293
111
111
115
150
259
239
70
16
293
32
38
307
40
109
92
22
73
253
73
34
173
40
70
100
95
324
40
188
92
72
41
3
24
152
39
161
153
160
347
159
70
92
70
234
108
40
198
234
239
30
263
257
152
290
98
76
211
143
259
110
241
307
259
239
160
49
204
173
41
398
160
78
304
71
40
71
317
106
225
71
95
34
22
40
335
44
152
143
120
34
46
49
141
18
40
191
111
70
152
299
150
157
92
22
70
234
146
40
324
193
70
204
190
200
234
208
335
201
190
204
190
190
190
120
111
67
207
234
159
323
152
335
40
148
201
261
335
239
154
70
190
158
70
22
162
40
307
79
28
68
4
335
151
405
106
40
92
152
155
70
92
106
71
140
92
244
173
200
140
318
70
290
71
78
72
152
71
160
95
293
318
293
307
234
108
88
320
70
81
33
70
191
307
70
160
238
259
158
148
40
109
234
203
262
76
132
141
239
205
22
239
309
71
183
73
141
92
49
239
141
111
202
271
202
120
160
233
8
41
142
152
170
239
154
26
151
84
98
239
95
290
70
244
270
141
173
173
304
141
105
70
108
233
64
199
70
190
94
141
207
273
160
324
309
139
173
70
320
211
88
275
275
71
160
335
214
259
301
64
173
92
70
48
263
304
259
84
106
157
301
70
120
143
70
183
70
105
70
71
259
263
187
205
92
40
92
293
239
106
318
10
290
70
44
92
40
140
271
133
61
307
120
71
70
132
2
71
120
33
120
94
153
89
22
273
44
300
141
116
70
140
139
54
73
154
120
311
240
9
211
44
155
159
71
189
62
250
34
40
136
320
92
40
189
75
120
33
271
72
239
215
40
290
84
143
73
154
70
292
136
26
129
173
157
92
283
169
239
120
398
92
70
92
154
295
414
318
141
290
315
167
155
120
198
259
83
240
92
338
32
34
95
316
188
120
152
240
273
88
260
263
158
173
290
189
92
157
70
264
139
120
190
70
140
75
214
95
53
140
263
164
54
70
92
40
129
315
84
160
210
131
233
105
237
259
290
18
300
173
111
160
70
173
70
263
88
80
70
85
106
10
290
248
54
44
164
290
33
238
92
48
26
5
140
84
151
95
5
141
233
189
148
10
160
215
290
142
335
141
34
290
84
84
70
49
84
84
70
83
70
140
190
213
174
83
109
145
191
188
140
143
67
53
230
190
290
398
215
33
57
9
273
161
269
321
321
205
70
205
251
259
267
58
129
95
73
92
115
70
152
153
44
239
364
70
259
352
46
41
