173
265
54
239
92
230
314
259
261
44
230
398
292
48
48
108
211
188
233
188
49
49
70
167
239
29
167
293
230
275
150
40
188
238
259
49
314
257
167
150
259
208
114
230
41
230
267
158
88
152
33
44
239
150
230
31
290
314
158
41
234
71
39
244
41
234
300
230
238
230
241
108
230
169
168
369
230
183
159
308
32
230
95
230
230
239
44
109
230
106
44
150
152
9
336
35
152
136
152
230
167
49
293
148
155
259
293
148
259
259
2
114
108
54
74
336
24
230
95
151
152
141
49
22
259
105
71
67
293
230
239
120
152
33
111
230
22
73
40
336
49
32
336
152
241
49
57
152
188
150
49
125
230
230
300
49
239
116
200
180
239
10
307
293
307
259
68
38
234
336
76
4
230
150
238
49
158
155
118
120
38
246
308
233
49
152
300
259
162
259
70
318
153
120
152
65
120
111
230
155
120
241
230
243
336
120
116
38
29
108
234
259
259
80
116
80
38
48
109
239
44
120
300
284
35
120
33
230
95
230
118
49
109
101
141
234
38
120
170
233
152
247
49
38
2
41
120
40
300
300
49
49
118
306
336
233
62
336
71
230
230
230
120
109
300
150
230
40
49
259
230
233
259
109
318
116
43
211
49
259
230
293
230
246
243
22
109
22
239
49
70
71
234
49
173
239
38
120
33
152
40
152
186
71
22
318
101
216
57
239
24
150
109
159
271
244
111
35
239
150
10
76
336
200
108
259
67
230
226
239
239
239
33
239
120
162
40
157
157
24
230
246
290
300
32
115
32
267
48
2
67
230
336
238
150
49
151
34
32
49
118
207
234
71
67
8
33
154
159
159
152
40
114
294
24
238
152
35
71
273
32
40
267
234
152
275
179
22
49
49
49
159
49
152
239
31
230
161
115
152
318
233
105
159
44
2
67
106
405
90
152
216
33
70
111
49
238
120
152
152
49
230
230
271
233
32
39
22
236
83
234
230
109
70
111
230
92
239
78
300
230
294
40
118
152
239
152
120
22
8
71
214
261
229
234
49
241
95
318
109
291
49
32
300
113
111
69
76
74
299
212
200
234
152
40
32
243
113
243
234
9
116
161
106
152
152
240
167
226
120
152
120
120
170
120
234
40
111
230
120
155
4
111
160
71
316
150
259
91
257
35
120
151
259
71
120
287
22
279
238
40
300
230
105
152
8
290
230
153
371
314
106
2
300
293
304
188
38
287
239
233
239
239
261
239
160
22
283
259
105
234
104
73
240
106
275
152
92
230
257
44
120
38
115
120
269
120
71
31
70
299
234
37
309
160
230
152
336
71
73
230
109
70
49
95
49
243
152
151
230
121
304
111
73
71
108
293
120
133
26
71
155
145
234
76
40
150
160
152
118
160
152
71
140
109
159
111
40
115
40
239
151
2
234
108
139
120
35
318
44
9
73
73
304
148
49
239
71
141
22
8
49
120
239
160
49
241
152
22
160
49
78
40
139
304
152
230
71
106
154
98
230
26
269
95
151
161
174
290
92
40
244
32
95
273
22
378
293
271
307
95
318
307
309
71
113
318
239
151
160
152
40
323
255
336
151
40
41
29
111
302
8
160
241
244
95
273
120
67
70
271
233
238
150
116
52
120
314
34
40
120
40
318
32
307
307
76
201
40
160
216
92
120
18
26
120
152
29
200
336
243
4
234
336
112
44
309
9
73
83
34
271
67
230
65
49
253
233
304
283
32
120
76
40
230
140
40
239
22
316
22
70
92
22
92
152
318
158
152
161
244
230
120
120
205
70
239
141
38
71
318
95
336
44
120
300
244
108
161
160
230
230
105
318
9
120
133
238
34
71
32
92
40
120
40
310
22
230
234
22
95
152
160
161
40
49
210
164
214
314
79
71
133
95
40
71
6
71
111
71
49
120
111
76
378
139
271
271
318
83
318
22
67
190
71
150
26
70
70
40
190
284
160
92
148
246
106
29
34
45
38
108
49
24
200
34
120
152
271
141
34
8
111
8
292
250
158
32
26
198
157
148
152
188
92
111
69
49
34
105
71
9
70
47
318
289
291
336
71
71
32
111
200
160
35
300
67
33
37
312
26
49
95
189
71
239
229
34
35
234
4
153
107
120
26
40
71
290
40
320
259
34
306
152
259
73
32
294
9
70
152
241
109
92
318
54
109
63
318
318
16
336
160
215
61
230
24
279
92
22
34
16
52
95
239
152
160
259
277
88
8
318
188
26
67
113
26
84
74
24
95
71
76
92
95
290
160
160
111
160
49
40
36
26
120
143
92
234
111
8
159
41
105
152
161
92
32
161
73
230
92
120
227
116
134
159
257
244
40
73
155
22
71
9
70
57
230
48
67
239
230
238
50
239
239
32
32
157
190
230
34
95
26
92
34
34
293
22
293
290
40
160
259
67
161
9
8
32
314
239
40
92
120
88
234
95
118
414
190
200
191
26
335
150
8
312
120
8
120
120
209
200
71
40
112
8
4
160
261
118
160
233
198
141
263
40
275
92
141
9
40
71
290
159
92
70
239
22
246
230
26
92
157
91
336
22
141
95
71
189
158
193
307
160
160
40
239
22
87
304
248
157
230
300
259
108
168
22
336
190
214
40
150
152
160
92
22
273
26
22
216
92
120
273
120
271
26
321
71
160
151
67
71
46
109
269
22
70
44
242
188
314
63
259
243
26
33
70
92
41
73
239
92
154
14
146
151
244
182
335
26
211
92
71
26
8
123
333
160
150
22
315
71
71
331
248
120
129
335
140
259
299
104
307
284
234
204
160
92
283
95
133
112
310
161
191
92
3
129
246
101
72
397
230
120
44
322
268
160
17
95
33
71
363
114
259
41
238
34
92
369
151
5
78
248
230
244
307
35
49
234
112
159
120
259
52
150
257
233
241
408
