148
54
283
234
398
238
141
105
44
276
230
92
72
44
250
151
44
66
90
153
202
263
159
247
307
307
398
54
44
243
239
44
44
101
314
44
397
101
296
154
70
314
196
70
240
253
70
105
158
167
150
70
70
239
67
300
151
109
120
276
259
68
64
120
33
259
32
44
120
54
152
336
259
259
61
251
259
259
70
103
259
259
70
259
49
229
70
162
259
113
134
259
159
44
120
116
259
33
120
223
101
70
33
204
239
49
172
167
259
229
143
167
296
10
115
129
64
269
48
276
44
120
44
44
259
239
44
244
150
108
44
29
51
239
43
33
243
243
252
32
49
257
243
44
44
44
48
44
49
49
162
146
136
159
159
49
38
57
49
150
211
234
10
151
238
22
117
62
38
148
38
111
318
238
324
8
16
65
241
41
141
39
120
49
118
113
230
120
44
234
129
57
246
33
62
259
259
34
9
118
44
118
233
239
68
239
259
259
239
51
127
120
167
293
111
118
253
293
230
168
141
44
234
8
304
300
118
294
4
26
115
49
398
241
300
300
300
120
150
168
186
233
276
33
112
44
40
151
151
54
211
259
73
203
259
120
148
163
234
259
227
61
190
247
90
40
234
239
44
22
159
160
261
398
33
239
45
196
234
120
259
49
44
40
22
239
118
314
125
125
234
64
109
230
304
230
33
108
163
109
259
112
148
44
129
230
239
152
151
51
125
168
230
109
41
49
33
246
253
8
318
44
246
49
257
259
203
251
44
44
49
405
65
36
8
304
49
334
2
109
146
318
283
120
32
44
230
152
261
267
125
33
150
267
44
57
300
239
49
123
259
25
33
239
67
152
67
40
300
31
293
2
120
33
125
44
239
239
267
159
120
49
40
95
152
44
61
44
70
150
263
48
246
67
234
29
307
35
44
29
27
111
44
44
244
108
239
120
259
200
120
154
70
196
111
234
234
73
148
230
90
29
44
304
148
323
31
223
172
221
175
76
126
259
68
234
190
54
49
34
90
8
111
47
251
244
16
144
109
114
307
259
109
68
31
214
257
111
111
44
49
230
44
259
115
44
44
41
234
29
239
108
230
196
44
239
190
92
152
44
259
259
159
259
72
108
101
49
83
293
120
120
120
292
44
29
144
118
44
64
109
129
307
120
290
152
49
23
151
31
51
33
95
247
304
44
44
54
44
95
55
123
41
230
125
115
267
259
44
35
241
190
259
25
108
259
113
33
35
188
44
59
307
69
111
246
34
70
8
293
300
111
31
162
238
324
41
307
51
49
259
233
90
44
44
44
255
259
236
70
70
115
33
48
245
236
49
169
150
70
92
173
101
118
101
397
162
234
35
20
120
65
240
115
21
112
304
168
44
136
109
76
159
120
57
41
238
153
229
8
67
290
46
239
44
120
49
41
49
33
247
150
239
118
125
300
230
243
125
304
150
150
239
259
150
112
111
335
159
74
111
76
159
120
120
259
33
120
44
44
44
211
27
49
41
112
243
152
307
239
111
62
152
152
259
74
95
362
125
44
234
275
95
259
33
22
241
8
120
150
118
2
230
234
54
155
33
114
112
111
230
41
241
108
241
150
157
43
267
40
263
150
81
300
304
151
123
67
120
118
8
304
57
156
252
120
263
120
54
48
57
8
148
246
49
324
49
152
233
34
216
152
239
246
4
33
57
36
298
307
67
202
33
125
239
8
125
307
59
304
109
34
293
151
318
44
157
314
300
324
259
49
108
44
40
14
241
44
40
111
48
300
40
109
49
300
69
300
28
8
230
243
67
44
118
184
141
234
108
276
31
49
189
38
108
31
239
41
310
154
316
113
300
243
257
241
111
239
293
293
118
239
230
118
48
300
34
152
234
33
259
34
230
251
233
259
20
36
8
148
238
150
314
150
120
290
22
300
246
109
152
67
38
300
257
40
111
159
188
109
190
255
150
49
307
405
241
48
40
150
92
118
41
159
189
227
234
155
336
95
294
167
234
108
241
234
34
120
234
70
141
190
54
234
152
38
234
44
113
92
70
173
34
40
33
120
44
44
44
113
95
95
9
129
72
40
293
300
49
300
304
2
234
49
40
249
181
267
44
44
108
259
251
40
120
95
294
150
159
120
304
16
152
41
8
259
48
44
150
70
190
196
234
125
108
259
70
159
95
211
70
190
198
152
162
109
152
239
211
146
211
205
44
335
193
123
44
190
190
159
159
57
300
193
193
50
50
4
168
335
336
211
190
207
316
189
120
190
44
44
202
44
44
141
40
155
76
40
259
211
333
73
9
234
160
190
234
111
34
49
324
150
239
76
118
159
150
234
243
211
201
201
251
211
201
211
49
201
211
188
201
211
211
158
211
190
33
195
29
118
115
120
95
405
151
263
57
331
335
355
188
70
233
216
71
61
251
146
201
201
193
211
174
201
205
22
201
211
211
211
136
189
397
141
201
201
22
108
32
44
44
120
317
4
41
44
318
307
307
307
239
259
2
155
113
109
201
190
111
204
189
190
201
190
190
211
35
153
307
8
300
33
307
8
150
243
241
112
118
54
339
244
246
259
230
190
211
211
216
201
211
201
53
293
4
259
114
236
35
120
201
188
201
90
201
120
190
211
216
173
109
152
259
234
230
157
40
40
40
40
70
116
229
32
22
230
29
239
233
150
159
111
33
29
307
70
70
188
125
234
22
40
70
155
241
290
362
159
338
307
35
211
265
211
234
211
125
22
190
40
41
70
155
152
234
70
307
230
40
95
108
253
152
120
152
152
234
234
22
125
70
125
155
70
241
57
307
120
70
49
70
152
44
61
239
152
73
71
318
294
148
35
2
300
193
275
95
120
65
255
31
24
239
62
62
95
95
49
92
111
253
49
229
236
318
307
71
234
129
90
42
246
32
238
40
307
71
32
95
152
101
92
259
92
70
150
152
40
259
108
152
92
111
239
249
62
335
49
40
95
70
113
159
118
70
120
53
205
113
310
152
113
95
40
179
150
49
111
150
158
92
259
70
70
150
83
31
155
152
120
44
44
146
157
92
405
152
255
41
40
2
57
239
120
44
34
95
113
38
120
8
294
90
168
44
304
234
8
300
2
257
33
2
276
44
160
71
95
120
33
32
293
125
49
371
8
49
300
121
230
300
259
32
152
71
284
152
8
212
271
150
49
40
150
9
153
234
2
152
70
22
113
229
22
150
70
283
111
49
159
261
152
259
216
73
152
111
40
31
70
95
140
239
309
335
272
32
159
40
152
65
308
141
246
293
120
307
113
141
154
140
158
205
243
52
113
40
49
114
95
239
40
152
118
239
152
150
35
120
34
34
287
34
26
35
129
38
24
114
123
70
189
154
307
157
120
70
234
71
38
290
151
70
405
229
76
112
241
151
125
40
54
18
71
105
234
273
257
362
259
152
300
109
300
111
34
300
8
246
2
33
230
120
120
120
239
120
114
33
36
65
230
293
157
152
38
111
236
150
158
40
113
109
161
161
141
71
10
39
70
8
29
54
259
70
243
16
333
307
318
152
65
307
234
108
109
40
271
111
6
111
40
108
73
112
316
307
239
267
44
318
300
2
236
317
48
40
312
307
293
230
243
234
8
120
111
111
32
44
152
233
35
8
159
304
40
120
300
335
71
24
152
306
33
290
198
70
241
70
116
111
79
113
40
307
152
155
336
217
33
306
152
76
41
307
70
109
120
239
122
150
44
40
259
239
34
31
320
230
71
44
113
71
34
22
120
234
152
312
239
255
120
84
44
44
73
120
334
294
14
309
300
253
40
40
49
44
44
159
32
111
239
44
271
64
48
74
70
2
198
150
152
120
150
189
151
40
238
109
71
9
32
188
9
54
118
33
92
188
152
150
111
173
108
70
148
71
70
246
263
234
41
312
109
22
307
26
230
32
239
120
40
371
40
43
300
211
49
44
52
414
12
304
143
40
71
152
150
307
40
120
239
71
70
22
111
304
40
43
81
92
118
230
299
70
257
271
259
283
44
141
49
200
105
200
288
203
160
113
92
153
336
334
41
290
159
38
71
318
34
306
335
32
95
191
143
306
152
263
239
205
92
44
3
388
234
120
95
154
8
318
65
105
44
37
188
9
362
76
241
70
288
239
22
106
141
76
307
230
224
67
22
71
385
234
151
50
70
44
227
335
106
125
70
40
101
111
239
44
1
46
307
157
71
152
163
108
26
288
244
8
120
44
259
290
307
179
244
111
267
90
43
293
173
76
8
239
40
257
6
259
175
304
42
139
304
307
10
26
120
173
71
78
34
40
18
26
284
70
73
70
293
155
160
106
294
95
33
307
70
257
293
106
22
307
160
89
40
43
230
283
76
211
288
40
160
162
273
114
111
44
397
276
171
259
70
150
60
92
293
32
239
250
271
34
309
145
293
19
18
71
16
307
18
148
92
158
40
293
294
293
111
95
208
198
70
208
111
120
40
44
35
40
121
307
152
259
129
247
33
159
92
67
12
70
405
120
160
132
33
318
141
234
239
120
320
141
92
43
160
230
230
243
73
152
18
18
95
132
234
111
71
150
70
160
70
22
318
120
238
40
175
120
32
244
293
36
49
20
78
263
95
248
152
76
276
44
241
251
92
159
232
263
70
34
73
123
211
320
288
283
175
307
107
6
241
92
70
230
34
43
140
32
40
238
70
190
111
76
152
92
3
323
160
152
70
9
71
157
34
33
199
238
148
117
44
154
65
250
109
120
310
36
2
152
116
40
14
142
108
269
239
120
279
31
335
230
76
293
71
111
92
405
151
73
371
120
307
8
230
307
307
54
238
44
303
309
307
307
307
309
307
205
324
16
234
16
240
307
159
113
34
250
9
22
198
154
106
230
33
92
175
288
239
239
239
239
239
239
239
293
8
263
95
152
132
152
161
261
70
255
241
335
61
44
113
34
34
40
40
259
241
109
294
250
255
34
271
293
154
95
92
312
71
190
22
198
40
205
22
76
157
141
4
32
259
141
36
71
120
92
154
160
152
40
26
259
152
318
288
70
92
233
121
70
152
24
112
318
335
70
73
22
32
229
152
307
304
152
45
61
68
240
151
120
150
40
61
118
120
307
263
161
34
307
71
40
120
34
142
52
141
152
151
71
71
77
120
40
307
307
307
95
141
273
9
292
151
307
283
244
304
108
205
304
71
120
111
141
49
251
161
261
103
72
155
67
120
75
40
52
105
78
141
318
70
73
152
73
29
120
25
44
288
308
5
414
55
120
315
8
61
95
188
10
234
40
33
63
314
22
317
188
271
234
110
71
142
44
212
152
160
234
152
2
148
189
211
154
111
49
161
113
259
155
288
155
70
92
120
44
33
275
9
24
234
41
34
300
18
263
40
49
275
120
40
108
300
70
22
288
263
16
226
120
123
188
40
26
73
161
150
92
107
44
40
92
142
69
70
73
65
44
95
32
239
40
34
120
120
142
239
169
148
141
259
120
230
120
234
261
71
32
213
213
141
49
249
288
157
70
105
189
111
95
24
120
70
152
70
67
152
299
238
233
108
318
120
95
241
9
26
190
26
255
120
307
40
111
239
241
304
44
171
10
71
53
141
150
141
152
152
74
269
239
136
288
316
141
293
323
32
33
9
120
234
67
189
259
70
70
71
32
111
120
288
111
335
67
152
8
40
85
34
288
71
4
71
173
318
92
279
160
158
288
187
323
70
32
64
198
120
152
152
136
152
152
152
152
152
152
312
158
111
134
257
318
34
44
397
18
167
108
40
44
167
92
34
136
92
267
136
41
163
16
136
48
64
95
78
154
154
26
118
44
239
288
188
70
92
120
92
188
32
259
9
120
70
317
16
302
301
71
234
261
288
267
70
302
92
28
173
26
134
187
152
261
295
169
300
304
166
22
108
54
40
84
230
118
335
234
204
205
214
132
40
189
87
234
54
120
9
288
22
2
155
22
152
323
165
290
90
141
22
234
125
9
65
44
70
92
59
44
239
160
90
293
117
213
40
26
41
70
150
95
8
150
78
31
32
44
2
40
269
44
40
95
73
70
70
6
40
157
89
40
29
307
70
160
33
181
230
259
155
120
259
35
40
136
290
398
239
324
34
143
251
71
40
101
292
288
70
233
238
33
160
40
43
200
310
120
4
140
317
186
247
234
26
38
44
276
160
70
239
40
300
320
40
261
152
287
129
141
251
247
34
40
200
167
44
190
158
40
200
230
215
290
108
112
290
118
70
312
36
67
68
188
44
103
71
14
290
158
71
136
120
10
234
239
263
244
288
136
109
300
141
290
250
108
158
139
300
78
43
198
71
161
234
234
141
40
202
160
154
140
160
241
70
68
37
120
44
120
70
290
318
108
34
296
95
120
136
234
141
40
318
208
121
8
34
9
299
57
261
73
198
70
241
9
29
22
167
70
92
8
9
71
4
28
2
158
64
239
95
107
120
202
92
6
239
40
71
151
259
239
320
70
239
44
161
157
70
22
244
44
234
290
70
287
300
108
44
184
120
239
167
414
104
81
70
73
73
18
9
123
99
211
216
151
92
259
40
141
70
367
8
301
35
44
279
320
233
120
61
275
293
279
257
40
320
188
120
160
92
239
288
70
70
71
50
373
320
22
246
310
141
71
22
63
300
44
61
61
71
239
320
259
234
22
160
208
299
189
18
250
95
120
70
160
92
2
298
152
92
84
371
157
99
64
190
290
8
76
243
54
300
35
94
8
40
92
240
179
314
70
70
139
70
77
175
299
230
233
318
161
121
240
92
104
54
317
290
54
120
248
120
109
61
120
290
40
113
276
92
161
89
292
152
300
92
162
99
92
101
44
70
8
253
101
92
190
292
5
290
35
290
95
92
304
71
64
26
239
64
95
248
54
200
141
8
71
44
49
26
221
240
288
221
152
29
239
106
211
8
40
44
120
118
20
288
120
299
58
29
239
92
159
84
198
259
6
290
132
170
175
221
276
211
73
318
113
22
70
105
94
158
44
318
86
290
310
120
44
318
92
107
202
92
318
184
141
92
120
239
69
9
261
307
92
34
26
207
49
120
190
414
46
2
44
320
40
288
263
161
208
162
161
267
70
189
213
238
158
73
173
317
398
6
306
125
162
160
273
72
73
22
40
92
133
120
240
44
290
44
40
70
208
318
63
307
211
211
92
315
213
26
13
314
9
13
213
70
239
213
157
215
251
276
320
143
154
157
318
248
44
323
18
202
198
190
253
290
69
106
120
321
321
321
321
321
321
321
321
70
8
73
73
5
146
64
54
1
61
215
70
159
290
323
157
255
24
150
190
159
148
62
221
205
44
244
249
36
44
239
288
59
248
22
26
318
26
397
288
290
152
154
61
205
71
36
234
181
22
151
334
157
157
72
213
261
84
70
161
26
59
92
71
250
95
95
190
71
141
239
159
251
44
239
223
188
123
263
159
160
201
70
70
92
40
59
70
117
234
335
234
44
10
240
38
95
335
53
315
89
101
112
397
33
307
148
61
239
172
213
158
137
248
152
171
328
283
120
290
120
259
320
330
327
120
335
159
120
335
287
35
165
44
160
92
95
120
140
292
101
290
246
290
279
44
320
318
290
213
27
160
33
326
44
120
125
108
148
335
324
314
150
61
255
70
10
34
70
299
246
335
149
44
338
259
109
249
52
166
240
378
70
59
362
44
70
307
299
46
299
288
44
59
33
335
205
213
398
288
33
221
11
230
70
61
238
127
118
44
52
44
246
118
