48
48
70
57
257
159
120
246
115
314
61
33
259
109
307
31
150
115
115
150
111
115
314
34
314
314
167
243
304
16
259
120
318
158
229
120
230
230
67
230
150
129
83
49
2
44
116
37
29
245
146
234
111
112
26
148
125
240
9
230
111
33
71
111
182
246
70
141
246
234
115
398
159
109
112
229
116
398
173
116
150
133
11
37
148
114
315
317
109
246
90
41
59
267
111
4
58
113
259
167
259
70
300
239
141
264
49
246
115
120
34
67
120
150
284
230
241
307
240
307
148
245
307
167
314
92
109
307
70
362
259
259
120
315
241
307
308
5
109
159
49
38
49
271
54
155
300
59
307
246
307
111
104
41
246
70
259
141
33
37
38
40
116
241
72
233
49
318
150
111
111
120
188
246
246
239
294
159
307
259
116
57
116
243
300
373
113
59
263
259
32
49
37
8
34
115
70
108
244
314
239
115
259
70
259
230
71
140
111
152
111
236
49
234
230
307
8
67
36
26
115
70
230
336
257
154
35
225
259
70
154
293
39
225
70
108
241
33
70
49
71
294
111
300
76
34
159
26
68
230
348
113
200
304
115
51
234
259
246
115
48
152
152
307
307
230
234
35
154
335
230
29
243
193
35
369
259
84
239
108
389
230
90
132
211
152
238
22
34
8
318
141
243
113
16
158
95
234
22
70
199
70
40
140
362
71
259
24
75
51
95
70
92
152
22
362
35
259
70
246
162
111
160
8
67
27
49
40
259
108
293
78
115
49
152
31
70
304
230
71
304
273
76
8
160
70
316
129
230
402
76
39
238
38
304
8
49
70
234
40
23
307
335
111
31
159
111
150
72
104
61
111
18
78
36
78
8
78
31
267
40
73
33
234
307
152
259
63
300
169
154
71
71
67
152
307
49
70
111
239
390
76
76
92
106
151
158
103
246
49
161
152
173
49
259
70
230
79
38
58
40
230
239
141
40
90
8
33
8
8
259
70
28
70
159
70
22
300
65
6
259
162
67
271
335
405
70
238
402
22
22
35
241
239
306
95
335
106
40
155
293
293
111
105
230
63
49
152
290
148
2
389
26
306
70
154
24
152
32
40
70
140
307
22
264
160
73
2
155
65
5
40
159
71
22
2
74
20
95
148
9
108
35
414
304
12
18
8
298
6
32
152
306
155
71
371
294
157
22
131
73
318
34
246
6
67
35
35
259
336
49
323
34
2
318
67
238
336
43
41
254
151
190
259
112
293
335
312
230
151
32
323
70
112
71
105
120
8
246
51
318
32
36
259
239
160
120
22
70
76
234
51
95
36
188
161
314
26
41
70
72
70
62
294
111
39
70
35
306
336
70
70
70
92
246
40
70
323
257
12
92
273
133
239
259
236
73
40
294
318
33
307
132
111
31
314
275
8
32
108
239
70
134
173
234
158
307
293
290
336
106
22
62
159
92
151
152
159
8
131
37
49
84
70
11
160
40
67
31
154
22
293
89
84
234
31
18
169
294
47
26
33
335
318
304
106
111
71
22
190
33
210
40
161
155
40
150
306
304
47
294
95
141
35
16
47
34
8
4
42
273
230
160
8
40
78
47
49
312
120
157
112
155
249
9
29
371
187
140
34
160
67
35
16
160
238
234
244
159
9
230
70
116
22
307
304
31
369
275
95
29
53
369
263
77
259
105
3
284
160
70
293
70
304
292
22
8
34
160
334
71
234
52
234
71
141
78
181
333
304
92
22
293
239
239
71
71
95
12
6
47
306
208
8
239
92
92
312
151
249
105
239
92
33
245
105
259
71
155
111
37
2
10
318
78
139
33
160
92
261
108
160
160
92
105
140
157
244
320
70
72
34
138
191
328
92
70
8
92
8
40
238
141
14
133
316
300
92
318
210
70
70
293
9
307
307
70
34
318
34
136
161
198
312
318
255
259
26
26
70
161
8
71
238
318
324
304
292
77
70
34
112
111
71
151
70
259
70
158
71
74
323
40
160
70
108
141
160
148
11
40
159
192
157
158
70
116
70
189
148
336
70
369
293
270
40
120
95
95
190
92
234
70
70
70
22
159
70
111
85
259
333
92
238
111
71
304
261
159
53
84
307
115
70
160
34
304
234
371
273
40
157
141
26
244
310
71
40
275
264
73
8
70
131
140
161
9
34
78
70
3
120
120
179
333
36
190
259
67
299
333
67
8
8
260
111
40
8
335
160
70
40
9
335
173
70
101
120
18
111
376
70
18
72
160
55
198
16
92
260
95
315
72
70
234
405
69
160
304
151
70
233
70
259
190
77
70
316
141
315
92
26
362
14
275
318
34
92
259
117
158
92
70
259
370
205
141
190
168
160
70
161
234
308
160
70
26
161
284
84
308
71
157
157
40
318
92
71
70
84
161
59
53
16
8
116
148
8
34
298
92
159
264
290
8
70
40
95
158
70
111
95
244
71
173
239
376
40
335
92
188
71
71
70
92
22
137
37
209
335
92
290
161
70
150
161
159
9
71
70
225
71
40
151
112
26
22
141
284
314
70
70
70
161
70
290
77
70
78
26
104
44
95
157
70
271
39
70
318
70
8
92
92
230
234
26
95
16
141
70
155
234
318
9
9
158
92
32
160
40
151
143
293
275
95
95
260
92
70
71
259
88
72
88
314
272
22
67
72
70
160
64
148
314
264
92
141
259
159
70
157
70
151
40
71
70
34
290
141
160
33
140
71
5
157
240
164
26
70
160
271
70
67
320
262
159
70
6
293
148
32
70
22
293
22
371
318
101
109
290
161
290
70
70
157
70
131
92
67
92
290
67
157
259
157
78
70
77
157
70
78
16
70
70
70
32
3
158
44
284
161
70
10
36
323
158
148
254
58
225
70
69
72
16
160
263
161
92
32
269
154
320
270
17
290
284
239
320
92
34
149
106
161
111
335
249
26
9
159
32
31
70
120
320
18
239
85
70
188
160
229
158
8
115
259
140
67
26
255
188
71
26
71
151
199
67
139
246
70
84
275
273
101
161
173
22
92
312
294
70
155
273
70
259
274
120
92
160
36
159
31
149
160
160
157
70
310
127
259
90
356
70
284
120
22
160
98
70
157
70
246
64
158
72
70
52
239
246
160
40
160
29
264
108
72
70
10
315
239
70
44
293
39
70
22
131
294
134
362
198
335
389
24
34
270
190
335
71
70
335
88
18
9
22
259
95
111
161
188
330
151
70
38
34
335
238
141
49
70
31
322
331
273
239
260
151
84
92
157
234
70
35
95
111
92
92
160
44
294
139
154
264
141
115
92
315
414
211
92
304
18
233
22
9
74
74
161
160
335
234
112
335
160
154
70
70
160
320
229
92
75
38
92
111
159
159
243
160
70
159
284
95
154
160
161
70
327
320
244
284
1
338
62
105
49
70
71
64
320
141
154
161
159
52
335
335
95
10
335
293
338
10
95
159
72
259
5
294
312
154
213
337
307
72
320
207
321
159
70
70
292
8
70
70
151
70
315
320
159
35
292
146
71
320
230
70
276
261
35
92
234
158
70
26
55
75
299
92
244
307
150
159
320
59
290
44
308
284
320
140
272
40
275
154
159
120
307
307
154
72
92
120
116
70
108
77
37
8
154
250
315
151
70
299
70
70
170
239
336
247
162
234
335
64
159
259
317
398
140
233
51
233
49
398
70
31
213
290
111
204
118
159
39
273
10
70
35
35
252
154
