54
259
246
114
111
267
297
310
151
246
151
241
23
42
111
115
234
139
259
234
259
44
300
9
49
146
168
70
200
35
257
123
267
108
120
314
29
234
234
230
159
111
239
108
244
37
300
241
246
233
241
300
48
230
70
35
246
92
49
318
152
307
336
70
65
35
162
115
33
70
233
259
40
239
62
239
116
70
31
234
33
246
120
43
49
34
120
273
35
259
159
155
44
244
106
307
40
106
109
108
70
159
90
300
111
116
262
70
40
31
151
239
239
302
151
70
72
244
259
92
157
49
75
70
101
34
151
259
111
133
238
49
115
76
70
120
230
25
151
95
233
158
70
151
53
230
111
70
70
271
72
141
297
389
253
72
141
188
108
22
148
256
259
67
78
310
148
55
270
70
32
234
152
162
239
95
134
158
261
70
40
22
34
108
141
234
115
39
111
111
234
22
253
92
373
369
226
22
24
167
230
307
118
151
40
152
284
157
36
70
70
31
336
70
22
304
40
106
33
294
111
39
243
92
389
324
70
72
156
95
40
336
40
34
75
22
39
151
148
49
120
35
105
40
32
234
304
141
43
70
234
246
76
72
111
263
185
77
318
335
70
300
70
67
92
234
79
70
35
405
108
314
307
151
141
238
51
75
158
205
70
34
157
141
70
71
302
70
136
70
389
70
35
40
151
70
22
40
32
320
398
212
295
269
197
369
120
95
111
141
117
205
70
70
204
143
67
271
98
148
273
189
161
70
160
157
151
294
238
9
389
143
390
173
318
257
36
111
117
92
140
300
70
63
157
42
40
214
120
108
335
335
141
106
161
70
322
315
198
207
214
116
22
199
89
92
111
151
320
239
148
70
116
118
118
108
234
39
199
35
70
63
335
161
111
207
161
152
70
154
320
109
259
193
22
320
22
151
46
136
148
92
159
398
23
108
259
152
70
151
151
75
378
70
70
326
207
190
208
132
269
304
189
161
92
77
335
318
195
238
308
70
293
151
151
35
92
296
34
198
111
234
246
158
151
72
300
190
189
108
318
35
10
259
151
8
192
190
284
262
321
150
