57
267
57
44
150
314
150
246
243
33
120
120
257
120
151
120
120
257
109
120
120
230
304
141
257
241
109
293
120
33
239
238
277
297
71
71
120
115
111
33
31
241
64
173
243
181
111
230
150
307
48
239
307
116
150
146
186
362
170
120
394
309
307
239
70
253
72
307
234
314
307
68
123
152
70
318
310
49
49
307
230
259
113
67
49
234
70
92
152
8
259
35
226
271
8
244
70
49
152
294
18
244
307
275
259
293
120
293
16
230
8
245
294
67
8
65
234
108
307
26
37
181
168
311
67
307
22
293
300
120
311
239
40
307
6
113
8
26
293
41
22
16
162
314
31
22
24
259
80
78
67
16
8
314
69
314
111
253
300
8
26
158
307
271
40
140
239
373
8
38
243
49
294
261
300
71
8
120
9
230
152
314
32
9
28
304
101
152
71
49
336
293
152
95
150
70
43
70
148
71
18
18
8
76
95
120
29
211
314
8
47
8
259
159
28
34
71
314
18
307
10
67
71
71
152
311
92
230
309
20
259
31
120
362
261
259
8
259
49
300
307
26
16
152
8
79
8
230
40
239
314
151
71
51
159
70
294
32
106
234
40
78
95
318
246
67
51
244
300
160
32
294
152
8
8
8
70
70
173
238
318
40
40
318
310
25
4
22
92
234
307
40
35
40
8
94
314
18
8
259
259
200
32
335
106
314
120
307
238
35
307
290
259
362
67
60
36
18
294
95
170
170
234
26
6
71
63
105
307
160
234
148
309
364
4
8
290
241
32
34
18
37
42
148
314
5
101
234
18
16
8
111
307
141
43
307
244
58
70
44
299
16
16
71
70
157
304
273
162
157
40
293
164
44
293
26
20
307
16
8
159
263
12
40
92
92
38
76
26
111
170
67
111
307
307
307
70
70
36
234
26
70
92
18
152
63
244
18
290
264
139
140
241
320
307
34
249
307
189
18
120
290
109
92
170
314
294
71
72
14
67
36
95
300
70
275
105
211
109
70
157
155
8
304
173
304
8
238
95
154
150
70
70
293
136
264
16
70
25
70
290
8
8
16
314
73
168
259
293
155
75
275
314
241
33
34
170
70
152
8
75
269
46
63
314
170
373
109
38
259
318
64
78
9
320
236
22
157
318
257
157
236
75
294
157
26
80
249
34
307
304
307
335
312
244
73
12
307
9
307
314
241
71
95
314
44
314
307
14
152
44
259
8
39
307
92
157
127
36
26
67
180
70
34
189
95
8
67
14
309
92
92
76
57
244
397
167
294
77
79
67
72
337
307
170
95
234
320
307
120
307
170
154
320
78
246
49
140
