276
251
61
283
251
38
2
238
211
27
253
67
125
239
61
155
398
167
141
120
49
65
38
259
168
259
307
307
307
307
307
307
307
307
307
307
307
307
307
307
307
151
44
230
54
54
57
257
44
269
44
57
44
44
57
64
252
44
246
68
29
253
59
44
59
269
44
54
241
50
61
44
64
44
52
61
61
61
172
164
394
170
167
186
398
95
260
167
184
241
122
33
33
243
129
257
246
122
243
33
33
35
257
233
243
243
33
33
110
241
241
129
120
147
120
239
246
246
241
230
241
21
243
44
246
239
120
29
243
50
120
269
239
314
314
234
314
300
142
317
188
188
67
290
215
179
271
271
44
129
259
259
263
145
68
211
69
22
120
49
152
162
300
239
247
108
49
51
270
230
109
159
259
49
120
279
230
9
70
226
150
300
190
208
318
112
204
152
152
241
233
148
126
150
123
251
253
239
44
38
300
49
290
153
62
214
118
293
44
246
33
2
67
259
83
152
223
172
70
159
240
304
125
148
152
32
71
239
121
155
398
65
120
33
300
234
29
307
123
259
181
259
48
239
44
109
92
32
67
238
57
257
118
49
44
192
306
110
44
44
276
32
227
126
111
57
191
92
115
153
243
259
152
150
123
257
29
120
109
49
253
41
15
314
120
233
300
159
120
49
44
307
113
115
108
259
167
239
241
116
267
246
141
113
92
49
57
38
267
114
250
118
233
61
109
142
293
287
230
234
122
33
33
38
167
318
307
109
318
44
318
300
111
246
32
4
255
120
109
152
120
33
234
44
241
259
152
5
300
257
239
150
109
8
152
44
307
120
49
44
25
35
20
40
66
176
204
152
251
152
190
239
39
166
190
214
230
241
120
109
131
243
118
246
247
25
114
33
300
120
150
300
152
287
111
234
37
33
67
208
80
190
40
113
120
307
192
234
40
44
120
125
230
49
92
230
68
205
16
239
234
49
66
162
154
270
125
300
118
49
44
160
238
140
279
2
284
44
267
193
302
40
190
191
131
120
70
189
152
152
192
259
307
33
92
126
29
152
251
318
120
106
120
62
230
64
152
109
141
236
152
167
48
234
259
120
259
61
245
151
70
126
320
152
32
151
211
239
32
120
40
300
152
114
120
31
131
44
44
44
243
113
190
233
230
67
90
193
49
40
41
92
239
109
18
29
26
136
287
238
9
230
101
190
288
288
53
22
92
238
333
44
54
307
120
71
111
120
263
335
50
230
50
95
49
229
292
259
44
40
293
170
170
170
5
170
170
151
140
234
246
290
109
255
234
123
318
48
111
259
230
70
160
234
234
252
116
120
33
261
362
148
70
154
263
167
57
230
40
300
8
259
170
38
170
40
123
40
304
49
2
32
5
70
73
276
113
279
279
193
263
152
234
288
61
259
141
234
152
80
49
260
49
152
120
238
335
32
189
234
44
40
320
318
150
284
44
300
300
294
26
239
59
109
159
16
24
70
288
22
259
170
271
9
33
49
92
70
70
259
120
234
244
167
288
49
120
318
300
59
44
259
141
26
257
32
288
283
114
201
49
306
150
170
170
160
143
8
233
152
71
152
10
29
152
257
32
120
118
259
32
152
70
70
88
33
238
33
40
239
49
200
299
92
24
290
227
40
300
255
229
113
61
288
201
120
111
115
49
40
9
205
152
108
304
126
347
347
261
22
152
152
188
279
273
264
188
40
246
307
150
307
238
120
312
287
22
230
112
70
234
32
204
152
34
71
71
26
120
71
196
70
33
310
308
120
307
120
70
170
216
190
112
120
40
120
64
112
190
67
151
151
120
190
76
200
320
112
159
32
41
259
260
71
101
307
71
209
307
71
152
307
309
307
71
249
250
152
72
71
152
120
40
40
307
71
233
140
70
63
318
162
120
307
264
8
49
44
205
269
83
10
141
300
70
80
28
120
44
152
44
148
189
155
155
67
14
170
158
292
44
2
288
141
188
279
49
188
307
152
49
120
208
57
241
200
26
318
141
300
109
71
394
63
160
71
40
251
259
71
159
9
211
288
318
307
307
288
131
34
293
155
150
233
120
126
207
288
160
234
88
233
198
71
49
287
238
59
118
37
34
307
152
70
148
243
18
32
52
61
73
73
216
34
335
71
118
267
40
246
227
173
106
106
150
2
373
27
173
187
2
191
169
120
123
324
288
230
307
259
40
32
44
295
259
250
259
120
251
61
141
243
8
29
33
9
160
152
57
151
73
9
299
5
43
188
189
150
26
157
233
16
159
44
44
8
67
152
152
152
141
213
250
29
152
8
123
281
300
279
257
300
120
307
20
33
210
211
159
142
288
300
112
159
40
5
120
209
71
34
71
63
122
113
8
16
71
241
173
8
8
120
250
288
304
314
44
288
127
8
320
127
63
288
120
33
414
70
315
190
49
187
40
152
320
40
120
315
239
234
288
76
49
335
48
248
164
320
36
188
244
67
405
183
52
73
283
14
152
259
34
173
71
14
38
136
70
202
83
22
136
67
304
270
251
320
202
170
284
33
126
40
288
193
170
288
176
176
176
176
176
176
44
59
162
76
46
234
193
9
188
314
201
92
32
320
32
215
215
307
88
70
290
157
223
188
92
120
111
312
248
301
10
44
59
223
170
159
112
288
40
140
200
211
176
176
199
335
314
300
29
59
176
44
167
293
318
140
160
44
196
75
92
159
347
16
16
201
243
233
107
335
71
49
92
347
208
229
160
142
44
204
68
154
170
106
176
251
71
170
300
307
284
59
294
300
44
140
34
110
261
24
49
57
293
95
320
207
320
71
88
335
88
247
65
71
71
126
22
191
54
80
8
44
190
54
204
183
284
141
44
414
250
251
64
44
59
120
78
69
190
54
16
154
170
88
120
61
259
187
335
61
149
26
141
314
23
397
260
304
164
167
148
283
127
320
140
159
335
111
279
193
220
113
64
131
317
330
73
101
115
40
288
51
140
335
230
324
44
44
64
120
304
241
123
126
120
101
