120
233
259
31
116
67
108
229
31
116
246
70
230
33
234
210
118
120
57
34
118
108
307
31
230
239
226
41
120
168
148
234
238
259
241
230
148
230
230
31
292
234
200
163
160
70
111
234
257
307
120
142
149
152
230
307
152
33
120
257
163
314
65
92
38
111
234
70
159
304
35
239
300
70
155
259
57
67
230
294
108
70
234
22
113
307
125
271
183
157
307
148
70
2
67
109
35
152
307
176
230
307
259
239
307
300
159
70
246
109
25
300
152
49
162
35
234
67
33
112
230
257
157
259
271
115
234
125
24
22
120
116
120
109
151
230
238
230
307
70
168
234
33
40
120
299
307
157
150
157
152
152
41
8
8
168
129
70
95
118
234
95
112
40
371
65
152
115
362
31
152
38
188
150
33
40
238
95
141
71
41
31
49
120
246
230
152
109
150
120
32
22
70
152
111
229
141
226
38
49
150
113
230
26
304
234
307
40
160
239
90
70
32
230
158
49
152
111
40
33
70
109
120
293
307
71
34
238
230
243
299
120
120
246
152
108
210
40
71
37
246
105
307
234
152
75
40
34
71
120
120
307
32
33
9
152
307
155
246
32
226
71
35
40
307
70
8
230
151
157
293
189
108
80
2
230
115
70
155
152
307
239
2
318
120
91
71
307
92
70
40
150
40
234
246
230
300
324
307
120
152
152
33
34
307
92
176
80
198
8
307
230
155
257
70
120
324
188
72
109
243
151
69
70
239
141
31
300
32
239
335
70
259
320
152
234
51
76
70
152
197
262
5
22
73
371
33
71
211
140
104
307
150
92
70
31
108
71
115
70
106
71
108
315
137
271
106
157
70
31
26
290
142
31
40
112
70
239
70
106
31
64
234
191
34
230
140
90
307
307
373
307
307
49
307
309
307
299
309
307
307
111
70
234
271
71
18
150
150
70
151
238
31
150
70
307
106
152
120
115
49
70
29
160
34
70
142
154
22
70
26
148
157
307
307
307
70
152
113
70
160
149
307
317
182
34
34
318
32
8
140
70
26
155
70
70
73
40
34
307
34
111
290
241
230
257
73
70
211
300
22
92
141
230
188
70
405
324
150
71
92
160
70
71
362
120
160
92
106
40
234
40
120
307
165
108
40
70
92
259
34
271
284
241
152
70
71
112
241
70
40
270
26
173
49
230
70
106
70
232
70
75
115
70
70
70
121
205
40
371
376
89
290
92
70
32
44
120
71
92
155
8
108
111
32
26
40
70
309
70
155
150
161
300
189
37
259
159
67
32
70
246
271
151
70
159
189
9
273
95
109
261
160
35
318
140
161
70
239
336
318
18
230
71
300
335
70
290
259
40
273
70
160
70
92
300
300
49
230
92
230
140
230
152
92
70
67
299
75
39
160
22
158
120
33
40
230
92
160
108
40
70
335
70
34
239
40
233
271
70
323
70
71
152
65
40
140
89
157
70
70
197
40
230
8
198
95
114
71
70
208
22
70
95
95
205
70
92
70
120
70
221
259
70
151
140
140
397
233
239
26
318
299
113
70
151
190
230
336
9
92
9
290
79
120
120
161
160
160
335
140
335
70
152
22
172
70
24
142
4
161
193
233
157
150
300
188
198
150
388
157
157
336
335
95
71
246
230
290
200
205
230
152
306
73
102
307
92
26
140
311
120
307
160
73
70
108
92
335
125
373
70
290
105
70
95
2
95
125
111
9
70
71
335
12
307
150
95
288
70
159
105
168
328
328
275
34
141
160
109
324
318
44
132
92
248
137
150
122
328
320
328
318
204
22
70
239
320
159
239
71
243
70
260
321
318
140
70
367
307
92
301
109
311
40
318
70
70
337
356
152
131
154
26
230
92
335
243
299
369
335
76
140
229
299
284
40
311
92
84
86
80
288
381
129
290
321
290
