127
61
61
251
62
61
44
44
257
64
251
251
251
61
64
44
230
250
276
54
276
307
269
150
276
249
33
25
249
251
59
62
151
251
263
251
120
251
35
246
120
44
120
64
230
140
35
314
307
33
49
41
259
150
259
257
44
129
181
25
90
246
173
33
307
41
63
244
151
239
371
259
31
239
251
122
247
251
257
307
151
234
230
246
44
49
230
230
25
307
241
150
307
307
49
115
300
152
252
158
149
255
259
246
26
259
230
307
158
115
238
72
32
49
33
151
233
246
122
109
35
241
318
151
246
64
152
92
33
67
70
123
33
70
33
113
259
150
4
239
153
229
259
150
112
32
141
49
61
307
148
67
239
49
112
246
14
8
246
59
140
290
34
32
120
25
253
70
239
29
234
65
41
32
49
61
111
33
33
312
307
24
141
150
269
120
259
129
159
113
246
49
37
70
64
44
34
74
247
230
40
8
72
34
26
259
5
113
109
115
259
263
230
115
234
251
259
49
9
35
126
32
10
239
22
35
255
173
22
259
6
229
109
414
70
10
25
270
247
44
259
70
34
26
41
307
259
37
61
61
323
26
318
33
34
182
155
22
290
8
234
79
26
246
8
85
26
26
44
233
108
38
246
120
33
42
233
336
166
284
120
234
22
26
61
115
188
239
61
259
111
148
84
155
312
160
259
120
70
230
22
148
71
229
292
33
108
34
159
64
151
22
14
304
70
4
114
2
71
249
336
92
173
44
40
290
2
44
255
49
161
159
71
249
290
10
70
51
259
230
299
25
151
34
263
210
12
148
307
255
8
261
148
8
335
296
10
33
70
40
246
259
71
20
33
263
32
308
34
276
40
40
101
76
22
70
5
397
225
255
244
2
34
61
8
255
70
247
22
290
167
70
159
249
70
251
33
40
307
141
246
249
173
69
64
2
50
151
10
2
129
198
152
95
34
53
38
284
154
70
75
369
318
34
284
34
22
78
151
159
154
304
304
34
70
70
96
234
8
250
34
136
78
10
126
161
333
92
26
84
105
89
61
8
160
25
263
161
92
61
32
318
141
128
41
269
312
34
8
14
336
34
10
269
141
8
315
49
263
34
71
93
16
290
101
65
292
120
110
26
159
323
215
234
28
70
157
155
10
129
62
18
312
70
26
84
312
191
67
61
284
136
315
9
92
173
96
309
287
70
41
284
8
92
70
33
10
230
290
26
333
87
321
37
284
103
296
290
14
35
312
34
32
255
140
249
304
250
148
28
120
151
249
69
173
241
8
71
92
251
40
9
306
96
248
251
84
251
378
238
154
120
414
251
263
251
239
32
95
246
61
120
64
70
26
92
38
97
108
159
9
26
161
14
70
129
284
36
49
414
70
158
70
101
70
52
270
91
249
22
54
269
158
158
61
64
108
157
108
59
70
276
72
296
269
290
369
269
181
276
52
290
70
251
116
263
241
140
41
251
259
26
73
335
64
10
151
246
67
289
70
158
263
154
94
64
71
9
287
52
284
120
34
290
321
321
321
270
14
39
154
32
10
307
10
84
159
72
259
183
259
64
290
92
32
59
335
108
113
284
70
10
304
44
84
70
96
120
158
26
70
204
150
335
378
61
22
151
14
75
129
151
240
230
52
181
263
72
33
34
68
136
259
28
143
230
284
59
335
325
132
233
233
26
92
225
244
112
61
70
251
70
153
307
335
335
70
335
304
320
164
335
32
335
332
92
159
41
239
92
34
44
186
251
230
327
25
89
335
93
61
273
303
44
325
8
269
329
238
246
8
64
269
276
269
44
233
61
70
248
329
259
246
259
92
33
136
34
61
44
61
328
329
70
157
61
31
329
296
8
26
244
292
170
150
8
84
284
154
263
154
64
290
134
150
70
92
251
72
234
52
251
92
284
251
10
158
263
141
52
37
64
251
150
44
84
290
251
25
61
366
335
335
120
151
18
248
335
335
140
230
108
61
150
230
22
308
34
159
120
61
10
120
76
49
33
33
111
84
51
25
140
233
48
33
