251
61
54
61
251
44
48
173
257
130
44
269
173
117
250
44
251
250
276
250
57
61
173
307
44
44
61
250
250
44
61
44
250
250
276
64
163
250
276
250
250
398
68
48
64
120
243
251
54
48
61
120
398
250
48
44
51
269
57
61
61
120
121
251
64
269
120
259
251
272
250
64
243
54
241
252
269
57
173
251
250
151
251
276
269
398
250
44
44
250
251
44
44
61
44
125
251
314
314
179
61
269
307
44
239
54
62
276
113
269
259
126
44
259
44
141
158
25
129
239
259
70
61
307
239
33
118
44
276
109
115
61
49
28
125
126
28
44
61
113
259
129
120
57
178
70
151
304
259
239
57
44
44
44
239
44
276
166
252
229
263
233
247
153
33
123
167
116
253
230
141
251
259
120
121
239
259
120
44
394
150
239
239
68
33
129
68
81
314
239
246
70
121
239
252
243
230
269
230
314
239
54
71
49
22
152
230
230
109
230
173
25
211
234
50
229
44
33
44
62
113
251
123
95
109
246
115
44
109
113
314
118
234
54
230
61
44
159
257
120
70
109
269
109
259
141
118
57
44
300
248
70
298
92
49
239
44
70
106
101
154
33
127
243
115
148
109
263
155
70
32
263
37
5
8
44
44
150
167
234
292
120
239
314
101
101
129
108
61
115
33
49
121
121
114
152
163
239
126
108
127
316
227
54
44
127
259
111
31
49
140
241
118
118
129
125
72
38
304
247
259
238
238
335
109
46
313
113
182
313
129
313
109
150
38
300
259
259
259
16
90
238
254
49
114
8
151
16
57
127
8
70
263
48
263
263
263
263
263
276
263
263
238
49
234
247
76
33
335
259
78
101
313
313
313
313
313
80
313
234
259
67
32
41
239
230
115
234
41
123
257
90
298
252
120
243
123
115
68
121
304
173
314
109
167
246
259
259
335
234
230
113
259
259
33
335
313
239
307
141
49
234
259
259
152
154
292
338
313
234
243
414
229
234
44
44
292
263
317
123
263
307
252
51
120
226
225
34
8
313
90
44
211
125
308
52
41
263
247
49
67
80
259
230
168
238
142
259
197
114
211
141
49
259
229
335
259
70
49
229
32
120
123
54
234
120
230
291
348
152
239
313
109
34
125
214
41
132
49
230
118
33
44
33
307
300
163
154
259
263
307
322
49
111
41
230
150
263
238
40
49
109
166
257
120
101
238
238
134
95
125
173
123
181
243
152
70
298
259
230
78
43
259
44
159
2
72
120
44
71
259
168
239
64
121
246
126
49
239
49
168
148
230
4
238
243
92
123
44
241
118
83
71
150
37
292
116
292
52
120
152
83
92
33
204
59
109
239
230
230
70
112
259
76
101
230
198
239
300
38
232
123
114
263
34
150
34
121
57
230
34
142
54
120
92
230
95
152
250
308
324
109
316
316
2
49
169
149
314
293
51
25
113
247
230
61
269
109
123
121
238
141
244
44
152
70
70
190
259
201
159
35
169
44
259
44
246
259
37
246
234
67
243
155
300
49
76
38
2
112
44
22
4
255
197
121
64
25
37
284
44
20
8
16
8
307
120
241
131
32
67
22
32
245
294
238
259
109
239
164
140
313
273
159
234
259
318
253
234
304
304
126
248
243
70
169
121
243
259
246
239
259
150
241
314
398
74
152
154
159
155
324
22
298
79
234
22
8
125
108
234
108
206
150
65
230
8
120
34
234
318
230
120
35
125
233
62
8
34
118
293
95
335
2
54
22
108
181
92
335
26
239
239
118
230
61
239
155
109
43
2
49
244
44
41
28
74
49
22
152
16
95
33
120
32
120
2
111
95
70
313
362
9
118
226
32
70
398
37
163
67
33
120
398
112
141
111
141
22
40
70
183
335
44
70
121
92
239
140
238
259
307
33
152
34
239
313
234
257
403
111
154
34
141
76
151
18
8
32
335
304
150
120
230
57
141
150
148
65
113
16
57
111
151
40
120
230
307
108
49
307
169
307
314
14
150
181
44
113
307
150
4
33
120
8
300
49
230
49
176
109
167
173
71
120
183
316
239
31
118
26
115
257
313
37
116
308
66
230
31
61
307
304
304
314
151
183
295
267
61
61
300
257
240
229
230
259
111
44
54
87
109
210
22
49
259
43
159
70
95
141
159
70
70
188
70
33
227
33
243
263
159
109
22
257
13
160
152
246
159
109
230
65
246
70
22
22
153
307
158
149
111
112
92
162
221
312
318
241
304
230
116
230
292
239
335
263
159
95
151
318
226
226
31
32
108
44
152
61
70
290
70
229
246
32
140
239
151
70
241
230
44
152
34
335
34
33
140
318
259
162
155
160
71
140
70
159
70
246
246
307
56
244
129
150
257
34
112
157
230
71
141
126
160
121
173
9
239
68
251
61
33
49
41
115
120
230
121
234
234
293
239
2
34
323
269
9
300
304
234
313
121
251
152
95
140
141
141
32
35
35
205
21
140
141
141
141
141
121
70
22
70
92
155
159
43
304
276
22
257
90
234
120
129
29
259
2
152
269
33
109
73
70
70
22
22
152
26
259
246
284
37
152
9
115
65
204
33
41
148
33
239
234
67
92
234
112
8
259
129
120
225
154
8
230
72
234
230
230
112
90
32
234
229
271
49
159
163
120
152
190
120
313
373
234
29
230
307
22
152
112
312
306
259
159
234
259
259
154
308
230
49
152
92
317
78
259
3
333
22
125
313
263
152
44
259
21
242
314
24
238
141
273
296
300
318
108
246
234
152
95
112
41
313
239
95
300
108
162
116
230
160
239
255
64
304
120
44
152
198
41
49
34
246
70
113
4
24
159
111
239
269
304
211
150
23
210
234
113
230
74
40
249
113
152
316
357
26
173
49
95
118
141
43
142
312
22
9
259
33
92
152
335
109
8
4
129
307
115
70
159
239
92
155
49
234
68
246
70
49
40
246
190
150
34
32
108
159
157
190
234
37
269
257
120
32
22
307
95
188
307
307
22
111
10
10
129
307
40
8
108
155
247
293
16
307
307
67
230
76
234
92
70
95
6
201
188
352
257
26
241
246
230
150
31
243
38
32
112
2
324
70
37
8
234
70
67
22
405
389
141
70
162
111
239
335
70
92
293
211
34
34
205
251
307
154
129
120
241
40
113
197
40
2
4
38
121
233
103
154
158
92
35
78
10
70
70
33
8
273
115
40
307
290
34
239
70
212
29
111
95
33
304
125
34
115
64
169
335
25
66
67
284
45
120
67
121
95
90
121
234
70
63
65
68
239
335
5
183
234
204
33
34
49
263
112
8
113
246
141
181
300
267
65
70
211
239
323
92
101
71
129
8
238
234
239
234
150
213
197
92
238
105
182
120
116
44
34
162
335
35
8
276
234
70
152
70
160
70
24
33
4
288
108
225
34
397
238
109
150
304
68
246
147
259
141
8
336
49
18
120
300
244
246
230
113
239
94
307
307
259
123
49
318
230
211
320
10
241
161
63
150
108
92
259
95
239
246
55
44
263
109
307
109
129
261
362
141
300
246
238
120
95
49
318
252
140
239
334
158
92
300
70
83
120
77
67
239
335
92
148
259
405
152
307
47
335
70
34
26
4
108
323
8
115
28
34
34
113
33
71
240
115
74
61
230
8
121
239
205
73
125
230
70
26
292
389
114
318
229
234
9
40
307
234
312
25
148
108
70
8
307
202
36
26
71
188
234
269
109
40
43
241
90
143
152
95
234
141
70
33
414
255
34
298
230
70
44
237
307
230
152
25
72
259
33
29
152
259
71
343
297
2
120
335
335
259
304
307
120
335
335
188
71
314
8
111
300
259
49
270
234
10
300
33
163
284
335
196
405
233
159
154
70
234
113
31
70
70
72
70
98
70
34
160
318
115
335
157
290
323
69
92
33
304
241
74
114
95
70
318
335
250
234
14
40
293
373
40
154
18
29
129
44
52
120
150
335
32
307
155
92
259
110
126
152
197
150
257
335
9
103
70
158
65
314
234
352
95
34
335
233
71
148
306
257
111
318
22
63
51
152
40
95
40
335
234
409
10
71
120
8
335
62
141
397
225
10
314
78
318
95
239
40
114
71
230
246
45
405
155
3
70
241
159
112
95
70
160
151
284
85
223
40
92
234
271
343
26
307
62
307
193
70
121
71
335
65
95
159
239
251
73
105
152
67
67
304
101
44
307
40
243
152
151
70
193
111
70
32
312
120
199
22
287
92
40
71
92
65
120
188
8
312
335
389
9
157
160
70
111
34
155
115
318
155
40
318
69
32
324
203
208
324
120
335
324
33
120
248
152
70
335
70
70
151
349
70
115
40
70
259
37
271
239
32
159
155
34
157
6
2
243
304
101
234
249
5
70
290
14
239
307
95
16
315
239
152
73
159
70
150
14
307
108
70
335
34
157
2
40
70
155
152
16
255
239
290
40
70
40
108
116
263
61
111
34
22
44
49
8
22
36
98
246
300
120
294
270
318
152
14
47
157
159
318
300
67
307
95
42
70
120
234
70
279
335
40
71
290
78
32
304
32
159
8
26
6
78
111
40
145
35
10
40
26
323
26
290
8
173
307
155
233
239
95
11
136
300
76
8
36
49
95
230
320
82
8
92
49
114
159
34
70
159
33
246
233
167
128
8
159
9
18
64
65
263
32
34
40
65
8
152
20
44
307
64
92
140
40
37
234
241
22
40
74
304
234
26
40
312
20
234
239
40
70
75
22
317
153
70
307
158
229
70
95
312
108
234
230
335
157
26
95
70
95
120
40
70
150
173
307
92
310
72
92
241
70
5
323
14
118
70
152
44
140
151
34
243
120
279
71
318
230
54
104
95
34
152
111
109
8
65
40
49
32
70
70
160
70
70
70
155
152
8
120
335
95
73
109
72
234
22
70
67
190
203
307
335
70
73
233
70
205
191
196
70
70
65
140
34
8
198
234
189
70
249
8
335
70
318
105
190
70
304
405
259
160
71
8
105
71
263
92
109
32
120
152
70
196
259
71
240
73
70
261
312
284
155
290
335
120
89
73
239
193
193
335
92
159
71
34
95
98
57
151
178
230
101
2
8
70
183
8
80
40
70
6
40
67
287
183
160
141
54
318
16
36
314
152
335
70
284
160
320
32
157
160
70
8
8
320
9
190
34
307
70
70
92
70
162
70
190
304
76
271
160
208
188
157
16
25
22
284
129
335
95
44
70
151
304
239
118
293
239
92
61
95
3
38
163
253
141
120
14
247
92
296
92
335
304
26
70
304
34
131
120
269
111
95
95
70
314
32
259
70
114
92
63
296
133
205
70
70
151
307
26
31
159
263
307
151
205
26
239
34
307
159
40
230
167
296
155
40
70
70
49
189
324
8
194
34
234
196
261
22
412
211
40
201
64
152
92
312
70
290
71
22
113
155
196
95
106
239
317
65
95
225
64
335
307
59
190
150
50
234
317
234
70
213
244
70
323
5
159
70
241
34
51
263
44
259
259
40
67
44
300
114
120
118
181
92
261
62
62
335
22
141
10
141
26
335
230
40
314
183
70
213
70
77
230
73
70
40
34
336
95
98
233
37
190
70
263
157
38
318
70
106
159
98
70
234
120
318
204
284
322
234
40
335
255
209
49
323
40
216
167
193
8
193
34
307
70
70
70
335
397
26
72
323
155
70
49
76
16
335
230
140
390
304
34
290
9
241
335
239
103
54
288
159
255
148
304
70
304
20
283
318
8
34
40
131
44
92
120
70
83
335
63
189
263
120
335
67
320
324
201
10
8
6
8
8
8
18
34
234
279
70
105
154
155
173
189
230
320
207
290
154
70
154
335
44
159
196
71
152
304
70
318
284
154
405
201
335
22
105
53
20
263
155
300
34
10
41
234
113
307
115
239
300
307
335
55
95
140
259
152
92
141
121
35
167
284
151
259
335
14
189
71
318
40
120
257
73
70
160
70
157
320
307
70
69
70
335
214
224
239
287
59
262
160
70
70
95
71
390
75
190
292
335
18
85
109
160
225
235
187
29
115
233
71
233
259
22
6
8
6
249
121
300
129
158
22
271
41
40
271
40
318
34
318
284
182
159
335
34
105
304
323
234
154
271
108
16
265
67
335
271
271
141
113
270
314
106
201
307
307
70
307
70
181
129
24
259
154
155
307
72
22
70
152
34
251
205
275
271
92
92
26
335
304
296
35
334
189
105
335
54
205
161
37
261
70
320
40
293
33
234
70
318
141
70
70
92
250
290
318
28
71
40
59
26
8
49
323
92
70
259
70
70
109
314
284
239
236
158
81
263
201
189
70
307
22
8
259
14
92
233
108
79
160
34
8
92
159
70
92
37
22
134
70
70
35
248
318
154
310
70
152
34
73
70
307
233
141
44
140
6
152
290
234
8
154
239
271
304
288
246
299
239
152
105
70
233
234
92
296
70
105
129
118
61
160
70
234
38
83
154
159
24
40
40
296
318
259
239
288
70
190
72
70
234
92
290
70
288
95
239
70
234
279
70
105
288
307
288
141
72
160
290
160
243
173
70
49
307
70
252
293
343
67
95
307
4
95
76
247
290
271
25
314
95
259
95
314
92
57
288
70
8
34
171
22
155
38
335
229
70
70
263
120
233
59
70
304
73
71
70
86
70
307
335
288
307
161
288
83
70
22
304
92
159
120
41
75
70
95
293
44
44
324
61
70
34
271
290
92
142
70
288
10
55
40
111
72
307
44
70
259
132
76
154
90
22
34
108
26
12
40
8
111
87
40
307
71
257
92
129
70
239
92
70
241
270
189
188
75
10
37
110
405
34
34
307
259
77
10
10
70
70
189
288
70
307
92
92
141
40
8
10
141
201
290
307
241
252
70
161
22
288
18
118
70
234
22
40
34
288
335
263
120
70
70
144
70
167
288
70
239
116
26
16
148
18
75
160
70
249
26
26
249
152
70
137
132
141
271
301
318
141
70
141
95
154
94
64
275
234
284
398
288
335
259
307
70
70
161
129
34
129
34
241
44
158
72
301
324
79
118
34
80
259
109
70
64
8
92
70
213
71
259
73
70
70
161
35
120
202
221
48
120
70
70
92
198
70
271
26
292
154
70
152
335
48
120
70
193
98
57
287
22
70
108
43
173
95
243
154
73
343
49
141
233
76
136
369
271
263
244
141
49
132
290
279
121
141
140
50
152
213
10
44
209
238
154
238
230
46
157
238
97
71
320
160
183
40
70
238
320
140
139
238
190
269
320
120
70
70
253
44
11
141
141
335
211
141
159
150
152
70
150
40
70
159
112
234
159
314
92
70
179
120
141
154
73
270
70
317
33
70
120
22
288
1
257
190
44
157
320
1
257
31
9
188
70
78
83
8
335
335
151
69
34
70
257
43
288
149
92
92
160
241
136
48
239
307
312
106
158
273
11
136
290
151
49
140
239
64
230
59
40
40
318
290
136
243
73
307
301
137
288
70
70
307
303
309
307
307
320
240
95
261
307
161
83
307
273
159
307
111
159
307
288
288
70
160
73
173
70
307
288
191
141
288
44
234
154
263
335
9
248
29
33
197
196
70
210
40
288
129
234
70
303
160
187
157
318
200
34
70
70
65
70
71
70
8
183
307
244
249
250
152
158
288
160
307
92
40
154
22
169
152
335
286
263
381
143
251
70
137
290
71
307
302
69
299
288
269
292
338
52
44
68
275
154
355
36
284
229
92
159
70
70
64
288
200
70
188
126
70
152
26
159
335
72
95
78
140
38
178
157
255
70
70
157
34
335
299
70
83
70
292
288
61
259
121
92
157
70
288
343
275
288
92
98
213
151
148
318
157
136
292
131
92
307
95
94
18
140
16
318
33
307
250
356
152
97
34
10
318
125
141
230
158
71
22
248
263
52
250
120
148
288
239
92
205
136
234
154
26
335
159
288
73
70
70
148
70
121
307
307
70
87
71
81
312
151
70
92
70
71
213
118
207
118
72
83
288
55
33
120
167
152
121
335
150
70
288
65
136
255
257
18
36
234
259
22
70
98
301
125
26
239
115
205
70
70
301
34
114
160
111
14
259
183
158
64
106
106
275
205
157
189
151
92
234
317
320
123
34
71
105
45
83
95
32
44
335
308
159
34
158
152
284
40
16
92
112
22
179
141
414
311
136
136
136
94
92
73
111
49
70
157
155
190
72
201
106
290
120
157
73
188
273
101
110
104
70
92
352
190
70
205
190
307
120
234
115
120
304
284
284
301
40
11
52
389
70
70
234
112
78
136
22
34
70
92
96
288
157
22
64
324
335
142
294
324
40
45
304
241
243
125
263
239
290
71
323
92
25
40
44
301
142
18
70
213
273
18
318
239
307
167
307
55
154
279
288
136
121
163
288
317
70
70
73
92
63
22
190
288
83
279
230
92
161
73
92
318
95
9
338
312
22
34
22
159
131
131
273
61
160
92
70
101
92
284
131
131
40
131
131
131
26
288
249
239
211
64
70
92
101
131
136
131
92
120
150
40
26
304
189
307
121
171
141
121
43
251
290
120
263
132
352
36
61
141
71
95
234
288
313
159
120
159
288
70
288
73
153
70
288
352
136
136
26
141
291
32
105
105
70
140
118
161
157
82
213
307
121
304
141
131
53
106
6
72
70
8
190
307
22
70
175
40
120
22
246
157
109
120
267
263
92
154
70
414
71
105
70
301
68
299
70
70
72
55
22
92
101
120
292
26
44
55
34
304
148
104
34
136
118
44
157
307
241
150
131
288
240
141
283
273
108
136
259
26
73
137
140
259
70
95
288
40
152
152
70
70
159
211
120
320
95
288
40
198
152
193
26
141
70
288
136
288
92
102
92
70
301
34
299
288
208
26
6
239
70
137
152
152
156
152
152
111
152
152
152
269
8
243
290
70
288
6
246
152
26
92
299
35
262
301
271
70
40
288
1
98
34
118
307
230
288
299
136
263
136
317
283
11
159
154
136
136
136
299
141
213
301
91
198
160
92
73
234
155
36
70
92
70
314
323
70
320
335
40
202
92
73
70
70
16
40
83
290
106
59
161
83
314
18
136
71
67
252
44
213
71
101
98
70
158
70
151
71
284
233
45
189
397
284
335
70
290
288
159
32
140
92
157
213
271
243
52
320
158
120
120
16
152
414
141
70
70
22
83
70
70
70
112
157
106
70
288
109
273
88
299
120
160
67
65
70
261
49
157
120
34
154
138
160
205
92
141
92
136
70
26
95
70
136
112
160
40
205
377
34
312
34
263
288
230
160
160
8
75
140
34
46
34
70
121
33
32
263
335
46
26
164
269
136
270
290
136
84
304
8
92
70
290
246
40
66
270
10
52
159
288
94
136
121
40
288
288
259
210
320
151
70
152
120
70
301
373
120
328
70
238
190
34
140
318
9
82
55
70
288
179
22
92
233
161
414
118
70
70
92
22
120
18
26
26
312
290
65
152
335
269
54
304
105
288
73
312
67
304
92
26
159
273
288
160
75
283
234
320
98
73
197
32
70
70
40
73
288
33
111
67
199
136
72
92
335
157
70
299
159
210
61
78
139
70
307
189
154
10
234
67
151
288
335
92
34
318
61
92
160
39
75
159
154
34
34
107
304
290
239
10
249
64
120
204
169
324
250
148
234
154
335
397
9
295
295
320
11
105
152
92
70
70
70
199
70
148
183
72
158
92
70
251
70
120
158
269
275
239
288
233
112
106
160
153
92
22
160
300
159
269
249
70
34
301
229
120
132
338
288
136
152
95
307
16
307
104
299
59
70
70
136
136
142
271
12
288
248
70
70
70
72
70
234
72
34
230
92
70
335
89
389
70
70
150
151
112
234
202
120
188
284
137
78
169
22
45
288
40
335
205
70
44
263
61
308
335
227
141
112
259
92
139
335
251
273
95
63
70
120
95
271
288
92
70
70
109
71
40
137
48
75
157
8
8
92
159
73
70
2
288
211
161
70
40
45
288
288
112
54
244
335
73
40
73
304
188
160
131
70
213
249
26
118
210
263
110
59
121
284
92
34
39
188
63
243
21
126
335
70
140
70
259
188
151
70
9
37
283
21
44
154
142
92
317
95
288
92
134
70
161
259
34
92
142
38
6
40
101
159
73
324
142
283
6
251
288
249
213
207
40
111
133
251
251
95
155
259
335
71
136
109
251
186
136
301
248
279
70
70
70
335
190
70
136
155
320
301
70
70
70
320
308
157
314
70
25
120
157
335
92
227
8
307
335
140
92
70
269
159
64
109
2
247
34
204
18
92
59
71
152
211
160
120
113
288
36
288
320
67
120
249
207
205
95
250
5
92
233
70
26
92
16
299
234
9
157
92
92
157
234
238
110
288
92
70
314
314
32
64
83
163
110
152
61
288
120
127
288
301
26
201
136
314
144
304
18
44
233
288
288
317
95
202
111
290
157
188
207
32
67
1
157
414
70
157
263
284
238
92
159
159
70
335
70
73
70
233
110
70
259
8
288
33
70
106
70
140
70
59
107
311
64
64
92
248
303
301
159
288
161
255
243
320
176
106
61
95
157
108
44
250
290
248
312
335
234
179
54
335
70
320
70
9
304
313
159
22
136
67
16
95
120
301
151
290
70
164
296
55
40
51
70
263
142
22
170
4
70
290
141
46
26
288
57
144
251
44
250
95
288
148
373
201
157
160
92
159
70
70
290
198
198
288
38
213
71
160
22
106
190
158
193
157
290
111
238
92
301
183
70
176
26
202
9
318
59
78
190
335
11
190
205
70
157
142
240
46
70
70
151
141
320
61
61
70
70
34
44
70
92
397
3
163
414
171
40
247
59
234
26
61
230
251
95
95
288
44
273
275
26
108
120
320
73
205
92
9
320
5
159
201
373
152
152
301
73
154
285
275
290
159
196
152
317
61
234
142
26
73
225
9
8
44
290
9
317
270
176
335
301
16
64
249
249
59
152
167
307
154
107
154
154
323
64
92
263
320
1
136
159
154
211
307
52
243
307
381
250
290
381
57
154
290
397
307
182
141
320
54
26
248
120
307
40
244
107
129
290
307
160
288
73
75
205
34
290
113
335
230
269
161
188
318
189
120
9
288
154
22
34
255
335
141
34
73
92
300
204
159
152
120
73
131
301
45
158
120
70
27
320
48
26
290
234
9
33
202
22
92
152
2
73
318
53
137
369
269
136
307
95
213
250
64
251
73
229
317
49
40
154
250
105
215
70
11
202
159
265
152
70
36
154
283
131
335
317
120
72
73
295
159
44
61
301
275
148
290
240
57
213
70
92
290
299
137
92
240
257
290
288
95
239
244
1
159
157
317
72
307
44
107
92
320
333
62
105
70
257
121
312
215
234
4
140
64
193
257
120
92
70
70
288
95
134
59
43
209
160
257
243
34
263
181
307
84
301
64
154
179
45
164
34
154
92
81
158
141
26
41
16
80
70
92
269
26
212
154
335
141
67
61
251
109
211
107
290
211
295
294
290
95
290
131
6
318
70
70
118
154
157
5
290
269
22
307
307
159
190
70
150
71
73
73
202
243
179
70
2
141
276
316
269
158
290
26
154
70
335
95
140
34
334
290
313
140
202
40
71
26
317
158
71
1
72
290
6
259
154
151
290
70
107
236
155
120
120
10
261
414
212
26
155
40
296
70
288
187
316
205
307
250
307
322
140
109
259
92
213
201
317
44
159
108
154
154
154
154
154
335
229
140
301
248
292
92
42
18
70
159
26
131
151
5
234
201
251
120
152
95
154
320
154
321
321
321
321
321
321
321
321
321
321
129
32
269
71
154
154
150
34
241
22
257
70
8
101
18
131
159
259
250
70
70
5
312
244
61
22
64
95
272
78
64
9
70
167
154
183
273
22
10
320
111
141
67
141
69
61
233
311
335
252
95
251
82
159
92
70
67
164
32
70
123
105
154
196
34
32
44
34
1
64
288
188
70
71
34
76
26
123
250
301
61
284
70
121
288
34
299
201
49
101
112
111
146
152
150
13
154
243
250
301
414
244
140
95
70
115
94
70
229
201
157
159
85
189
214
214
288
160
188
101
5
18
378
301
34
52
290
154
70
83
34
26
202
159
70
159
79
40
279
300
300
169
70
108
26
61
183
92
301
120
70
84
92
120
120
48
62
95
263
301
213
92
113
10
84
214
238
40
32
252
140
47
157
157
70
4
34
95
317
189
324
40
221
34
95
221
246
238
40
70
10
151
40
307
238
61
312
34
34
68
70
201
288
6
158
159
267
106
211
70
40
92
234
111
275
89
64
304
5
109
157
163
46
50
290
307
389
151
70
234
323
190
312
70
244
67
230
44
70
65
307
241
70
160
283
22
141
64
131
92
290
311
320
70
204
151
94
181
151
92
311
122
22
9
62
159
59
308
161
163
159
270
8
141
307
140
26
140
110
113
40
299
257
49
64
145
37
244
259
144
239
34
120
44
140
161
240
26
75
153
226
335
225
51
318
64
288
290
34
72
199
201
92
92
70
44
70
239
125
164
164
257
52
120
102
16
71
70
300
61
70
18
36
284
40
171
92
131
95
40
233
187
108
70
304
164
160
107
154
250
83
307
30
151
70
307
16
53
129
160
152
121
92
293
226
198
91
320
157
39
120
8
70
83
92
318
61
307
294
288
304
44
154
263
22
307
133
121
299
318
244
111
64
300
131
92
183
92
335
10
34
240
70
164
40
70
257
270
263
34
189
141
84
288
120
94
141
335
111
131
70
92
137
141
163
132
234
92
92
204
92
240
335
238
244
49
59
335
335
92
284
120
263
34
335
312
95
106
275
8
34
283
92
240
246
252
150
335
290
70
111
63
76
301
34
70
67
304
151
247
335
221
44
335
330
72
143
70
239
70
250
335
187
70
335
70
317
288
142
288
158
73
141
188
70
148
54
70
414
161
257
304
69
92
36
183
143
335
83
141
136
141
44
154
141
148
70
70
70
179
328
34
335
26
16
150
201
251
315
154
240
140
34
143
330
63
251
308
290
11
110
136
223
158
308
34
335
337
70
188
142
230
155
212
70
320
86
320
186
136
136
134
5
287
136
398
92
167
389
414
263
284
141
307
331
269
308
179
67
95
141
9
71
189
10
92
335
160
40
304
327
299
283
1
240
270
52
152
225
239
8
157
335
243
131
136
335
250
44
265
103
290
335
140
154
240
154
151
269
328
190
298
263
148
70
240
14
299
84
40
240
72
140
116
320
34
169
270
279
34
92
78
82
151
328
70
158
315
240
290
320
240
167
22
317
164
240
317
117
328
67
92
92
299
44
95
53
92
269
320
335
330
208
284
394
108
318
84
328
397
234
176
141
286
159
320
61
59
26
70
332
158
92
154
22
140
84
70
32
92
109
284
241
290
199
234
11
16
70
244
335
328
328
314
92
34
238
327
34
270
61
61
61
92
70
91
328
244
46
136
70
178
110
64
164
150
263
63
190
240
327
129
83
92
240
328
95
299
140
324
151
301
335
50
57
151
92
250
335
331
152
273
303
159
73
151
290
330
70
275
44
167
335
70
320
270
311
335
240
92
34
328
179
301
414
270
259
315
152
132
335
151
317
276
118
136
335
198
70
335
301
267
164
18
70
164
164
164
320
315
141
328
159
198
70
84
137
240
52
61
270
21
225
335
317
161
14
275
63
66
259
95
154
239
107
157
40
74
75
317
136
284
123
157
89
71
335
284
92
315
335
328
22
312
324
14
284
327
301
290
61
64
269
320
251
92
154
120
335
320
328
66
328
243
275
71
74
321
83
414
284
123
45
6
307
34
331
251
118
213
259
157
269
70
98
321
141
44
92
151
80
80
328
105
34
92
314
101
320
307
318
292
127
335
150
173
44
255
154
328
95
328
328
83
79
342
132
8
143
154
72
335
251
16
276
179
275
176
299
140
269
70
213
179
179
61
324
317
327
44
157
35
259
136
284
275
84
70
68
136
179
311
49
179
68
243
201
338
335
5
128
33
234
141
239
328
59
57
37
121
243
245
54
230
121
111
35
44
320
183
250
50
211
330
92
290
290
40
84
141
263
95
299
295
299
290
64
290
227
243
71
105
158
307
40
159
259
352
70
241
140
50
140
201
239
317
296
8
113
34
71
201
325
34
250
190
190
317
151
244
190
299
273
328
269
61
213
335
328
335
92
44
284
208
269
269
241
72
141
40
125
64
50
91
137
14
131
8
331
239
70
326
161
234
343
215
70
158
123
221
315
150
208
154
317
250
92
72
248
320
92
1
154
121
338
326
325
325
196
335
290
111
76
290
101
4
329
61
325
397
80
270
261
290
330
325
105
234
414
307
296
328
176
66
181
397
61
290
335
44
142
325
34
310
179
52
52
251
139
248
72
338
199
191
39
44
250
290
72
159
327
70
154
398
318
330
270
240
299
238
263
150
231
335
330
290
70
337
176
292
141
299
328
317
304
52
267
105
70
193
92
237
134
234
49
150
44
263
95
70
120
59
92
150
269
143
290
331
398
269
263
325
290
197
173
325
183
397
251
269
257
49
148
176
34
176
290
271
304
290
193
330
160
193
14
120
250
159
153
250
154
330
293
1
84
159
94
10
33
92
320
263
68
318
117
283
64
295
318
276
269
251
301
44
330
70
120
104
328
327
329
120
162
141
8
295
6
153
104
70
327
64
14
61
95
269
317
335
45
121
337
290
269
92
290
317
317
317
140
290
140
70
290
86
140
290
325
290
251
176
34
176
14
267
296
85
270
327
299
320
73
70
397
92
239
159
299
111
35
317
8
263
151
154
140
141
312
34
300
95
320
140
141
312
189
72
141
240
105
10
53
159
61
268
68
143
290
120
290
290
317
44
236
290
290
154
292
159
154
70
290
34
117
44
213
75
164
313
143
290
58
61
78
70
255
70
151
158
71
338
151
34
335
176
48
36
151
187
34
314
84
71
92
240
318
10
142
188
107
318
157
9
271
125
294
294
290
117
219
92
34
148
257
221
316
176
70
154
154
44
287
31
34
8
335
154
84
154
121
159
359
140
295
92
34
68
249
59
22
85
72
10
230
120
279
34
170
117
110
338
234
189
269
288
246
320
120
157
54
137
152
284
70
158
248
288
22
34
234
299
34
34
9
40
84
259
34
376
120
312
356
59
159
98
320
131
64
261
373
239
84
284
311
70
22
84
158
148
230
159
188
335
70
269
296
92
57
70
44
320
12
154
84
61
22
159
46
240
33
378
148
314
61
16
140
64
290
92
92
154
120
263
110
157
290
159
352
165
233
121
64
335
238
8
59
336
279
44
150
84
243
44
259
120
304
120
378
288
34
320
299
257
259
140
240
248
259
57
233
70
159
33
320
59
257
335
138
318
118
85
240
25
118
335
230
259
257
70
92
159
290
324
70
20
202
251
62
64
335
46
45
54
296
120
32
120
378
131
259
343
248
239
270
338
284
230
125
44
389
234
31
68
105
398
335
169
176
114
113
198
162
299
148
160
120
141
239
116
234
66
158
70
250
237
290
121
127
57
125
181
25
302
86
73
50
299
127
34
307
241
132
188
243
70
335
70
72
33
64
57
245
290
64
181
335
251
108
239
290
34
240
317
292
403
154
381
403
239
255
290
290
186
230
318
243
146
247
2
299
59
317
300
299
293
120
120
311
318
64
283
141
132
127
120
8
158
269
381
154
381
290
154
57
44
412
114
120
33
233
250
233
40
381
290
10
140
335
381
61
276
120
70
338
98
29
324
10
348
46
241
