44
48
108
233
46
148
230
230
246
113
109
35
44
246
44
115
32
70
259
159
234
40
259
71
109
43
108
49
49
152
257
233
150
246
239
40
40
35
111
259
211
112
230
44
247
239
273
40
113
246
297
259
150
71
38
73
22
152
233
8
300
300
65
108
71
5
335
32
106
230
35
125
34
259
118
234
234
35
44
229
33
33
15
120
233
398
300
65
120
173
47
32
230
49
33
234
120
111
108
114
62
158
230
150
271
234
230
44
128
106
239
111
2
259
51
26
310
35
8
2
76
293
246
29
120
112
230
49
152
111
188
111
230
246
230
44
67
230
95
318
205
155
40
44
239
229
152
25
115
116
246
62
62
108
246
78
22
188
230
245
300
300
62
234
290
49
150
294
2
116
152
44
70
162
68
49
118
22
109
150
33
234
71
239
190
34
152
152
243
120
44
111
71
152
115
71
116
246
71
67
33
44
49
49
44
22
312
255
300
155
150
151
8
74
120
76
26
40
233
246
26
22
255
22
33
42
70
116
49
32
230
78
259
259
304
90
40
291
259
95
35
146
40
49
152
34
71
34
43
405
109
120
120
230
35
151
120
34
120
115
115
255
304
38
74
239
37
32
71
108
246
230
234
270
323
120
246
152
259
120
57
257
162
18
40
188
293
307
32
323
40
234
230
108
152
152
70
237
38
152
112
26
259
120
324
120
49
26
173
255
243
111
35
40
160
9
246
71
35
151
71
40
112
34
40
40
22
44
120
273
233
233
173
114
44
44
142
105
40
152
233
109
155
239
239
152
49
40
359
49
67
307
67
234
241
162
234
306
44
157
306
40
246
44
40
44
29
246
40
35
32
129
5
234
40
284
95
22
33
136
240
92
33
44
26
321
157
70
307
34
157
271
14
115
40
49
49
145
246
70
152
44
152
300
230
44
98
230
44
261
115
70
67
238
9
71
40
91
160
118
318
40
71
259
271
92
244
35
306
67
24
40
71
136
152
92
78
40
239
246
33
115
230
8
67
73
230
141
230
306
336
71
111
293
239
152
71
152
91
300
108
152
49
234
32
121
234
152
22
22
230
160
125
226
70
40
318
270
37
208
239
160
49
299
271
34
234
34
62
152
312
26
151
152
70
111
40
34
92
160
109
40
316
50
244
35
120
71
136
32
62
120
230
92
22
163
335
34
324
136
26
69
95
70
4
173
40
67
22
71
270
239
54
160
238
159
61
44
70
188
71
32
245
234
37
34
120
22
152
300
92
70
92
120
5
91
318
40
22
22
22
76
95
70
290
161
336
152
110
239
34
215
318
152
157
152
91
112
290
108
3
22
26
120
84
92
152
71
159
161
26
290
109
173
290
159
244
306
44
106
190
34
202
22
160
52
257
26
71
42
40
243
141
120
32
71
67
92
161
44
40
32
155
111
161
44
259
22
31
10
92
109
9
22
304
71
54
26
38
70
318
34
157
136
152
152
44
92
38
160
106
64
312
71
150
98
371
136
161
284
173
205
173
92
198
136
131
69
140
70
34
26
240
160
92
230
239
8
187
18
244
284
239
9
187
295
95
290
230
92
71
127
9
123
273
239
269
32
239
26
257
159
42
165
70
49
40
323
284
92
22
71
273
151
26
188
111
334
70
70
239
234
43
44
246
9
330
71
230
296
318
108
70
282
111
9
327
257
152
328
18
111
150
71
239
157
151
159
94
92
243
165
158
112
322
328
67
234
160
115
159
70
70
44
39
109
35
141
157
141
230
109
238
37
111
158
39
151
71
49
44
259
115
56
120
108
290
158
160
378
