246
339
294
159
201
230
265
54
54
129
112
234
44
115
167
49
25
167
151
120
209
259
252
284
21
101
151
211
260
293
259
259
239
31
109
230
57
115
31
259
229
238
238
259
259
99
148
129
230
64
259
115
150
33
200
123
211
44
82
313
313
238
38
398
123
259
113
276
225
398
259
398
151
113
150
116
159
150
259
31
38
259
109
35
31
259
2
109
116
238
151
132
158
259
117
31
259
169
109
34
111
90
116
31
28
298
246
101
244
111
214
41
308
247
116
151
243
25
49
229
41
44
115
159
273
227
41
238
141
253
49
141
24
101
25
35
141
39
239
259
230
239
44
308
49
244
155
259
28
150
76
35
354
246
42
307
6
207
239
259
109
150
196
151
259
49
31
31
197
312
148
31
215
115
8
324
398
141
26
182
121
239
234
49
154
230
153
302
244
31
42
398
255
381
150
69
154
111
140
259
151
151
31
44
173
137
320
37
41
115
234
219
49
153
259
293
125
259
35
239
41
238
259
32
38
230
31
310
44
57
40
49
253
230
149
106
259
333
115
318
239
120
238
109
246
70
25
259
40
141
115
304
246
111
270
109
4
65
297
188
197
234
247
39
246
8
34
10
37
109
8
32
33
389
148
8
43
152
38
57
150
260
114
304
4
141
215
141
239
234
148
253
49
239
259
108
397
204
120
43
38
159
51
30
224
115
5
101
42
125
141
22
78
167
204
110
8
201
111
9
244
312
157
141
246
355
304
257
44
239
189
31
151
230
153
244
33
234
230
159
239
238
162
116
111
148
284
95
293
76
76
234
32
111
233
111
151
5
244
151
362
41
162
201
294
233
269
276
151
39
33
271
109
41
2
190
22
207
31
214
115
233
304
405
190
397
233
294
307
307
109
125
307
169
151
115
151
201
259
259
115
33
309
162
239
6
114
239
141
115
151
120
70
112
56
151
74
150
254
79
148
92
234
306
2
114
246
109
71
78
33
114
167
111
132
246
189
111
190
65
208
33
51
203
246
148
49
312
10
230
41
92
38
227
162
298
5
151
115
257
173
151
140
43
78
318
8
223
211
160
22
238
32
234
80
70
260
190
65
95
190
72
70
116
78
150
189
129
51
230
188
193
151
196
193
115
111
90
244
214
263
293
49
115
233
41
16
49
162
150
304
42
65
120
290
33
111
246
40
188
304
25
26
2
18
22
115
157
31
120
40
42
33
92
148
167
115
68
4
150
125
49
299
153
239
39
247
190
201
131
55
246
293
247
246
111
76
49
21
190
208
193
190
254
41
72
259
44
144
255
4
151
320
84
51
22
304
65
201
95
273
195
151
37
189
230
155
26
35
31
42
213
260
155
222
239
67
234
143
150
293
204
234
336
151
205
67
259
111
22
49
40
259
57
35
151
67
22
70
55
204
213
253
111
42
34
148
262
189
26
31
70
191
92
207
26
246
107
32
189
34
33
26
98
244
71
76
34
303
60
199
204
92
188
34
234
160
204
8
40
312
189
70
49
47
246
199
290
63
197
234
141
115
205
213
187
298
90
101
151
398
92
212
204
76
259
8
269
198
201
29
137
95
31
32
70
259
40
160
149
26
189
37
151
299
8
318
293
255
92
199
22
151
350
201
259
55
22
148
49
70
29
129
40
22
290
22
112
150
204
141
31
32
207
143
234
318
6
113
99
6
239
34
333
151
208
140
141
212
158
16
120
304
230
211
33
141
191
115
76
141
141
273
141
141
141
141
141
141
141
190
169
193
190
189
196
190
198
207
152
139
239
204
188
5
9
204
144
230
204
239
208
158
234
32
204
204
167
233
151
101
290
284
247
161
115
151
211
212
76
42
238
166
192
101
188
173
323
152
57
307
63
70
151
136
230
202
216
60
101
190
275
205
13
43
109
243
208
107
157
32
84
141
84
69
167
9
263
275
51
71
306
140
282
151
40
30
209
239
213
26
45
34
111
141
290
141
201
70
291
166
33
92
257
22
72
33
95
31
120
26
105
9
35
225
67
162
259
120
33
84
140
98
189
189
211
316
140
191
151
318
98
131
38
18
398
129
242
213
76
116
120
260
49
151
209
161
260
193
215
310
10
302
213
207
16
108
92
205
189
230
213
40
131
111
263
246
157
31
34
322
193
78
230
26
216
234
201
239
71
67
234
324
9
151
71
260
35
159
205
43
269
129
151
108
148
34
213
247
101
54
307
213
68
95
154
290
6
46
263
335
213
190
41
303
160
193
9
158
115
120
33
115
76
101
236
161
40
201
248
199
266
72
120
193
221
148
229
273
44
136
120
98
213
189
190
199
151
193
201
193
25
92
309
273
141
205
213
316
343
143
34
4
239
201
211
41
318
31
196
95
193
35
204
113
193
260
95
72
117
259
92
196
105
290
201
201
151
290
92
321
95
67
5
205
154
213
154
120
5
201
140
32
9
318
201
201
201
238
230
259
116
125
95
198
33
230
298
246
198
27
95
238
3
205
95
5
90
209
259
229
78
38
322
239
263
41
189
131
260
143
46
373
70
208
103
131
51
26
41
143
92
44
161
325
240
140
150
201
331
123
116
160
151
284
335
112
35
104
39
84
335
120
201
373
304
117
95
31
207
32
292
61
327
205
205
205
205
205
205
205
205
205
205
205
205
205
205
205
205
205
205
205
205
205
205
205
205
205
205
205
205
290
337
131
304
3
318
167
67
35
325
284
205
116
120
70
72
327
295
207
199
143
95
29
151
94
92
160
332
292
64
125
300
213
103
140
35
335
338
144
151
397
64
259
205
263
311
5
159
250
244
57
151
234
189
240
240
46
151
94
159
358
237
8
5
103
39
307
259
78
160
148
259
118
339
243
