267
115
61
237
250
59
4
33
10
33
231
44
33
296
54
120
243
44
246
33
230
251
141
44
28
44
113
324
44
33
246
113
113
120
115
44
48
44
44
48
239
151
125
25
111
276
127
398
259
227
33
44
230
44
48
54
44
230
127
44
44
111
44
115
48
230
54
41
112
148
41
44
316
120
33
259
120
120
31
109
112
46
44
44
25
33
35
44
276
54
173
247
120
44
44
241
44
54
251
150
324
115
398
64
230
239
44
44
234
259
109
120
239
127
33
33
243
120
48
248
44
308
152
33
120
8
44
238
44
113
44
44
44
259
48
48
57
44
68
44
44
44
54
259
44
46
141
44
44
44
44
27
54
48
44
230
48
61
48
239
48
269
61
259
59
61
44
152
44
68
25
108
62
48
163
44
166
44
33
64
44
115
44
251
44
230
141
154
179
111
44
48
44
230
227
253
110
35
35
44
111
44
120
148
31
269
259
148
237
68
33
44
292
108
276
44
25
120
44
126
48
48
25
121
44
129
141
306
246
230
246
233
33
230
25
44
54
67
42
132
48
182
230
141
259
229
110
148
245
120
129
234
48
269
44
126
276
252
259
25
151
230
141
108
42
42
48
48
154
113
90
44
120
148
47
108
68
151
247
19
44
109
151
113
263
33
48
44
227
120
57
239
42
113
259
61
120
44
44
150
25
246
33
167
44
52
276
259
115
44
48
263
38
159
242
230
230
64
150
273
141
166
44
230
39
162
42
259
269
44
80
239
120
25
292
48
44
44
44
208
33
48
244
211
259
239
44
166
244
64
167
49
23
259
120
44
324
264
151
263
233
44
148
33
239
151
259
109
127
120
148
234
243
41
151
33
148
150
106
33
33
148
252
110
110
44
129
290
10
8
8
8
200
126
250
32
240
115
48
44
25
28
54
267
267
267
234
233
169
44
151
246
51
243
129
33
147
54
62
257
276
141
129
234
243
243
109
276
147
151
242
246
243
234
397
167
253
148
148
385
41
44
109
239
120
25
233
230
33
239
154
114
19
19
44
52
239
129
113
54
120
297
257
42
133
230
272
120
121
150
230
25
238
142
77
276
92
139
44
159
276
233
230
64
68
243
129
264
33
234
120
150
59
241
112
150
42
263
267
109
44
57
61
233
120
44
269
276
46
123
269
115
230
44
115
113
35
44
44
230
44
105
239
151
59
51
59
27
25
229
44
259
120
239
129
46
230
302
68
33
307
304
292
246
114
151
162
150
146
154
230
44
44
35
59
120
290
263
120
154
59
276
54
70
101
259
154
120
151
239
129
23
259
109
44
227
31
111
239
159
298
398
259
230
230
230
162
241
44
66
41
42
276
234
248
162
239
234
234
35
44
57
49
120
259
4
44
49
49
276
307
120
57
35
246
242
44
64
129
33
148
273
127
251
113
239
109
49
151
292
259
120
120
150
239
234
108
238
46
44
150
239
263
78
78
44
113
162
70
48
33
276
259
263
67
57
259
259
35
141
263
239
48
122
169
162
151
28
312
114
239
227
239
41
4
37
41
253
230
116
33
259
398
154
154
25
230
120
112
154
70
162
247
120
234
230
153
230
246
159
23
112
259
71
239
164
92
48
239
123
59
108
158
230
306
41
26
154
246
34
259
2
113
148
244
116
44
162
150
230
4
245
148
44
68
95
234
37
259
264
116
111
259
151
246
234
25
42
44
211
32
44
246
243
141
65
230
54
70
154
33
141
68
308
115
34
28
44
263
247
259
298
259
64
230
394
264
201
170
49
259
159
259
72
42
244
155
90
112
318
113
159
150
148
263
70
103
152
109
125
113
263
25
124
113
33
109
324
2
151
68
67
41
151
33
276
43
10
141
247
10
105
33
246
120
246
149
38
151
233
246
276
44
290
234
49
150
112
247
154
263
230
243
297
259
155
308
8
150
33
103
103
162
230
229
44
120
113
151
125
15
234
273
42
247
247
151
239
19
109
32
41
372
241
259
120
71
263
48
302
103
234
44
148
121
158
33
132
49
160
148
115
248
239
168
121
263
43
54
57
49
57
239
259
61
230
259
148
113
239
240
239
46
238
148
108
263
162
298
44
154
263
263
239
238
113
245
162
154
44
267
230
166
42
141
246
35
44
247
56
158
247
269
292
302
169
170
44
109
44
49
123
246
25
183
149
150
259
41
41
246
120
23
125
259
151
259
19
239
109
115
310
287
49
226
141
112
33
154
257
44
259
49
113
78
43
234
115
120
160
148
148
230
246
68
151
70
230
33
115
230
239
239
398
246
239
246
74
230
148
259
140
263
49
259
150
263
33
112
25
4
204
35
83
2
42
112
188
259
291
157
230
148
148
99
239
263
112
140
263
290
113
39
113
162
151
244
269
33
49
111
233
110
233
239
32
148
141
120
314
125
109
238
246
312
5
31
19
169
239
34
234
246
120
259
44
23
159
115
141
263
257
141
21
154
51
246
230
42
259
44
33
148
49
23
29
55
112
9
44
120
259
313
241
263
25
307
318
120
234
49
159
141
151
237
269
125
120
122
46
72
123
33
141
162
120
240
108
23
313
239
38
150
41
291
58
290
159
238
245
410
44
23
34
113
259
259
204
313
121
33
32
263
94
308
58
162
243
306
113
155
151
49
142
43
29
239
239
167
43
42
38
30
306
239
141
113
129
51
298
8
259
41
148
132
37
260
313
120
162
237
72
259
112
239
51
298
111
23
259
95
83
204
312
4
34
239
239
43
259
159
72
4
239
300
273
314
49
246
273
11
151
298
312
115
31
269
112
230
113
290
233
110
115
154
54
120
44
148
296
49
34
150
112
308
290
5
238
239
239
114
43
152
112
38
259
60
112
255
122
284
115
49
259
162
111
120
318
239
154
152
73
49
140
61
333
70
259
259
306
148
246
16
246
106
22
110
239
70
151
120
246
151
335
44
113
234
112
270
308
148
143
110
318
33
246
82
4
239
34
108
159
34
157
112
34
234
335
234
230
152
70
49
115
51
151
70
162
17
121
287
111
44
239
298
269
136
32
238
313
271
284
271
114
113
51
115
57
34
246
239
78
238
318
151
230
114
34
8
51
10
8
236
49
120
162
44
304
58
49
148
123
238
44
33
234
269
136
42
239
71
49
239
5
229
159
159
154
162
109
151
154
284
49
31
2
72
148
239
239
51
143
31
109
38
79
239
170
115
49
42
265
129
44
148
255
58
153
23
49
273
43
358
230
141
312
51
162
80
259
162
32
259
19
68
45
310
68
115
239
95
243
68
239
33
159
48
202
240
5
304
43
55
49
43
8
109
227
109
44
44
159
112
247
115
70
112
159
162
153
140
238
115
318
112
44
112
115
306
162
239
113
300
246
56
259
145
49
44
33
92
173
33
151
238
120
92
33
284
141
4
34
44
230
244
240
48
134
148
284
297
233
312
273
38
368
129
49
115
238
49
68
287
239
188
64
70
113
155
259
4
247
34
49
278
159
28
51
312
112
37
239
238
113
263
112
49
246
28
148
273
112
155
33
10
73
141
42
25
44
334
148
229
19
4
123
32
234
188
41
293
239
298
38
58
8
173
111
112
113
1
318
32
19
38
78
159
2
259
33
259
183
49
72
42
243
259
155
313
333
312
234
48
83
51
70
259
148
240
42
111
259
34
293
312
227
64
205
155
51
162
152
38
306
42
2
49
92
113
112
239
44
34
234
263
405
111
263
44
34
113
101
113
166
263
304
239
284
51
154
292
115
51
233
115
59
312
5
111
239
143
33
312
105
304
64
233
298
148
71
231
259
260
263
113
31
233
246
40
229
23
312
111
290
298
35
151
239
111
112
298
112
148
300
18
39
71
10
230
111
164
129
271
300
162
253
151
270
49
82
259
67
55
111
44
154
106
304
109
121
230
230
120
304
78
108
25
230
246
57
115
162
234
239
246
6
234
51
238
318
4
240
312
300
239
19
238
112
239
141
8
22
51
227
35
239
120
239
276
304
111
239
247
109
296
112
49
33
141
122
148
49
141
49
8
113
239
246
188
284
159
230
43
308
8
34
334
34
92
34
230
103
259
263
49
263
44
68
113
34
113
239
142
259
313
247
317
239
113
259
151
239
116
25
292
239
312
389
49
211
239
47
49
152
152
32
58
123
239
112
58
31
227
25
2
51
51
41
64
205
10
140
113
112
126
112
9
70
113
8
8
227
263
273
234
239
70
141
72
273
78
40
134
94
234
61
159
68
26
112
306
239
19
95
188
246
43
304
263
273
49
49
163
230
62
52
307
120
113
115
188
112
5
112
313
28
313
347
239
110
92
33
67
201
190
313
239
118
49
23
44
49
318
111
313
30
45
10
296
238
313
313
34
10
92
255
111
291
307
22
152
111
19
113
113
263
313
362
109
290
65
4
140
18
239
33
246
259
54
294
263
239
318
154
263
33
112
111
49
259
239
68
95
101
33
115
31
64
389
312
243
292
106
246
115
70
21
300
313
239
255
118
122
148
154
233
44
239
112
312
49
239
112
112
49
43
111
203
113
246
263
314
284
318
44
133
47
92
44
154
65
33
92
154
243
312
259
313
76
135
38
10
22
31
230
29
259
273
313
95
290
133
162
312
155
294
34
348
44
49
263
8
76
141
68
255
116
69
56
230
44
62
241
49
110
73
162
263
5
243
8
308
31
148
51
312
116
54
112
112
101
93
162
239
273
34
49
49
246
157
44
312
160
230
73
44
211
51
32
123
312
62
31
70
89
33
247
70
22
248
73
313
110
112
378
111
41
150
19
214
33
8
112
10
304
167
155
308
246
313
99
84
113
33
8
49
95
110
43
151
120
313
259
148
49
155
239
44
313
82
313
44
79
49
259
49
49
307
32
313
148
246
83
92
173
259
5
310
34
22
173
335
112
312
302
8
4
151
54
103
113
148
120
112
61
121
8
276
239
64
240
49
71
304
32
238
26
24
18
259
10
65
76
34
64
116
188
25
112
22
92
187
52
211
112
42
239
105
148
198
313
65
308
264
49
24
1
41
151
205
70
32
59
32
112
72
22
22
313
44
70
112
273
24
32
44
37
159
318
65
44
238
324
335
335
108
313
260
233
49
159
313
244
108
49
82
122
229
120
112
169
316
313
120
313
378
120
300
304
115
141
300
306
150
49
239
313
313
313
313
73
313
313
313
152
44
313
33
238
151
92
33
239
113
378
74
34
141
47
111
133
8
70
109
155
32
112
150
112
313
22
32
263
239
292
312
44
205
114
239
111
312
252
269
71
230
150
34
22
34
313
67
38
173
111
34
294
333
324
64
78
230
234
32
11
253
64
230
32
113
129
262
230
16
32
34
162
239
31
239
238
312
17
161
106
92
150
239
29
141
95
162
263
10
263
112
270
263
2
230
155
306
49
239
112
49
148
41
44
152
49
188
151
273
239
239
112
22
51
70
64
23
106
161
290
146
68
128
112
263
313
111
191
51
76
308
110
111
120
313
40
141
65
32
4
112
22
116
19
155
158
312
106
49
111
245
239
160
300
246
43
237
92
315
160
112
313
160
63
313
154
33
112
300
335
47
99
49
313
2
49
312
306
49
210
227
5
32
148
211
259
298
291
239
296
8
204
144
43
39
225
263
8
294
173
259
239
149
99
296
112
148
43
38
152
49
35
128
284
246
49
120
112
84
211
92
239
29
67
112
42
112
16
284
43
70
27
26
121
259
67
109
32
33
294
155
245
67
294
35
49
259
381
152
115
49
44
112
61
316
299
19
45
22
318
284
67
111
148
313
49
217
115
70
230
157
70
54
44
313
49
111
34
152
44
312
78
114
298
49
84
239
34
238
239
70
49
71
31
150
49
51
150
118
246
259
95
114
114
114
83
113
318
159
29
4
4
8
67
159
155
54
111
324
162
84
259
61
76
108
230
148
26
160
157
110
111
33
49
92
205
83
83
120
302
15
95
33
236
312
70
239
234
230
35
73
313
112
120
49
108
43
43
43
151
287
65
300
65
335
151
32
148
152
159
152
50
152
22
110
263
106
80
71
246
313
188
238
16
8
285
120
313
159
44
273
318
273
312
24
29
8
95
8
244
259
173
67
34
45
263
242
84
111
95
313
112
313
49
95
92
49
40
24
110
10
324
2
38
263
159
72
49
183
19
230
44
270
263
273
159
14
51
22
259
159
230
114
304
239
313
74
22
57
255
227
32
239
234
112
112
64
141
84
47
234
92
155
26
120
34
111
44
105
24
49
284
70
14
318
152
254
112
247
22
204
72
152
239
159
239
252
263
111
51
311
123
140
22
112
151
70
32
112
239
32
44
49
239
32
239
22
152
234
22
92
313
114
259
158
239
269
83
110
112
22
26
31
159
78
244
234
111
64
263
111
44
22
313
8
141
80
313
239
238
128
269
32
49
151
49
2
300
225
152
293
313
113
49
230
313
313
246
32
159
112
112
155
84
234
160
312
318
239
111
255
112
239
111
335
32
118
188
191
151
12
151
313
315
378
243
160
148
34
71
162
233
162
155
159
38
71
294
155
159
318
304
11
304
92
42
313
313
62
173
84
32
259
335
151
263
246
80
246
159
265
34
188
70
112
2
34
22
212
34
90
40
169
239
246
318
22
18
239
152
248
22
105
41
92
263
70
111
109
49
66
51
34
313
152
10
168
261
152
173
159
71
44
259
302
141
152
32
242
70
22
290
59
120
154
243
112
44
44
113
159
49
113
32
234
120
36
92
33
312
40
26
239
51
38
293
312
44
313
32
10
8
190
84
32
306
35
32
33
103
49
313
313
31
90
29
225
5
26
98
315
173
114
49
313
113
173
270
239
306
112
84
9
239
26
49
313
141
313
160
34
313
10
313
10
154
312
152
10
111
55
18
159
151
152
94
239
259
238
32
273
318
263
239
230
33
276
103
44
54
259
63
114
112
233
87
65
84
95
70
50
148
188
141
313
59
92
112
111
239
82
137
170
314
113
273
49
70
40
162
111
152
118
259
154
44
113
41
68
8
112
246
152
98
112
106
159
239
111
313
239
140
49
239
201
92
25
111
246
162
112
82
95
5
238
155
10
22
284
243
318
112
84
259
294
32
49
246
313
263
229
19
239
229
49
246
64
61
300
248
263
239
312
234
121
257
121
169
284
112
10
159
210
40
215
112
34
113
262
207
152
92
148
111
32
150
150
208
151
26
24
2
32
112
292
263
173
82
255
6
306
113
230
233
120
42
289
80
313
239
173
64
239
294
270
139
313
44
54
68
80
140
234
82
313
239
143
313
32
188
205
239
32
114
178
188
239
32
230
65
113
239
49
313
44
294
32
44
378
152
259
141
162
92
318
318
155
22
234
49
67
324
112
257
158
238
155
189
115
40
246
92
2
128
273
49
159
70
141
71
150
246
40
106
148
150
148
313
273
238
152
335
8
378
112
64
152
41
68
313
141
313
73
300
12
12
112
71
275
115
22
120
259
239
5
259
174
5
162
158
277
142
312
150
273
273
233
71
299
293
246
120
273
71
263
230
98
141
134
313
318
264
313
36
152
148
108
83
32
13
22
58
141
141
49
151
335
162
82
4
263
273
246
2
82
141
120
302
153
153
35
257
264
46
259
159
70
108
73
157
263
148
9
112
89
70
70
152
257
239
22
12
259
112
88
72
238
38
151
299
316
261
173
22
23
2
67
160
312
108
26
26
234
112
160
43
32
204
188
22
141
2
313
276
142
239
40
263
84
309
71
259
73
137
49
18
335
240
131
112
8
22
8
95
45
22
44
239
152
127
151
152
300
264
141
49
141
313
33
239
244
148
129
31
33
80
88
141
264
152
106
8
244
313
313
44
151
182
49
113
116
239
188
309
303
307
275
307
246
239
49
33
110
152
158
249
249
347
313
32
150
110
318
67
140
109
49
123
110
270
198
110
143
207
239
240
105
26
293
150
269
227
238
93
85
22
67
153
155
32
257
270
111
233
318
84
22
312
239
239
265
261
259
300
313
113
134
46
80
239
324
233
113
259
25
313
269
112
44
141
110
111
313
28
2
44
44
49
151
44
140
257
112
243
111
40
298
113
312
152
154
362
24
259
76
152
83
92
106
324
51
33
112
140
299
310
310
67
49
204
44
324
84
152
44
152
22
84
312
170
260
33
8
22
234
32
18
239
110
151
108
35
162
205
112
302
10
88
148
70
240
148
140
22
235
269
230
44
90
230
313
318
260
159
293
142
38
52
307
82
44
120
33
22
120
152
204
34
44
49
120
127
71
8
84
157
71
173
33
68
259
259
234
32
312
109
141
44
248
158
22
150
261
72
22
173
150
110
273
98
22
276
230
238
142
299
111
241
313
142
58
313
116
110
155
67
190
159
187
19
318
32
2
227
141
324
40
40
152
263
239
42
2
108
92
33
63
8
22
114
389
59
92
152
106
61
22
237
82
143
71
257
180
121
151
65
173
44
49
64
44
66
122
241
120
313
163
2
154
82
152
239
44
251
140
141
5
152
35
26
405
252
264
113
70
8
153
32
32
173
259
71
40
53
312
112
110
105
92
155
239
284
32
32
32
34
32
32
239
32
161
49
22
89
161
65
312
159
111
246
230
63
313
49
313
49
234
199
152
152
76
152
273
46
159
284
72
253
173
25
239
152
151
142
61
28
269
120
121
324
284
148
80
153
46
129
252
273
248
44
270
302
273
140
166
201
230
273
335
112
34
141
259
70
312
22
89
26
290
19
155
239
40
136
106
33
110
92
34
246
49
61
312
152
106
73
152
95
152
83
233
240
263
49
93
112
115
40
50
103
259
23
312
70
5
40
80
22
142
106
273
263
92
239
315
308
262
174
132
240
148
234
284
145
70
43
239
141
276
106
190
95
32
106
35
159
19
318
240
108
141
239
240
84
300
204
10
44
68
313
143
151
22
166
44
38
73
5
115
106
114
302
24
141
230
44
129
151
4
95
242
44
65
230
336
284
263
43
35
106
261
49
259
26
240
246
84
92
22
92
306
159
315
84
239
170
378
170
315
182
158
78
92
306
148
80
32
108
158
112
44
112
92
73
233
324
70
67
9
22
80
170
33
103
341
33
114
50
44
103
152
136
269
84
150
111
173
398
248
64
290
261
252
141
162
19
264
43
141
44
314
247
40
44
275
290
22
190
34
204
313
143
300
83
112
165
9
303
148
263
276
80
111
126
82
307
313
111
318
44
120
22
164
71
2
150
164
269
44
378
269
152
23
26
141
33
113
154
84
64
248
44
25
162
112
120
152
312
239
114
163
71
95
238
44
259
33
74
243
73
92
37
3
92
293
315
49
32
33
230
259
112
92
105
76
152
313
90
49
263
312
105
270
34
70
239
110
12
335
188
22
92
103
210
84
259
34
397
318
22
49
127
294
140
273
73
259
65
313
49
299
259
8
152
190
67
170
313
44
313
46
82
141
126
276
248
80
211
381
170
269
44
151
68
313
66
151
239
120
44
31
307
133
84
275
312
152
32
276
273
67
323
95
92
264
95
292
251
89
230
99
152
44
73
106
287
22
32
32
32
32
275
67
67
22
42
140
111
84
24
80
102
152
106
313
250
239
22
117
9
318
157
187
259
313
84
112
198
22
92
18
170
225
248
22
150
227
306
190
27
71
120
300
299
76
158
92
38
205
34
18
92
49
84
64
34
313
108
49
126
263
44
266
230
314
68
245
25
313
35
253
314
239
84
120
8
82
43
167
312
49
225
87
82
80
132
35
313
34
112
259
44
136
167
112
90
112
313
214
70
71
71
84
318
205
157
111
3
148
33
141
239
112
111
162
18
2
44
62
44
52
307
109
95
81
294
140
265
145
59
120
290
12
84
84
114
111
233
92
80
105
190
190
84
26
155
235
49
41
4
183
92
84
157
205
207
205
190
120
114
117
34
8
70
32
95
59
109
44
364
284
33
140
46
44
14
105
94
190
205
259
78
247
27
115
141
239
273
150
122
35
269
152
131
141
276
32
38
157
10
239
52
32
151
250
44
44
263
38
302
62
49
255
153
398
241
273
71
162
112
263
32
159
306
273
275
95
239
150
190
2
111
263
103
100
112
173
120
34
142
59
313
239
314
253
84
111
61
259
269
270
102
151
67
190
239
140
32
299
259
233
317
92
312
299
121
173
61
158
44
260
51
152
26
31
217
141
4
151
48
190
120
259
140
127
230
306
159
162
233
259
259
84
140
140
140
140
140
151
150
259
159
34
127
347
259
225
230
151
57
140
67
84
154
64
44
141
257
151
300
173
110
61
33
234
239
49
263
64
61
63
95
312
26
193
315
227
65
336
70
22
148
277
148
84
315
259
160
71
52
316
59
307
263
117
2
248
246
112
44
72
44
34
92
188
73
114
296
70
26
113
228
324
152
92
49
290
230
111
84
244
16
109
113
312
108
230
159
227
211
44
230
44
120
113
230
153
82
82
151
233
259
49
50
246
59
54
44
151
120
257
234
140
33
140
190
158
32
306
76
140
54
48
239
230
44
115
66
230
112
170
170
170
270
238
150
115
264
141
48
18
262
234
26
46
250
116
8
284
44
49
82
103
43
232
49
120
270
40
73
59
84
129
112
71
150
315
284
111
239
315
84
70
112
159
141
16
110
267
141
121
120
91
259
230
82
324
277
11
299
324
44
84
32
84
158
92
179
315
103
92
190
315
219
284
230
190
307
226
237
44
34
49
262
49
111
40
294
369
263
84
259
302
244
4
208
239
32
153
315
80
324
122
80
92
84
9
239
234
141
230
33
239
111
3
14
263
240
244
244
109
314
257
61
335
191
335
259
167
234
151
59
73
134
46
150
299
151
83
290
240
324
4
34
335
64
335
162
84
71
42
44
49
34
112
48
295
111
44
158
35
78
170
105
315
150
335
335
148
259
312
44
22
313
115
5
140
80
25
154
162
84
84
59
162
154
62
49
141
335
150
242
4
259
239
141
163
67
141
44
238
269
112
162
111
127
33
150
116
259
44
162
142
84
141
307
59
95
302
240
44
141
23
151
8
243
230
239
151
141
40
234
129
120
25
251
269
151
142
307
150
238
308
150
44
239
44
179
32
44
179
59
110
120
243
239
44
122
141
68
290
240
325
43
378
150
136
239
120
33
335
327
34
259
148
115
44
70
157
84
33
150
129
123
313
238
64
302
269
264
66
120
25
304
80
123
245
2
44
257
151
233
233
259
264
92
239
35
44
143
46
159
244
234
178
313
140
44
330
233
64
141
259
109
114
114
52
114
141
299
6
84
80
141
66
239
234
299
92
336
240
132
44
259
326
108
84
93
5
108
28
112
257
139
292
336
54
120
110
266
335
141
338
48
140
67
8
8
238
154
292
164
109
331
44
101
259
70
46
343
230
166
71
34
263
264
312
325
140
110
290
259
123
147
168
397
33
328
105
23
3
327
112
109
37
38
33
239
140
292
248
110
140
284
290
140
239
162
296
3
113
389
398
290
263
327
330
307
140
93
84
263
253
112
151
16
255
299
239
330
234
115
162
68
68
34
8
276
330
68
263
253
152
84
335
157
152
129
93
37
58
108
46
70
158
33
300
255
302
316
97
176
140
129
49
141
290
44
150
91
228
59
123
243
112
151
335
84
59
120
111
269
120
115
59
259
44
263
66
27
108
159
150
44
33
80
129
141
44
259
114
239
17
290
123
151
141
123
151
92
233
44
120
44
44
302
150
150
259
59
44
33
257
35
397
298
142
234
140
109
159
140
148
33
44
120
263
44
335
120
33
129
8
64
44
49
232
49
148
151
230
120
44
113
122
244
25
238
259
59
162
44
239
151
44
234
238
269
59
167
39
46
141
151
249
290
233
120
120
44
44
234
238
44
264
151
44
239
44
148
259
54
234
120
245
117
44
153
151
238
245
245
302
239
68
61
257
259
173
112
64
235
110
367
52
