109
314
108
111
150
148
318
267
297
120
111
151
313
172
43
109
22
73
35
33
353
168
35
300
49
188
32
49
267
116
108
293
362
111
238
239
318
148
230
153
8
318
159
245
152
95
22
152
257
273
115
244
259
234
113
158
152
49
259
49
32
318
148
246
300
335
152
40
259
300
49
246
259
257
335
49
257
134
147
34
24
109
37
29
293
29
26
26
238
125
233
304
336
116
76
123
40
230
148
238
62
65
2
22
151
300
253
236
106
106
35
188
152
120
40
152
152
152
259
111
152
233
67
244
24
8
259
230
230
111
239
9
40
120
234
150
246
155
34
111
120
35
111
309
265
37
148
234
74
35
20
32
290
284
230
111
152
152
90
148
233
211
234
49
160
294
67
297
34
255
241
293
3
257
2
239
71
44
79
70
389
22
22
22
152
67
22
273
273
67
273
141
273
273
273
48
34
9
71
230
300
95
261
34
111
40
324
40
257
148
32
16
48
8
120
18
108
95
299
239
316
32
22
314
111
108
36
108
16
155
308
148
34
141
239
39
92
112
314
148
22
90
152
151
239
16
22
22
108
389
92
134
111
39
3
284
78
26
264
134
111
155
111
71
116
92
38
309
309
40
317
271
160
40
84
299
108
275
154
239
18
245
269
75
49
92
161
40
40
271
304
318
114
290
16
98
67
55
71
114
353
71
63
71
263
273
22
71
92
140
259
136
160
74
40
92
35
26
173
98
49
49
155
39
264
40
40
230
92
71
22
9
297
40
300
92
92
112
116
26
230
9
8
49
159
216
98
44
16
71
168
34
26
6
320
92
112
148
167
290
150
118
238
67
313
80
304
6
334
63
22
335
148
389
315
161
314
108
250
262
71
159
333
108
318
314
116
140
299
2
233
70
8
8
397
36
139
324
31
132
173
290
12
259
92
108
67
259
322
233
320
300
160
140
270
70
116
34
35
308
210
263
158
33
230
3
250
335
251
337
111
152
327
40
92
71
40
320
150
44
92
8
74
74
5
150
158
314
373
108
35
259
140
16
67
92
80
335
8
292
239
84
48
387
22
160
39
160
20
172
120
