233
64
44
120
44
150
276
54
246
226
136
165
120
70
109
150
34
44
230
108
120
257
108
120
298
324
121
165
33
150
398
233
239
246
270
9
242
259
141
33
229
191
225
51
205
243
243
239
165
259
108
120
216
71
239
71
49
70
234
300
310
215
160
118
95
70
234
49
246
153
269
44
165
75
22
70
233
159
33
44
259
230
239
157
259
67
67
230
246
188
150
83
33
73
111
49
238
244
41
150
162
71
239
239
49
307
29
307
70
271
34
243
234
306
304
120
230
160
398
300
113
234
155
90
233
230
293
115
307
259
41
230
40
109
26
111
293
279
261
120
167
168
71
244
300
120
40
165
35
271
120
123
152
158
152
168
150
109
118
152
120
259
120
259
233
115
239
306
71
152
38
246
111
54
152
230
120
246
230
68
259
44
49
230
239
162
34
230
304
34
120
168
307
252
261
284
113
234
234
49
115
200
22
54
152
306
161
284
22
152
152
71
67
34
152
239
70
44
234
120
49
259
141
26
188
230
230
106
230
159
152
34
307
71
300
271
111
169
10
91
234
188
49
112
49
49
40
141
32
33
76
152
33
118
40
37
49
71
22
165
49
239
162
155
141
293
26
33
53
244
246
22
233
32
234
139
67
67
22
67
239
165
259
259
54
44
40
239
64
29
271
120
206
159
230
233
160
22
165
162
32
35
34
259
38
246
54
34
152
22
204
246
49
32
273
293
150
238
290
16
157
159
40
234
111
294
32
152
284
271
165
165
234
246
59
106
34
165
279
35
113
141
152
239
300
152
120
49
114
120
234
125
300
239
165
95
108
109
234
204
49
270
160
71
49
296
152
390
22
43
2
22
113
3
120
110
304
230
49
230
70
230
49
22
183
112
239
111
271
71
76
233
300
244
40
49
92
44
318
71
241
67
173
161
160
249
44
284
150
259
165
259
141
239
67
318
8
120
92
92
141
67
8
47
140
79
246
173
40
44
239
275
191
271
318
92
246
129
152
159
241
241
151
40
238
238
314
397
32
40
40
26
239
300
238
230
108
70
108
323
8
4
65
159
38
32
293
168
106
40
230
244
205
111
38
141
158
136
108
362
46
118
40
160
40
234
106
108
120
141
44
152
271
49
106
233
158
165
246
151
139
38
307
159
165
160
120
136
71
9
40
34
9
34
8
67
73
47
141
152
318
273
165
139
98
136
151
152
304
49
92
307
118
150
141
137
304
75
160
316
32
141
230
160
40
73
41
259
398
71
150
152
307
234
69
150
136
70
70
40
230
34
49
34
41
324
294
95
71
95
243
307
34
49
26
9
246
234
91
142
299
9
233
165
2
120
22
317
259
152
188
33
151
165
40
10
324
22
141
106
335
40
95
238
267
120
304
318
78
33
40
239
10
241
71
234
230
63
8
44
369
233
33
241
9
71
369
106
267
312
18
165
95
136
34
44
49
151
103
34
8
165
259
160
300
40
95
120
298
43
118
92
92
40
18
32
150
10
32
33
40
234
160
26
33
307
71
26
152
71
244
120
36
238
259
40
22
69
22
233
234
22
304
238
8
260
238
22
96
239
165
152
33
111
10
38
210
389
293
159
160
161
22
40
33
271
160
70
267
165
48
233
314
238
136
32
160
71
160
261
205
40
35
233
71
152
4
154
9
238
32
234
71
284
151
236
120
300
308
306
32
49
161
111
34
138
71
206
294
8
259
230
70
73
160
230
118
34
54
306
8
290
111
304
32
152
244
160
165
49
70
22
51
120
120
239
44
95
26
26
389
271
154
26
120
16
230
47
76
40
120
52
92
160
44
44
62
41
234
318
318
22
71
152
159
310
259
70
78
22
243
312
267
238
318
160
239
36
2
120
152
44
33
307
76
293
260
3
198
26
318
287
189
120
233
40
120
70
290
284
158
3
165
87
76
300
9
54
31
283
120
31
293
111
239
92
270
187
95
165
269
9
159
155
160
26
198
161
120
131
71
22
137
181
57
151
275
188
109
165
33
234
284
271
95
148
229
229
229
165
321
71
22
49
243
34
246
304
151
271
140
159
259
165
241
335
153
230
273
165
111
259
120
143
72
120
73
243
307
115
95
44
150
106
257
259
241
161
136
150
76
148
230
111
336
34
40
44
398
151
148
337
120
240
296
40
160
236
320
328
307
74
70
167
331
70
260
105
78
120
34
154
159
115
290
1
310
91
70
105
70
141
49
284
240
318
92
108
365
113
252
378
307
378
154
244
290
284
57
120
91
284
155
140
165
44
150
259
141
259
392
131
231
234
304
257
115
52
