398
44
314
108
257
44
62
246
246
125
113
157
123
49
259
44
295
234
233
259
238
111
234
44
241
246
165
49
253
49
362
49
234
152
246
148
233
246
362
229
49
33
108
41
158
113
120
267
71
234
152
230
22
38
120
159
239
40
120
112
188
90
114
229
173
2
65
300
300
49
2
114
259
239
290
71
57
111
318
115
108
234
108
67
150
120
150
230
2
234
120
105
241
35
215
40
273
108
67
114
70
43
230
16
70
159
111
57
49
62
28
230
261
90
44
259
234
38
70
323
32
230
111
129
234
234
259
109
57
239
67
155
168
54
40
49
304
293
300
29
230
112
49
318
38
294
230
105
38
241
41
271
304
304
34
49
108
159
57
230
259
238
150
67
106
120
307
118
243
229
230
20
95
241
105
113
241
40
136
300
290
246
259
168
16
304
67
116
234
62
234
111
259
239
230
230
148
259
230
8
230
300
307
44
246
152
150
22
111
40
120
73
49
300
26
49
250
297
109
49
259
205
234
115
141
33
32
114
234
155
34
230
44
141
71
152
259
230
120
120
120
54
150
29
148
259
115
95
123
32
44
120
150
70
244
57
92
111
148
162
336
398
246
22
108
34
150
300
238
267
230
38
253
71
118
230
8
120
8
70
40
234
405
38
152
312
70
26
150
159
239
40
38
68
68
33
67
229
300
37
308
49
152
239
109
234
259
304
49
334
243
49
150
152
151
33
44
161
159
95
140
239
333
32
76
26
113
9
8
120
244
115
318
38
38
307
234
290
157
70
22
32
239
300
271
120
152
146
120
117
230
109
78
318
76
239
291
40
32
150
24
136
92
230
204
389
44
261
111
157
371
304
204
111
141
318
49
44
230
4
270
67
294
24
49
293
150
73
239
120
40
22
261
108
230
154
230
234
150
239
259
34
120
300
71
152
123
304
40
290
230
40
239
63
293
70
109
226
141
307
152
157
123
294
78
69
49
294
33
109
141
71
113
2
239
40
159
300
120
323
67
238
247
106
239
71
152
57
32
44
152
120
2
300
63
318
105
70
115
111
32
153
22
239
83
246
244
162
49
37
275
65
164
152
5
95
271
390
73
32
32
40
152
292
160
105
70
239
238
239
120
106
34
71
31
71
92
108
49
73
70
49
120
335
230
67
205
129
267
22
40
116
271
89
8
161
362
73
312
307
22
106
318
49
234
9
34
152
48
183
69
284
71
118
159
61
238
318
318
234
239
161
238
230
160
152
92
40
40
120
241
3
152
32
283
71
67
152
230
238
257
49
32
22
32
76
22
31
71
152
299
241
238
152
115
154
190
33
154
2
58
22
9
259
116
43
74
70
5
275
120
92
71
49
40
304
91
71
152
200
152
73
233
160
309
234
315
26
318
34
110
8
106
161
283
151
18
300
273
187
244
3
270
234
41
269
244
65
34
215
71
120
95
141
114
200
190
9
189
194
230
141
79
34
40
71
162
170
111
293
70
250
111
120
95
189
234
35
295
111
111
105
336
120
26
67
152
34
155
106
151
67
239
230
92
152
159
239
67
10
32
36
120
71
273
49
152
136
333
306
257
263
92
287
273
40
71
67
111
239
111
160
112
108
239
142
26
26
273
273
273
190
238
99
108
160
153
34
69
74
316
26
141
259
31
92
136
18
284
157
107
157
160
294
335
318
300
47
371
31
150
105
33
75
160
304
338
234
230
300
36
314
108
137
95
40
84
198
70
136
22
157
26
299
239
8
141
150
152
253
241
92
9
9
259
24
102
36
40
10
234
300
244
293
111
133
318
34
22
35
160
318
239
92
47
315
267
160
38
233
88
161
49
74
125
95
40
239
12
71
160
318
9
24
297
2
32
92
271
49
57
299
92
70
9
159
318
72
315
108
234
44
106
244
36
293
32
390
40
40
161
54
9
120
318
63
70
205
188
234
67
273
157
2
71
72
161
34
65
312
293
148
4
141
92
120
40
113
152
24
95
159
283
67
230
141
1
91
318
57
230
92
323
59
70
116
290
62
114
160
150
239
233
362
250
150
95
35
300
120
5
92
167
198
49
321
321
321
160
157
79
105
151
187
133
151
304
259
230
165
105
70
33
397
8
57
142
239
335
246
120
239
362
24
259
151
105
244
148
336
159
118
300
239
54
335
136
71
150
259
168
333
337
22
105
68
108
317
68
290
230
154
150
284
284
3
257
33
248
118
290
159
40
92
120
234
92
44
314
8
230
241
