80
230
318
38
300
109
333
49
230
32
40
38
271
246
300
234
71
154
335
158
300
320
57
9
297
108
159
22
115
70
234
67
267
293
300
120
259
226
75
259
230
67
230
318
242
153
234
40
243
53
173
49
116
246
26
259
155
116
150
230
310
71
259
49
40
22
22
257
67
304
16
234
37
300
8
26
300
244
8
111
2
34
65
259
210
118
260
113
234
67
234
318
304
150
24
49
239
47
239
49
76
8
22
27
109
151
230
44
307
297
162
112
35
293
10
8
111
402
111
110
116
290
49
150
95
261
108
188
32
32
45
244
90
121
22
376
398
318
152
230
49
40
111
108
284
49
120
150
65
70
155
120
151
33
293
151
246
314
239
109
405
150
336
22
41
140
40
230
22
106
40
336
26
359
16
71
287
35
40
230
141
152
123
257
71
29
108
123
300
71
22
111
234
155
40
71
259
150
385
257
150
257
234
108
257
243
318
152
155
16
152
116
35
173
22
18
95
230
115
152
113
154
67
314
158
111
37
208
290
238
32
157
168
71
47
140
239
39
155
116
48
120
131
233
239
230
308
52
22
238
151
71
40
173
95
120
92
141
95
183
234
239
188
111
40
26
70
152
259
44
52
40
336
159
137
70
22
292
260
141
271
152
111
32
40
292
148
84
390
141
112
113
246
152
310
108
239
160
150
362
70
160
243
32
244
318
68
44
24
140
40
14
105
26
49
205
290
26
26
16
92
300
44
49
71
40
40
152
246
259
336
70
308
290
49
95
238
300
71
95
151
112
159
72
67
94
49
160
44
240
239
260
234
148
140
92
314
157
239
32
26
300
140
70
3
47
71
70
105
150
34
312
385
34
82
273
44
284
111
70
71
244
94
336
398
283
22
320
390
259
161
18
143
143
3
314
10
243
154
65
141
312
71
314
71
69
56
118
1
170
299
135
16
230
35
