251
48
54
44
44
165
398
276
250
251
44
57
44
48
54
44
48
251
44
120
398
44
250
44
44
120
54
165
165
150
276
44
165
61
44
165
64
229
105
314
165
165
120
33
44
109
44
165
165
44
44
44
54
44
44
44
120
25
251
49
109
261
165
165
165
165
165
83
230
109
239
165
165
109
109
314
165
111
239
49
78
159
152
49
38
247
300
347
150
146
290
120
40
160
263
230
120
239
241
79
150
276
31
243
229
44
49
109
234
248
40
243
165
44
169
120
300
300
244
68
141
83
188
141
252
233
49
300
41
41
115
109
71
152
37
4
38
250
44
230
108
54
150
261
261
239
67
238
398
70
49
90
300
40
115
241
76
115
230
173
54
92
246
263
246
76
114
150
64
314
113
29
95
336
300
150
270
150
140
257
233
109
259
67
68
120
150
154
2
238
49
120
230
314
398
71
49
32
33
90
163
109
300
307
54
33
300
398
150
250
44
111
33
259
304
31
109
234
120
152
239
230
44
300
270
239
83
152
159
259
37
152
49
230
295
33
150
120
49
65
149
70
241
33
238
295
140
259
259
239
32
152
259
259
34
49
2
108
154
44
398
34
120
8
41
64
120
106
115
307
139
120
118
106
49
173
54
243
259
250
54
267
151
95
49
152
120
67
120
9
150
33
162
45
234
49
33
2
112
263
57
259
71
49
152
44
49
9
259
73
49
246
109
243
49
246
140
230
284
294
304
152
90
115
105
152
170
120
143
120
150
22
92
259
41
84
109
263
263
42
234
271
141
259
34
120
234
92
259
239
259
271
234
22
126
230
150
152
318
33
234
33
34
152
259
49
293
238
91
109
259
230
94
246
230
230
33
4
246
259
95
40
8
230
151
306
150
123
200
152
150
234
40
67
44
167
284
239
67
152
300
230
238
151
239
108
259
121
111
70
233
68
16
259
259
259
259
398
44
123
302
152
230
159
152
31
324
44
290
293
120
8
6
8
94
6
111
108
74
300
150
168
83
49
249
120
230
111
259
324
22
168
5
73
61
114
169
152
233
71
230
92
14
152
64
40
267
239
244
40
24
241
188
239
233
230
152
234
115
227
165
154
152
259
284
112
271
170
152
152
120
188
111
300
210
8
239
50
162
120
239
38
140
70
230
22
398
151
123
275
26
184
241
120
109
71
165
33
33
230
33
152
67
316
141
2
49
120
317
70
314
108
336
230
230
4
106
259
211
120
49
108
234
12
2
263
263
263
243
234
290
310
263
49
152
9
239
162
22
259
246
269
307
293
28
239
234
152
108
257
230
405
255
53
158
155
188
140
152
38
230
249
52
52
64
236
71
120
141
238
230
150
8
271
148
90
32
34
49
67
109
165
238
95
40
40
246
44
40
158
70
241
244
271
347
71
70
70
141
95
307
158
32
49
120
111
22
152
348
188
32
160
257
4
112
115
95
230
151
304
49
40
123
246
300
73
230
241
111
63
106
234
44
336
234
230
161
239
101
141
271
259
318
243
336
44
280
150
230
261
38
70
318
40
32
238
92
120
113
112
140
83
70
34
259
259
37
44
20
239
230
263
44
169
271
140
318
40
141
120
168
140
140
95
241
261
92
284
234
35
35
261
188
2
257
347
126
4
40
109
170
170
92
37
300
109
141
140
4
26
255
173
230
239
188
4
307
403
71
259
158
310
271
120
161
150
40
92
90
92
239
8
70
250
239
49
40
75
259
49
131
233
165
114
165
234
152
136
160
239
246
230
49
162
141
71
8
12
275
165
49
95
239
40
26
64
40
63
275
120
70
108
141
32
70
162
105
114
261
300
40
241
40
143
333
150
318
214
158
271
95
230
98
92
296
120
165
323
22
70
70
70
40
106
26
76
205
22
49
44
40
6
318
9
152
89
116
295
73
270
234
120
40
141
108
239
70
83
160
269
40
230
22
95
152
152
99
299
71
260
230
318
95
152
69
310
238
233
22
59
165
75
255
152
318
263
95
230
261
40
71
8
8
92
152
150
165
230
94
233
54
92
271
290
8
141
41
111
188
106
18
239
238
160
246
109
238
114
143
165
22
40
160
26
71
106
41
233
78
2
259
32
239
33
43
40
390
233
35
49
26
82
141
38
271
41
95
120
304
8
8
152
233
63
300
136
335
165
259
307
101
152
25
309
285
9
22
10
150
290
49
285
141
10
112
44
92
87
10
244
73
70
141
65
65
238
40
157
8
233
293
151
44
65
165
78
140
154
155
239
2
84
295
70
227
64
335
57
187
145
141
307
2
49
190
160
92
112
188
239
154
120
52
40
230
95
158
373
255
150
111
152
92
106
106
44
32
40
170
33
26
63
92
173
120
190
40
70
71
34
230
246
14
152
263
34
71
55
152
267
165
13
120
77
18
72
152
120
152
243
120
238
92
179
151
271
239
120
270
63
261
405
229
150
259
70
165
230
259
300
230
40
141
152
74
49
40
152
239
239
71
40
49
76
259
120
208
293
61
44
73
92
120
300
152
299
262
32
59
44
290
140
295
160
22
136
38
120
150
67
290
173
304
38
307
8
10
33
92
151
108
165
154
94
39
307
285
188
234
40
239
26
14
54
234
234
234
307
158
259
245
173
250
150
91
122
108
112
104
40
136
8
152
111
111
40
188
92
263
4
120
263
40
32
44
141
318
22
259
2
40
246
44
120
109
18
6
120
40
230
230
140
71
139
70
152
211
40
40
233
10
154
9
314
234
150
310
40
47
32
95
118
96
120
71
84
33
42
49
95
140
113
310
136
157
250
152
165
152
157
220
71
92
40
83
40
141
161
159
24
238
292
24
92
239
49
33
236
234
271
40
2
141
246
248
26
16
34
273
152
92
8
49
34
154
263
243
239
230
229
70
9
9
73
259
40
300
159
106
239
71
10
205
214
151
205
22
244
240
44
70
69
233
230
114
160
398
296
40
290
26
165
34
318
65
92
273
32
49
263
44
22
152
134
98
318
9
40
22
32
273
271
33
263
155
397
251
40
317
317
169
140
187
67
160
241
161
257
96
152
300
152
284
49
263
150
320
131
49
136
95
92
120
389
160
73
105
363
105
33
121
159
113
261
257
259
230
165
290
114
22
40
49
101
152
230
230
9
300
318
159
268
141
239
238
44
120
70
273
70
152
230
40
73
71
26
32
335
150
165
273
290
32
40
70
142
32
323
49
238
188
168
40
284
165
141
261
32
67
270
120
67
239
238
69
26
40
318
67
162
40
40
259
69
127
106
2
159
290
152
255
159
28
162
317
165
32
44
155
145
40
310
9
71
152
239
31
71
9
240
306
133
299
73
173
44
140
40
22
71
92
18
8
140
67
269
44
37
16
168
300
73
92
120
111
234
22
307
71
154
137
150
165
155
240
160
230
302
95
293
291
152
5
299
233
22
188
290
71
152
32
140
157
161
40
32
54
187
168
70
49
35
64
33
34
44
115
293
95
304
22
293
108
157
70
158
318
22
161
22
73
234
160
151
318
108
150
49
307
269
270
150
22
8
290
188
136
304
67
304
22
160
95
160
302
40
318
70
240
150
161
165
92
26
271
95
26
120
273
26
188
73
152
73
74
70
40
37
71
306
37
234
152
234
72
158
44
10
234
190
188
38
290
141
188
112
32
32
32
9
158
158
284
49
159
65
32
158
71
234
3
74
140
40
255
40
333
33
259
141
152
170
70
106
160
152
136
152
160
40
263
32
26
26
38
114
299
389
165
312
234
26
12
159
208
120
92
95
165
40
150
92
10
112
70
131
2
230
243
64
275
252
92
275
236
320
67
152
44
44
188
318
200
40
8
398
307
159
73
71
24
259
44
120
318
131
84
92
106
40
154
150
336
95
295
10
136
152
49
165
140
120
160
9
159
67
92
40
300
22
92
40
299
95
71
6
336
120
108
270
152
271
154
92
34
215
304
165
44
294
215
290
233
131
158
257
230
263
190
109
154
307
92
50
204
26
61
290
318
318
290
234
113
92
59
314
70
273
125
252
40
71
244
26
70
271
78
120
317
230
154
234
109
34
170
264
263
157
234
263
317
92
92
200
79
9
170
321
321
321
158
73
40
70
92
109
92
165
49
290
283
198
49
290
238
36
9
150
161
304
8
34
1
239
165
165
49
168
298
2
193
36
153
92
71
290
22
22
187
233
155
92
70
95
49
314
151
307
255
70
95
141
44
73
290
92
199
99
16
92
44
239
101
295
45
158
123
140
61
276
18
240
9
92
314
83
170
67
165
160
397
230
247
151
44
92
314
34
92
95
293
54
59
33
70
337
29
259
133
320
150
120
95
92
71
170
330
159
61
116
168
165
158
40
68
290
150
159
154
44
87
307
159
397
157
54
92
92
111
84
154
230
338
154
330
150
120
72
73
271
136
98
335
45
65
157
120
64
328
59
327
246
299
329
90
241
108
317
296
299
270
70
330
36
294
8
153
141
150
70
115
183
239
338
76
229
70
363
335
179
70
143
299
233
33
240
263
64
290
70
134
244
139
141
49
327
150
69
250
263
302
64
44
160
159
290
34
35
248
45
50
120
52
159
369
34
104
8
239
240
388
72
335
44
120
230
239
92
252
109
302
324
154
307
307
230
44
153
70
257
152
120
59
310
141
72
52
120
151
115
140
44
164
148
68
248
