297
120
128
307
230
38
300
230
318
116
76
41
22
150
290
247
167
111
31
118
90
253
70
152
231
79
230
35
234
113
259
159
259
271
29
128
37
151
160
246
238
39
33
111
111
40
116
120
314
4
259
40
115
162
353
230
239
230
33
244
49
234
293
128
152
120
259
92
233
116
241
111
148
318
259
230
234
2
31
71
271
306
111
290
158
70
108
234
246
152
267
230
115
239
70
259
226
259
70
297
246
318
154
70
245
111
47
9
70
111
151
70
49
111
70
111
75
148
67
120
16
297
259
49
152
270
148
259
116
113
33
300
300
307
362
304
259
108
106
24
108
128
234
243
307
300
16
259
161
241
16
306
14
8
16
16
8
8
8
8
16
14
16
20
111
307
39
173
35
259
8
70
70
116
71
307
95
70
159
148
131
253
239
238
109
111
324
49
230
152
173
8
234
148
246
22
49
230
152
31
31
49
22
239
111
297
290
239
92
334
159
229
234
65
159
116
307
71
32
141
8
148
2
152
38
307
40
40
12
230
318
239
239
22
8
18
95
111
39
111
311
48
49
311
157
2
306
300
37
243
6
236
141
141
141
92
32
22
148
318
155
152
111
40
234
307
152
22
246
78
293
310
116
230
111
70
31
40
234
290
26
4
153
116
159
70
153
152
8
116
116
304
293
16
8
4
8
70
243
40
152
5
284
32
336
304
120
72
233
265
40
373
31
70
70
141
148
6
233
111
95
95
6
238
173
22
71
70
111
33
92
89
35
8
141
293
116
40
390
16
324
116
108
116
26
240
34
67
246
173
26
71
8
307
307
230
108
307
16
26
234
257
2
239
63
8
108
230
108
16
120
16
108
155
16
271
64
300
190
248
114
336
18
116
108
159
157
22
226
148
89
26
181
70
233
14
70
376
239
31
8
108
49
34
49
18
34
111
244
307
230
318
22
239
245
117
241
369
108
31
244
95
333
244
12
40
270
118
239
111
259
35
152
141
8
8
307
318
259
299
136
140
159
233
151
40
405
67
12
26
8
111
40
70
26
111
140
92
32
108
71
141
148
6
167
115
108
158
230
2
8
141
70
34
233
22
70
294
140
154
244
234
314
14
72
270
270
108
10
8
35
16
40
70
308
248
312
78
261
70
63
240
238
318
239
72
111
70
104
116
246
20
40
111
161
141
31
108
29
161
160
188
141
141
318
16
154
158
159
26
151
70
314
33
246
230
59
14
49
10
320
71
70
211
47
70
111
92
48
44
239
28
315
277
148
329
335
113
240
244
273
111
230
257
140
71
33
35
39
300
108
161
240
318
16
39
250
240
356
31
199
22
240
240
92
369
6
92
20
