250
66
276
230
243
19
44
230
44
44
150
44
44
57
44
129
251
276
44
276
276
54
61
68
44
251
251
68
120
251
54
274
233
54
48
44
44
253
239
44
44
44
44
259
127
243
44
244
48
397
61
126
44
230
44
48
239
44
44
246
111
120
230
113
48
28
259
230
247
44
44
61
407
397
44
252
263
211
389
64
179
44
44
269
283
243
57
233
398
252
317
57
129
243
394
80
31
68
68
243
239
111
51
118
44
230
49
49
70
243
151
22
214
112
190
307
120
57
239
164
270
22
246
150
166
120
152
118
120
127
44
243
44
267
108
34
255
157
120
151
307
307
64
141
67
44
243
54
70
155
54
150
150
70
70
73
307
307
307
307
307
307
307
307
307
307
307
307
307
307
307
307
307
309
59
33
233
44
44
44
33
44
44
247
25
151
230
54
54
243
44
241
33
233
241
241
241
108
142
44
250
68
243
243
118
68
109
44
276
276
246
109
120
33
230
120
95
140
211
338
182
141
398
141
141
141
101
211
338
92
183
143
141
182
183
182
184
183
263
229
243
241
120
33
243
239
39
33
112
243
241
243
120
244
125
241
150
129
243
113
241
113
246
167
397
100
101
154
101
295
221
397
41
314
308
308
350
188
188
188
188
188
188
188
175
188
211
234
314
120
269
5
296
49
59
300
113
293
159
70
239
230
40
113
57
44
259
44
44
68
2
48
308
259
148
295
257
238
259
49
44
125
244
83
32
336
259
90
21
120
129
234
33
44
35
70
151
79
115
78
259
257
41
188
318
57
259
116
244
49
239
120
159
112
42
259
111
188
49
230
44
129
49
111
155
336
33
160
243
307
32
335
106
240
49
70
88
115
229
40
106
162
333
111
64
229
311
239
120
336
300
120
336
29
38
71
141
144
239
33
49
154
234
208
239
114
120
90
122
146
162
148
65
259
115
191
234
311
148
151
244
239
311
151
110
109
70
169
304
44
54
105
35
32
148
167
247
41
49
371
315
276
336
32
259
173
241
32
246
257
227
114
259
112
40
150
114
49
149
129
304
42
54
239
57
34
188
259
62
120
44
120
152
109
300
35
159
142
151
159
49
152
40
238
230
40
234
120
39
336
230
44
243
57
40
40
173
44
54
320
311
157
70
65
336
152
40
176
405
114
120
148
57
32
40
229
373
57
54
44
49
257
148
44
259
239
44
54
259
44
108
8
33
155
8
158
70
44
159
158
92
151
252
62
40
70
61
276
306
234
152
259
173
238
44
293
44
40
336
49
336
141
336
307
120
32
306
234
44
22
255
101
148
230
173
113
25
238
152
44
238
44
294
318
78
318
255
22
44
114
243
383
49
78
26
38
41
234
167
44
120
173
246
248
113
152
108
152
54
160
298
121
49
70
227
120
61
33
117
152
201
239
50
239
188
9
120
38
259
246
112
106
318
234
92
73
67
114
110
306
44
57
2
90
315
80
243
80
152
88
211
159
284
311
243
306
95
159
159
33
225
246
129
239
25
162
121
162
34
234
44
173
252
173
92
61
120
263
201
234
139
189
190
293
152
9
65
44
40
33
73
257
16
148
238
229
33
230
27
307
44
311
311
311
311
311
311
307
64
33
65
239
120
151
120
146
51
95
40
112
73
10
259
204
249
44
259
111
106
34
134
84
307
40
67
70
73
70
152
70
34
201
44
205
204
196
336
215
167
336
234
230
64
250
44
181
279
243
48
314
299
26
44
307
189
49
92
82
259
152
216
250
63
236
40
259
70
306
22
32
173
246
120
64
54
201
239
32
113
152
284
84
44
313
313
35
120
23
159
34
22
95
40
95
307
239
403
70
32
259
159
239
260
259
159
314
205
307
348
206
106
109
398
8
312
41
234
163
48
304
40
155
67
106
61
140
239
173
8
259
64
205
113
105
230
44
320
44
92
73
70
129
290
214
243
70
279
40
120
83
141
260
190
40
141
44
259
120
40
113
335
141
120
26
238
44
238
70
87
120
259
141
246
152
318
155
44
238
101
111
350
152
191
307
335
238
259
350
152
347
88
88
240
88
89
83
44
18
279
350
350
45
189
32
153
239
70
350
142
113
141
307
158
92
190
152
22
205
169
92
356
230
33
255
264
299
22
112
233
120
29
336
221
307
288
307
288
50
120
288
92
204
288
113
259
151
350
106
105
199
243
120
288
260
279
245
73
32
73
112
233
279
288
271
288
397
182
260
239
279
73
279
320
288
183
22
259
70
335
112
88
88
22
189
336
70
216
95
307
68
314
288
44
140
239
70
288
64
40
314
313
140
318
141
73
233
186
105
211
288
44
314
279
243
217
290
299
95
44
57
234
88
288
243
105
160
155
202
140
22
22
71
40
288
71
9
33
139
290
290
95
288
95
288
288
311
88
288
239
61
302
164
111
32
44
314
70
288
414
73
40
70
41
238
49
313
207
94
28
136
238
64
70
288
234
239
83
301
234
142
26
166
187
44
392
291
288
154
288
64
263
350
239
6
239
160
204
40
288
204
49
88
320
84
288
307
398
88
317
92
161
333
229
120
243
92
70
290
71
92
92
320
95
142
269
259
108
188
273
414
279
414
288
288
44
307
120
301
120
82
320
243
279
55
92
44
92
306
275
259
54
208
414
64
141
320
176
290
414
188
288
142
68
9
322
154
176
49
82
73
206
159
279
188
112
321
10
44
298
244
57
160
283
288
44
154
158
288
26
142
290
95
85
158
70
80
290
140
320
279
234
288
288
125
33
299
118
230
40
152
88
32
239
248
57
260
92
105
308
288
44
288
324
112
206
44
234
255
112
290
140
315
320
288
239
73
394
288
120
320
226
299
127
307
140
414
120
44
49
47
317
95
54
269
176
295
290
335
49
44
40
70
120
35
259
182
330
46
40
239
295
154
240
295
59
140
154
328
389
117
179
115
283
42
171
68
22
22
172
331
40
317
64
105
299
248
95
70
44
290
239
140
230
140
397
120
243
44
120
257
54
140
120
259
44
365
151
33
318
120
54
120
239
49
127
169
120
230
213
413
233
414
