44
398
398
251
398
267
167
109
167
259
33
259
173
230
238
314
167
230
120
49
152
49
27
114
49
152
152
324
22
259
54
80
59
238
259
115
243
109
233
150
41
259
259
8
49
233
259
300
150
49
120
90
67
307
105
150
159
257
148
141
49
157
241
163
155
398
71
300
267
41
160
300
259
106
234
105
33
169
41
259
152
65
65
108
226
160
259
335
120
123
183
41
273
11
259
106
115
259
44
49
158
306
326
230
108
120
112
167
44
263
22
300
300
300
22
239
41
83
79
246
109
120
233
87
307
125
71
152
259
32
49
129
230
51
131
73
42
300
8
152
113
259
150
236
336
246
234
316
204
239
3
2
259
71
40
67
158
151
115
2
300
4
152
152
111
49
152
49
111
32
188
159
306
120
241
300
22
92
106
49
259
151
37
259
239
230
22
49
230
70
108
290
2
152
113
239
120
234
109
162
230
230
72
315
239
49
123
113
229
113
259
300
230
150
112
335
159
125
243
362
44
259
241
238
65
234
365
49
5
362
318
190
239
159
115
234
120
40
73
40
40
246
239
152
259
336
49
148
230
257
152
241
54
259
234
239
335
197
9
243
65
22
239
160
160
362
61
263
263
263
263
322
362
152
71
234
238
259
95
405
111
71
120
92
259
32
158
152
90
38
40
34
230
108
2
9
150
111
78
239
33
109
22
151
76
152
152
40
230
40
152
31
230
234
40
158
230
106
38
49
159
141
4
239
336
73
253
244
234
116
140
315
33
158
230
141
22
263
101
113
40
230
233
230
300
154
38
230
70
259
310
151
62
37
136
141
116
54
300
259
160
44
106
290
188
78
34
234
115
120
230
109
308
310
59
115
238
309
54
239
113
33
168
158
70
40
300
67
152
9
115
106
152
57
329
155
259
239
120
71
259
160
2
152
230
238
40
239
300
95
108
40
173
70
95
152
290
35
259
9
22
31
173
49
189
24
8
116
38
336
54
71
116
67
307
307
70
113
307
307
307
275
275
234
40
9
95
239
230
257
120
141
318
142
73
315
315
73
70
273
49
111
111
111
70
315
205
234
63
2
44
206
267
73
4
234
246
230
233
16
148
115
71
40
38
69
259
141
304
125
22
230
120
160
108
239
263
71
371
230
336
259
150
300
70
44
78
166
152
83
141
26
32
257
315
239
414
290
108
70
92
248
40
248
248
343
259
71
173
217
22
148
161
152
3
271
92
150
239
22
40
117
134
120
5
335
39
71
40
248
200
40
26
34
151
141
273
44
246
71
300
151
70
111
22
150
136
54
22
238
71
259
389
70
160
373
134
22
158
238
151
111
113
259
140
40
336
259
273
70
373
95
152
118
92
152
70
9
244
195
336
150
152
336
239
152
58
315
92
259
293
113
143
70
336
141
160
70
70
123
131
70
73
161
239
270
160
20
234
238
239
333
26
57
32
160
105
40
197
152
239
283
71
73
71
9
160
9
49
19
22
244
26
133
239
198
26
75
101
318
284
73
120
26
307
71
259
307
95
8
158
123
95
95
160
293
173
33
68
44
318
250
36
36
136
49
205
259
290
2
217
109
26
73
120
8
35
160
314
46
26
134
108
151
26
71
41
204
290
92
92
49
323
208
32
230
26
161
160
151
111
314
212
320
120
160
230
318
70
161
11
151
129
318
315
154
40
95
233
4
95
233
34
214
109
16
115
70
40
40
234
290
40
49
159
73
158
140
150
264
105
26
160
160
111
38
230
72
9
105
205
290
284
193
159
31
160
49
125
95
294
230
398
299
9
40
335
70
335
92
157
152
150
150
71
238
167
140
324
3
331
40
336
159
3
26
74
74
131
333
91
261
120
67
49
92
26
120
152
24
109
95
33
304
170
105
61
84
143
140
270
159
92
104
92
318
335
290
318
161
148
336
160
67
86
170
92
151
318
259
201
320
238
118
40
95
299
293
69
84
234
71
92
188
3
70
318
120
335
259
259
167
290
259
120
150
335
151
376
