44
44
179
257
120
54
44
118
98
71
41
29
167
2
109
259
152
49
300
230
336
65
306
318
49
226
54
239
184
152
44
300
239
362
139
150
152
167
111
26
152
111
33
71
34
239
238
44
38
234
120
33
44
230
120
38
230
33
259
230
261
120
120
173
246
318
111
234
95
49
112
259
230
230
234
40
300
318
271
309
239
120
159
49
150
120
44
259
120
49
275
33
44
111
318
105
239
67
111
120
239
76
150
120
146
152
300
230
234
238
2
259
111
293
71
38
79
161
49
159
120
49
299
241
152
40
106
40
300
153
67
292
300
40
49
152
49
155
35
152
336
91
35
101
120
152
259
113
155
32
304
8
257
307
90
300
70
26
54
241
159
120
120
159
123
57
24
239
152
115
152
243
40
71
40
32
159
239
205
234
259
71
239
244
179
238
51
32
40
148
53
33
152
44
336
152
38
284
273
49
37
336
49
111
150
34
34
14
292
141
152
131
234
22
152
92
336
234
71
160
67
300
76
92
260
14
71
106
16
204
152
34
92
9
92
304
98
136
120
161
71
160
71
155
40
152
290
76
290
160
292
230
4
120
33
90
109
318
32
230
187
108
114
57
55
67
52
95
6
78
22
243
40
141
40
71
40
336
187
139
76
120
125
190
120
239
152
106
160
120
318
33
26
71
239
157
239
336
230
120
40
295
92
259
71
314
139
259
139
20
111
22
105
22
71
40
65
318
120
40
9
140
49
152
38
230
160
290
22
71
152
271
157
120
106
92
304
318
8
267
275
71
32
32
32
67
112
95
26
304
18
40
92
92
92
113
43
19
49
95
95
9
34
16
300
71
139
64
70
35
114
49
76
34
8
155
70
159
49
40
160
318
108
145
49
230
76
335
230
239
22
160
300
321
318
239
290
318
150
131
47
101
70
131
152
230
159
158
106
322
293
40
328
67
160
34
333
158
9
127
328
40
44
140
161
259
148
150
259
