234
108
129
130
230
108
64
44
54
54
252
234
54
120
120
113
44
109
109
120
120
48
54
33
61
64
335
57
44
44
54
276
44
150
54
44
54
127
234
251
251
61
44
44
44
44
61
126
180
249
64
44
183
250
230
44
54
48
129
44
118
44
251
44
44
127
44
48
276
44
44
250
44
251
44
251
251
251
57
33
44
265
261
44
44
54
44
57
120
48
48
151
44
64
64
44
44
22
44
250
44
44
61
44
44
61
54
151
121
57
48
44
64
48
44
233
48
44
44
120
48
44
46
243
44
44
120
250
44
272
61
44
48
44
44
25
48
44
246
54
44
398
247
44
108
44
126
44
120
44
44
44
120
44
44
54
44
54
120
249
48
44
44
48
54
44
44
129
230
64
44
64
54
61
44
61
33
230
64
141
251
120
265
283
44
251
33
61
111
159
201
49
215
259
68
166
349
304
182
239
141
113
109
49
141
44
54
108
259
247
227
211
44
44
44
44
61
35
44
44
120
64
246
129
54
101
120
244
44
260
44
269
129
201
44
48
95
307
44
179
239
234
234
61
94
230
54
112
33
243
44
48
176
54
44
57
44
259
33
44
276
159
125
127
50
44
44
208
234
214
193
252
109
211
44
64
120
44
184
68
68
64
190
101
314
292
241
44
259
70
44
308
44
238
169
211
127
54
64
191
253
44
123
202
267
246
252
28
28
294
308
67
49
307
244
41
178
259
276
259
234
33
181
151
109
181
239
31
25
54
112
49
259
259
151
76
259
181
44
116
181
5
44
120
33
230
141
141
116
44
259
141
259
151
120
398
101
44
181
33
109
54
239
132
247
29
267
120
234
141
259
5
120
112
44
44
151
397
120
155
162
120
120
120
120
33
239
70
33
68
57
307
34
241
129
397
113
8
247
212
44
141
259
25
307
44
247
101
314
213
5
127
259
307
49
112
157
202
39
241
151
61
154
191
191
243
151
259
236
259
111
233
44
109
35
54
113
88
34
49
313
259
127
253
41
193
76
34
109
233
239
44
336
10
8
259
259
112
173
234
151
338
164
109
259
111
151
54
159
70
343
259
239
62
44
61
61
111
29
239
120
307
150
238
44
113
338
234
115
62
48
113
247
244
238
41
71
159
10
10
49
241
239
230
25
246
307
244
230
244
100
230
232
8
54
25
72
34
112
238
49
234
22
26
230
44
80
141
64
230
27
152
61
54
8
120
248
230
244
109
398
307
70
70
61
151
307
263
8
8
8
246
112
300
247
142
150
33
259
48
125
259
211
168
287
38
10
2
239
238
46
166
234
244
150
148
22
238
42
252
259
157
263
112
259
48
239
22
115
120
68
33
115
173
113
167
173
48
43
44
108
108
44
120
259
49
44
112
39
64
8
109
259
70
313
239
44
80
79
313
313
10
307
57
183
255
263
152
310
49
151
38
95
129
38
259
120
54
44
44
44
25
4
318
310
41
118
49
28
300
108
233
44
230
148
70
159
338
120
32
63
233
141
49
2
259
259
239
33
33
129
230
244
250
120
246
307
101
8
60
298
234
25
65
246
148
57
173
44
120
111
109
109
244
310
111
308
44
120
43
169
230
54
33
44
70
152
238
129
44
76
259
159
112
148
10
33
239
54
159
101
120
234
54
111
120
307
68
307
234
116
31
398
243
108
44
246
255
72
70
123
234
250
54
308
49
151
8
246
125
41
250
8
234
306
64
64
44
183
120
238
108
259
31
70
230
21
70
113
60
188
31
241
252
144
33
111
32
54
80
204
28
8
297
33
141
44
230
5
239
120
110
141
215
113
22
44
239
116
169
112
234
31
239
111
241
239
239
120
226
67
65
239
259
44
269
236
293
259
31
120
116
57
188
65
44
234
44
44
300
259
152
238
115
31
21
113
49
259
269
116
113
238
108
109
70
112
32
290
120
259
10
211
246
239
21
112
90
44
238
57
259
242
234
112
148
249
109
229
151
271
44
120
246
111
112
152
83
150
159
259
28
65
35
29
148
239
300
238
31
183
335
10
32
298
239
273
273
2
141
113
112
141
44
225
335
189
315
239
141
120
243
33
152
8
112
230
191
154
190
247
33
335
49
270
113
125
152
73
115
239
34
259
120
22
191
131
31
108
44
21
4
259
66
294
142
41
140
234
28
290
141
181
398
120
116
137
296
32
114
293
44
113
109
148
112
70
306
70
234
25
40
32
92
54
173
64
44
73
259
34
259
259
261
300
29
230
113
229
49
148
304
300
10
304
230
49
120
44
32
292
259
113
204
173
116
32
64
35
112
189
234
141
155
101
61
120
259
51
32
116
198
9
152
76
63
263
239
244
200
14
157
153
241
78
239
263
101
131
335
33
99
54
336
397
253
160
44
112
247
234
240
229
108
260
101
33
201
263
250
141
69
241
204
33
239
33
217
253
239
233
199
111
121
83
230
112
239
240
259
26
101
120
112
372
32
152
239
234
116
49
44
115
44
239
234
42
234
9
108
44
127
230
31
317
307
70
125
62
236
238
336
8
8
34
259
259
120
129
128
112
307
234
68
112
292
269
111
154
227
33
57
188
154
239
198
26
239
229
113
239
111
190
239
115
29
44
239
148
259
151
173
239
308
44
167
49
173
62
109
70
33
49
257
206
106
259
259
70
234
80
225
26
318
239
113
257
243
111
239
73
44
300
238
233
300
98
307
42
49
230
157
112
239
111
44
140
259
239
205
33
112
94
33
151
39
58
105
41
71
230
8
109
257
57
315
76
149
92
49
22
36
44
112
148
23
257
259
112
67
259
246
129
239
284
211
57
111
32
239
73
259
58
112
125
225
111
285
267
260
111
101
257
275
259
113
201
263
22
239
336
318
204
10
239
149
249
152
26
154
111
33
315
307
188
214
70
108
240
300
307
168
57
152
54
190
148
192
263
230
287
191
246
150
151
59
377
43
28
259
255
315
216
111
159
205
4
173
120
151
48
239
229
239
52
308
157
239
155
132
239
22
300
300
183
18
16
137
129
246
115
43
223
109
54
335
14
239
166
239
112
36
115
297
80
234
199
190
201
243
44
246
64
190
336
190
247
44
159
159
208
25
190
32
18
190
201
122
61
159
182
162
183
314
129
54
101
269
259
33
248
114
140
239
310
116
32
307
307
338
234
61
80
38
112
44
127
115
250
63
259
8
225
307
307
307
307
8
336
33
92
215
150
152
44
148
44
234
42
159
151
43
240
32
122
307
48
116
114
67
43
232
307
313
22
239
52
16
32
173
173
32
44
259
32
188
29
187
239
240
236
112
58
306
240
293
49
300
300
300
44
306
234
70
43
335
233
70
239
34
318
114
246
201
82
201
120
159
68
29
263
101
33
32
22
71
8
234
114
211
44
120
114
142
154
152
112
152
123
49
251
188
159
49
38
70
69
188
263
183
259
169
307
2
33
181
234
125
4
307
259
141
260
239
22
246
112
44
259
49
49
49
259
300
300
157
111
259
152
269
234
202
152
148
259
230
80
261
236
257
8
120
211
111
62
279
259
148
151
113
44
230
116
111
57
115
259
335
155
77
92
160
73
68
159
190
113
115
111
22
211
68
336
299
313
239
239
44
49
182
152
8
246
167
152
64
5
336
112
249
2
8
297
8
84
111
111
293
54
61
111
61
154
60
114
71
173
8
108
8
41
112
320
49
95
28
263
49
336
203
239
2
173
190
38
279
155
90
204
318
234
22
44
70
40
80
80
80
315
313
313
313
313
313
313
313
313
313
313
313
80
80
80
80
313
82
80
80
114
35
240
245
216
190
205
159
111
44
307
33
22
32
125
204
152
336
95
300
194
112
191
120
49
44
154
259
190
234
22
312
155
38
318
263
190
117
263
263
152
76
292
112
188
183
239
49
240
32
92
152
313
352
112
246
44
234
201
223
40
33
155
109
234
155
125
73
123
151
183
31
152
202
290
74
173
70
26
240
49
188
315
22
22
67
44
33
34
145
34
114
25
267
39
64
243
61
2
217
152
69
109
234
279
279
190
151
112
313
241
246
8
307
188
157
153
259
239
120
34
34
313
111
253
32
229
239
24
71
120
70
316
20
312
33
8
35
108
313
313
313
313
315
33
313
146
80
313
311
114
225
8
201
239
324
203
293
287
22
318
54
239
259
148
241
111
243
113
33
2
120
14
405
251
9
109
16
313
22
234
234
284
294
239
145
21
169
152
157
307
34
112
313
31
2
239
141
111
335
169
234
32
116
323
239
111
246
44
129
116
63
24
153
22
155
190
190
239
120
22
261
190
151
72
214
196
116
313
246
120
44
80
49
257
307
259
190
8
152
198
152
37
111
112
257
306
313
313
33
120
49
259
315
300
152
40
151
141
314
259
70
255
234
120
148
234
202
49
44
44
111
112
116
307
92
111
4
115
34
112
35
40
68
233
240
239
318
218
33
33
44
412
298
114
208
284
14
239
205
211
313
313
311
5
95
263
141
234
38
244
49
95
111
33
92
190
111
189
141
113
26
159
259
159
190
112
334
163
190
76
49
95
234
152
188
72
115
20
233
159
190
67
151
159
239
259
111
238
41
292
211
41
50
239
82
48
233
114
44
95
188
196
38
202
129
33
148
188
5
240
239
240
148
105
71
80
92
239
110
112
233
80
26
38
167
70
260
307
70
32
307
71
162
307
152
307
100
293
48
307
208
120
120
44
413
120
318
288
288
234
307
259
114
181
141
288
290
234
120
34
112
101
16
158
251
246
101
279
32
307
187
79
183
190
270
72
255
335
108
239
49
335
188
246
279
234
72
112
141
189
259
173
117
263
44
239
263
239
213
111
41
263
48
259
405
49
32
113
56
114
33
320
5
141
70
116
201
4
44
22
48
240
154
105
152
8
304
233
202
155
190
173
38
67
307
70
4
90
159
108
152
298
111
313
276
111
70
49
9
229
148
234
126
182
92
33
33
33
269
246
33
120
191
269
151
152
108
101
82
16
34
18
188
114
113
252
190
22
104
313
83
49
259
259
312
173
125
40
213
112
239
108
307
190
68
190
230
188
246
73
67
113
134
137
16
188
57
49
259
161
112
155
290
92
151
246
234
120
114
241
279
70
49
80
40
82
73
352
22
2
243
111
40
64
376
314
302
22
54
10
38
112
173
16
33
298
290
26
158
16
159
273
152
300
204
115
239
49
205
150
161
240
160
49
63
234
155
112
129
162
49
131
92
40
113
151
181
39
188
158
240
26
70
239
188
189
161
157
201
70
193
92
9
54
120
112
114
148
33
61
293
113
257
2
152
80
134
398
190
120
172
92
33
288
152
290
238
313
92
150
288
183
57
26
121
318
288
189
259
260
288
314
189
67
318
153
288
2
9
306
95
201
70
24
114
200
160
205
120
318
114
240
214
226
372
234
112
279
40
215
32
92
294
239
263
313
70
311
162
70
52
157
112
202
34
144
236
207
238
141
288
281
70
2
112
120
154
292
44
273
9
142
8
142
82
240
261
288
230
183
405
197
127
239
92
114
34
299
141
70
61
240
22
26
70
233
284
270
307
300
306
26
92
238
287
106
244
238
101
260
239
33
120
288
230
120
33
288
70
307
239
234
49
188
152
44
173
54
112
22
73
150
263
8
307
29
95
78
201
112
113
261
108
288
32
155
154
44
44
84
95
271
44
155
173
234
106
155
197
76
239
213
22
120
136
65
191
239
158
294
49
101
183
189
169
196
16
92
159
169
239
44
397
198
216
92
239
152
183
317
240
290
273
183
132
169
142
106
239
95
137
111
32
230
159
152
288
155
201
44
87
22
92
49
234
111
92
5
22
4
193
335
34
296
111
243
206
49
308
243
263
290
348
26
55
288
134
300
44
230
259
38
243
216
33
234
73
288
87
114
76
120
40
36
120
32
120
313
80
116
33
114
352
279
112
288
35
32
286
152
234
129
87
92
293
190
121
204
296
188
288
307
288
307
275
303
309
213
318
155
112
32
246
120
28
204
318
155
239
233
198
112
315
92
131
43
22
40
63
42
288
70
320
44
239
70
53
95
320
158
275
8
205
71
318
259
307
111
208
16
239
89
158
92
338
273
290
273
112
188
193
103
95
247
239
148
155
41
26
307
251
288
308
281
167
288
279
64
288
288
112
288
112
120
288
32
49
306
114
157
188
313
397
288
152
257
120
152
234
288
127
249
112
46
283
318
216
131
142
142
114
8
275
111
299
73
70
248
26
151
284
307
49
142
151
288
159
233
25
239
239
49
92
246
169
230
92
307
32
248
92
26
112
299
84
32
239
42
49
146
320
226
234
152
314
88
202
288
44
304
109
238
189
234
32
63
230
201
288
141
313
49
234
112
269
315
140
238
140
230
49
320
338
159
92
324
114
25
95
114
259
160
44
152
44
34
49
290
167
230
157
151
83
70
92
108
70
335
311
313
22
26
157
132
239
335
70
49
35
114
263
80
140
71
92
54
188
112
40
26
71
88
80
70
9
213
33
150
190
83
300
60
215
141
142
8
275
250
314
259
176
271
67
95
300
243
288
49
320
259
286
234
239
22
112
318
44
320
92
84
109
10
142
145
279
255
320
120
68
263
120
112
307
64
283
112
70
90
157
204
70
90
318
92
82
26
307
22
144
106
299
70
22
244
92
84
70
2
323
18
116
154
188
307
101
230
84
191
98
32
320
114
70
70
82
234
140
141
226
136
152
152
152
150
211
240
244
152
152
120
152
152
294
63
216
178
311
208
288
73
49
63
288
48
109
241
250
288
193
106
106
82
92
112
40
140
313
287
106
70
239
72
165
120
131
318
84
259
82
70
155
151
141
141
67
95
167
127
273
54
41
299
84
333
92
188
142
52
105
154
234
26
90
246
76
269
49
120
8
263
213
267
155
31
136
43
49
49
233
141
49
318
335
273
19
114
73
352
112
288
148
131
120
152
112
284
44
238
148
190
279
279
288
49
148
38
179
240
70
290
49
188
158
288
288
141
253
70
70
306
238
16
152
61
32
288
234
121
248
288
208
34
67
9
26
22
244
120
243
225
137
251
88
273
40
320
46
44
49
287
173
22
26
152
49
263
263
152
306
288
142
234
414
184
288
73
92
288
240
244
320
179
120
320
80
162
144
114
352
288
131
288
67
140
276
26
414
173
54
259
263
120
288
288
143
39
33
106
40
320
89
75
240
233
70
84
239
111
211
299
131
82
40
312
131
167
259
35
190
161
198
42
148
299
178
70
179
318
294
313
318
84
140
134
196
34
127
193
236
173
275
32
185
302
253
163
152
109
70
304
44
287
336
247
152
114
320
269
157
335
151
33
179
64
95
95
288
159
95
238
150
32
120
299
92
299
239
141
32
92
37
92
67
67
80
292
44
152
109
9
192
324
22
52
34
106
141
111
44
44
106
14
246
34
239
13
73
44
48
40
259
120
240
120
123
70
82
22
116
324
276
288
284
240
122
60
317
284
267
101
259
151
129
248
71
73
320
92
244
140
211
148
140
179
250
140
140
229
188
141
159
143
114
229
120
8
226
99
259
34
59
314
160
148
148
67
142
39
263
288
61
141
126
402
273
234
88
140
207
136
43
18
179
61
101
95
201
259
101
110
95
213
82
299
311
70
205
208
234
193
239
92
70
159
82
323
92
154
70
140
35
70
269
160
141
70
159
201
44
169
320
67
288
292
164
247
31
121
142
42
140
140
211
287
30
127
151
307
46
68
140
234
33
155
44
313
290
257
201
5
151
106
84
32
92
140
49
240
68
33
414
259
150
318
44
40
248
41
140
239
40
105
92
154
95
71
154
44
32
69
110
290
190
152
204
45
40
40
106
10
114
114
114
64
104
263
44
190
125
290
164
307
352
24
182
259
168
249
109
151
230
71
279
33
141
299
190
348
230
199
234
113
240
34
168
140
82
26
158
269
61
270
154
2
92
291
152
171
171
256
151
68
263
80
80
152
255
239
311
140
142
148
259
31
146
211
12
389
159
106
73
52
259
204
75
214
72
33
160
159
152
42
140
26
257
292
288
188
190
103
336
129
259
64
127
125
64
80
288
1
29
57
148
150
226
155
29
44
120
251
414
70
148
259
54
313
116
257
76
92
44
246
226
315
279
44
238
44
80
111
92
233
80
151
414
284
80
143
95
127
188
259
44
44
106
160
44
32
183
92
318
290
44
34
92
386
112
57
82
299
32
120
255
120
121
109
13
173
274
70
22
92
211
40
129
115
179
292
188
40
160
92
159
191
134
93
109
140
65
92
140
143
109
238
315
77
240
283
284
201
248
159
176
152
273
204
71
270
239
270
390
144
54
120
101
141
150
299
320
84
90
238
210
95
158
141
269
217
40
92
64
114
150
369
290
279
284
140
10
270
263
335
111
132
151
8
22
259
40
141
22
313
83
46
141
307
141
212
283
193
246
16
238
26
414
143
141
95
80
284
248
414
49
160
279
44
140
302
164
313
320
46
34
206
136
335
414
84
140
279
153
39
129
140
279
158
120
159
239
142
33
143
259
120
129
225
143
70
47
141
140
142
414
279
59
46
54
269
141
239
327
105
122
70
183
44
59
112
49
163
44
148
120
95
44
234
140
397
273
307
287
414
67
140
44
49
129
331
335
313
141
414
150
154
414
120
239
132
143
239
84
131
44
301
290
217
320
167
328
243
208
335
320
290
327
92
31
198
48
164
154
87
143
273
140
25
201
84
332
201
140
140
299
331
330
140
335
140
143
143
318
414
46
44
330
239
290
70
328
328
84
64
118
263
315
325
157
330
328
313
239
84
105
325
288
263
414
43
141
17
199
264
46
159
5
284
240
105
84
84
263
330
290
290
199
159
307
283
105
208
176
140
320
275
335
5
311
84
140
317
208
160
327
54
70
98
212
112
224
343
26
328
61
61
44
143
109
37
201
27
64
230
8
179
239
315
198
338
202
330
92
269
16
269
61
397
397
34
84
91
298
44
143
131
143
42
251
240
70
252
263
414
143
256
144
129
327
140
44
248
140
290
300
33
114
247
252
120
238
239
279
127
276
50
105
243
120
140
251
127
279
299
263
66
78
44
336
61
260
290
173
113
123
398
108
33
127
39
211
230
241
240
151
57
157
129
121
182
120
44
33
125
120
57
44
46
120
61
153
292
245
159
44
44
150
44
109
257
247
64
120
120
120
136
111
367
46
148
84
243
226
44
307
386
57
29
151
243
108
257
80
153
307
64
114
257
66
64
295
337
338
141
413
