250
120
44
159
109
259
108
120
41
261
70
150
151
243
398
116
151
115
116
271
123
39
246
152
230
167
398
259
113
158
136
239
226
108
37
158
54
310
159
259
35
162
246
230
300
40
245
241
155
65
259
267
49
148
71
35
120
317
70
70
308
245
114
49
247
70
70
92
152
40
159
157
70
152
49
155
246
80
311
67
38
239
300
125
49
239
70
238
35
254
199
35
71
233
151
230
33
4
33
4
33
116
48
77
262
70
39
159
234
140
76
115
120
141
39
297
142
49
34
239
106
261
152
381
318
115
158
234
43
230
49
307
239
159
150
32
108
152
31
70
38
37
259
162
39
152
150
259
49
113
234
34
2
120
246
33
307
152
160
161
49
33
120
230
259
234
141
26
152
73
259
28
162
362
59
70
70
71
300
239
70
230
234
106
152
157
120
49
246
79
77
267
244
230
234
190
109
259
22
246
113
95
111
67
239
41
32
70
257
44
32
230
67
8
405
152
259
71
71
73
22
111
22
154
259
40
304
2
267
141
188
71
238
105
106
324
304
311
158
95
70
246
108
105
49
67
40
71
371
152
311
111
22
174
290
105
150
75
152
87
158
390
40
159
150
35
22
304
22
36
162
111
190
246
71
40
294
109
95
111
35
115
239
307
246
70
390
261
263
239
69
34
108
173
90
371
40
53
40
44
239
70
70
152
70
31
170
70
230
304
311
8
173
159
111
300
405
300
316
234
371
40
44
41
106
40
166
376
155
40
318
76
72
71
42
67
44
31
35
67
49
250
238
239
116
40
161
158
71
158
70
234
70
70
300
71
152
304
304
67
116
31
111
70
26
82
14
293
318
238
95
244
35
152
70
311
259
311
74
24
113
230
145
150
141
109
22
300
311
198
74
148
160
284
336
34
105
14
29
140
16
293
78
49
54
316
118
43
40
70
69
34
234
246
306
49
37
335
49
159
300
22
234
115
335
105
71
16
39
150
92
160
111
40
307
307
238
310
335
306
336
44
239
230
44
304
160
157
246
275
146
154
314
39
67
292
108
397
2
141
362
157
22
70
244
71
151
70
141
153
42
160
259
215
336
239
275
95
234
70
230
8
234
154
71
26
71
4
71
71
141
159
111
244
261
71
304
71
70
40
158
70
275
67
152
304
141
213
14
311
306
160
115
318
50
230
323
22
160
243
95
304
155
94
117
34
120
318
9
92
70
26
230
320
70
71
70
70
71
290
40
88
77
32
75
158
3
95
160
287
397
76
259
42
161
333
105
151
71
2
70
108
92
2
136
70
259
157
34
69
108
70
92
240
161
70
120
139
26
151
307
257
304
259
290
261
49
40
3
156
71
9
38
239
22
120
335
39
95
154
92
120
271
26
29
71
318
2
271
284
166
239
158
22
161
320
43
38
284
92
92
59
233
148
275
70
71
49
161
328
335
298
294
294
165
328
322
322
335
335
4
167
68
236
307
315
136
324
83
67
160
259
140
335
328
332
391
284
335
238
75
44
398
92
142
22
108
75
331
70
134
9
331
299
284
259
115
154
398
73
38
259
76
115
140
22
188
247
109
314
84
293
49
257
150
205
381
40
336
