48
95
120
259
120
42
270
22
230
168
200
49
148
32
150
300
314
244
116
159
241
38
91
115
123
120
38
290
35
151
44
90
318
49
49
267
230
29
111
300
67
152
67
105
271
259
230
152
76
70
120
151
230
32
239
111
24
41
152
259
32
32
234
259
230
238
259
73
32
311
80
311
40
230
400
155
141
123
241
271
141
259
150
49
108
152
105
324
155
111
33
152
150
152
148
230
152
32
259
152
140
306
22
173
230
40
324
152
73
49
300
239
71
106
40
275
120
24
205
113
239
134
259
49
2
92
141
120
49
49
22
95
106
276
152
111
2
40
230
362
159
257
173
158
78
32
362
111
273
152
290
49
40
109
40
230
22
230
71
71
71
189
40
234
83
123
230
120
239
230
120
257
109
236
22
290
49
49
40
234
34
310
152
293
148
261
120
293
120
173
233
111
152
109
120
265
318
92
67
306
162
318
230
22
8
4
26
16
314
152
283
239
304
4
190
120
120
373
160
150
40
261
294
40
26
40
293
414
230
300
153
239
204
95
306
312
230
95
8
300
230
230
40
8
118
71
120
318
109
2
33
4
230
71
5
71
304
9
113
236
193
92
71
33
152
106
71
152
105
108
26
362
105
44
211
71
40
22
405
161
71
140
160
160
40
153
259
71
92
92
95
405
120
9
40
290
48
230
40
414
16
239
236
73
8
108
40
294
362
271
189
33
152
40
152
92
152
63
233
318
160
155
44
318
22
70
24
234
259
71
71
236
230
275
89
142
8
188
259
230
152
8
152
112
154
49
70
40
8
49
71
92
123
230
390
414
323
198
241
318
18
22
207
310
262
265
8
215
284
236
85
111
67
309
109
160
308
255
157
32
318
120
74
78
33
141
112
239
173
26
40
229
261
300
190
49
105
183
173
40
255
49
37
160
330
335
296
284
106
183
157
229
335
95
140
40
29
398
310
255
8
307
293
20
116
105
160
8
160
259
212
34
67
6
311
95
34
314
46
244
83
123
120
284
303
240
9
154
9
290
318
159
165
181
50
335
92
401
