230
230
246
61
251
61
44
181
61
57
61
44
64
120
269
68
61
48
398
44
44
241
61
68
117
129
44
246
61
241
61
246
239
250
230
44
120
44
314
44
61
57
44
246
68
120
179
165
190
70
229
169
205
210
169
418
44
115
239
44
48
150
120
234
151
120
230
44
238
243
300
267
316
294
38
318
33
152
239
307
169
247
226
230
54
148
38
243
62
167
109
239
167
259
304
108
2
68
44
141
35
238
44
8
307
300
32
234
307
150
16
230
181
230
120
49
9
120
40
291
111
109
49
92
238
190
57
158
259
152
239
120
230
296
230
300
259
48
44
246
152
230
259
67
62
234
109
149
234
22
121
241
230
129
290
72
44
239
33
244
71
109
108
307
41
120
233
307
111
120
120
263
25
239
230
371
146
71
246
318
239
32
230
49
230
61
250
230
32
141
44
61
67
148
57
246
241
91
259
111
25
259
233
234
257
152
261
233
142
33
31
44
49
307
151
304
49
29
226
54
37
150
306
271
111
318
230
9
108
76
120
120
41
259
67
32
32
69
115
300
111
25
108
72
200
33
33
271
114
239
257
308
109
150
233
64
57
42
76
151
45
111
230
120
246
29
269
116
8
76
120
160
259
71
117
35
101
241
259
241
284
61
33
162
270
33
91
120
112
114
109
271
239
162
304
300
8
271
152
188
234
57
229
230
314
243
120
57
10
125
49
70
109
259
49
307
246
44
44
142
38
73
307
67
238
91
241
150
230
61
85
243
239
12
157
230
238
8
272
307
239
70
230
161
31
57
109
49
33
112
253
234
48
300
120
109
112
49
64
29
152
298
37
158
230
230
41
241
111
120
259
150
35
115
259
153
111
335
300
49
49
49
306
230
323
70
230
159
158
148
271
271
239
111
72
300
49
120
92
67
239
8
33
246
244
271
131
38
33
141
259
34
371
150
33
120
233
14
300
90
2
163
33
68
152
152
33
241
230
44
109
225
247
49
155
40
239
239
44
239
159
259
40
183
159
230
243
129
44
49
129
49
267
271
152
173
109
62
61
95
230
8
239
134
259
271
293
22
127
152
26
26
8
299
109
234
284
238
34
253
120
40
300
32
71
49
49
120
307
23
259
259
61
292
49
230
120
43
239
312
152
109
230
158
290
120
293
108
241
188
299
234
155
234
259
230
307
205
70
22
49
152
111
148
67
33
162
230
150
300
239
238
4
167
152
61
57
230
239
238
39
120
190
40
298
115
234
92
33
67
152
67
150
64
49
259
259
70
300
44
44
50
95
95
71
112
8
40
105
155
9
246
152
131
49
22
22
150
90
40
140
72
32
106
398
234
34
71
57
106
230
362
32
257
63
234
34
115
307
129
239
35
210
95
49
34
269
241
22
318
131
333
158
49
158
35
70
304
159
307
151
70
33
155
90
40
65
65
32
49
92
108
129
38
336
323
307
32
246
155
239
238
115
69
8
101
120
118
57
52
293
74
252
165
59
152
304
259
307
244
111
43
123
318
33
307
238
2
271
234
49
304
159
71
18
198
246
106
405
238
44
49
40
49
49
22
152
141
109
318
109
109
8
304
111
33
116
243
70
271
362
300
306
234
155
49
271
294
18
79
9
292
139
8
318
8
115
158
109
234
236
290
293
109
226
318
70
33
22
188
9
40
106
111
257
22
40
210
114
105
259
22
314
160
40
188
38
40
108
31
44
40
69
152
40
71
159
158
70
234
50
52
22
152
271
234
16
239
112
70
71
65
152
44
239
112
230
316
34
141
22
26
44
239
95
148
290
32
152
318
91
259
70
54
89
335
40
71
70
323
239
22
230
117
173
72
246
70
153
32
49
72
318
160
67
307
120
2
239
150
112
230
16
71
152
34
90
229
136
96
290
271
29
33
113
44
234
152
113
40
91
290
70
160
230
71
40
259
307
92
78
307
34
152
34
159
49
239
70
109
244
120
234
151
95
136
67
157
120
314
246
314
317
283
323
38
145
32
34
34
10
115
120
335
120
71
70
162
70
141
230
37
109
9
307
22
93
208
70
26
263
33
37
95
335
148
26
335
43
65
236
211
304
33
70
238
34
120
10
20
137
133
150
33
95
95
95
26
263
188
271
57
167
193
194
9
32
190
193
199
307
40
70
88
57
259
151
198
140
92
238
72
259
148
106
120
152
262
141
71
335
307
46
161
91
230
32
186
307
155
244
234
307
92
91
65
108
115
309
307
91
261
33
44
70
148
165
70
193
70
49
234
117
70
70
22
259
343
307
307
173
104
64
34
34
271
290
71
233
169
152
239
230
40
71
239
70
190
157
4
257
239
8
151
405
92
233
26
154
70
91
71
40
67
259
259
34
230
362
40
236
44
91
26
148
230
16
239
44
335
140
33
271
71
114
152
140
25
113
91
2
238
92
71
283
34
335
92
160
8
152
49
261
170
160
234
20
312
335
33
67
40
55
159
33
33
162
151
205
418
44
251
95
91
120
70
306
46
140
91
150
32
132
155
112
259
160
259
362
152
230
3
49
92
263
129
239
70
188
120
160
22
26
67
293
139
74
284
89
160
150
159
300
109
32
189
234
33
108
72
71
70
18
120
70
120
26
141
318
273
33
26
57
230
136
140
32
70
271
120
167
159
8
230
270
71
292
234
57
230
208
70
293
95
229
33
141
40
155
40
296
157
120
160
271
8
249
162
4
26
136
33
136
233
159
108
157
238
141
92
157
157
160
69
131
234
152
299
122
70
92
273
314
241
371
284
26
304
36
109
44
40
227
414
70
40
239
18
318
160
234
120
18
284
41
10
108
150
152
66
59
246
92
2
120
294
159
71
72
158
22
92
9
230
129
92
120
336
34
160
22
92
44
95
8
67
205
78
159
5
92
239
141
204
36
136
34
159
44
9
284
314
71
151
318
234
8
120
276
67
335
44
70
234
158
304
71
71
335
250
38
10
71
151
284
34
111
334
271
271
10
241
301
239
91
234
151
239
312
259
71
115
414
40
34
136
120
70
154
141
22
70
179
59
92
20
57
160
189
233
57
65
70
8
9
48
120
159
26
161
70
333
26
309
263
122
132
318
67
239
215
77
70
16
154
71
49
158
120
167
314
71
300
269
140
120
167
308
293
225
150
91
44
171
67
318
109
70
137
70
22
250
9
71
181
49
74
92
92
189
105
273
188
22
189
244
190
84
92
68
34
106
150
362
104
189
161
70
9
2
44
71
120
120
304
290
318
158
92
78
248
148
92
141
307
70
157
279
205
136
44
335
34
92
312
92
44
8
73
70
92
52
115
157
207
70
270
289
92
221
159
22
334
40
165
120
243
10
92
261
57
32
41
70
211
57
9
57
293
70
308
34
307
70
290
92
308
284
70
141
234
307
40
269
120
70
34
34
95
139
2
112
141
111
143
8
141
234
112
154
159
46
160
70
70
92
230
159
92
69
225
151
48
293
71
141
159
91
92
59
70
16
43
189
26
157
72
120
142
159
323
230
165
259
160
10
61
120
167
321
321
321
160
11
92
167
255
70
22
244
98
279
18
70
33
38
127
167
92
259
295
269
31
69
129
120
43
120
109
8
78
54
95
71
14
335
61
304
64
120
157
8
155
92
251
120
26
40
151
239
64
95
169
59
263
120
257
72
115
141
70
44
88
120
248
96
71
246
243
57
136
233
61
131
263
244
160
233
66
160
150
34
233
150
61
70
78
57
304
8
26
92
318
69
47
34
36
91
8
234
54
92
92
187
159
335
14
233
160
307
44
70
36
96
67
141
64
141
136
271
32
141
335
299
230
61
307
157
70
233
96
112
33
240
238
71
95
159
26
46
161
9
61
157
136
92
140
331
290
70
328
303
68
120
259
181
165
269
92
70
150
33
51
263
317
159
236
331
332
167
9
183
4
321
59
76
234
85
271
234
250
269
160
310
29
44
307
66
199
75
159
34
312
299
318
158
276
44
93
61
71
230
64
3
120
154
230
154
120
290
306
26
148
271
120
234
33
233
157
362
304
109
398
26
44
109
70
20
148
120
234
120
120
46
284
150
187
257
36
70
335
33
133
398
229
120
120
45
320
129
57
120
268
378
148
160
239
61
230
296
127
378
150
292
290
