257
167
239
70
38
300
25
70
300
313
108
108
111
115
259
157
267
38
320
116
148
241
71
111
320
115
290
112
159
39
109
108
389
230
108
82
275
113
320
70
307
80
116
259
49
259
230
83
108
92
2
307
297
113
152
152
234
108
32
324
49
159
230
259
307
234
40
106
40
141
230
67
376
240
152
47
49
152
157
22
109
230
155
40
111
405
230
115
35
90
48
33
33
239
155
108
259
239
234
113
111
307
157
49
233
152
227
123
67
309
22
22
152
70
114
70
152
306
92
230
152
259
307
108
49
152
152
233
42
141
112
353
95
307
236
227
113
70
234
70
304
70
115
111
307
4
70
108
71
49
120
92
70
306
149
173
49
70
77
188
155
33
233
309
33
131
270
315
239
70
22
109
71
320
70
71
40
40
46
123
307
317
70
260
70
141
95
304
288
22
230
57
75
49
233
307
105
246
32
148
260
157
109
70
106
307
108
70
22
299
92
157
40
125
116
307
307
309
309
309
307
307
313
390
155
312
70
75
70
40
93
318
230
151
71
108
309
68
26
307
64
309
173
148
18
161
88
71
288
40
299
279
151
152
140
95
22
71
91
32
71
230
332
144
44
112
70
71
47
157
111
70
239
336
40
108
301
293
92
9
40
238
141
148
92
71
9
160
70
108
155
120
95
71
95
335
95
283
152
108
71
154
240
9
318
34
240
320
301
71
230
343
70
70
234
206
240
70
117
40
70
148
95
2
143
152
102
111
315
111
148
71
47
290
154
40
304
161
120
38
234
314
154
112
32
153
68
44
40
72
230
136
320
122
120
105
317
44
115
22
92
154
263
70
3
33
161
148
72
273
70
269
140
328
315
108
92
208
335
95
70
92
73
266
70
17
290
234
143
131
74
301
38
240
154
283
26
116
328
140
318
240
92
283
299
71
70
118
108
281
82
140
40
92
108
70
49
115
299
22
295
318
236
