276
398
243
91
243
239
246
239
61
239
151
239
241
230
68
272
246
91
111
44
44
127
44
120
25
230
64
233
233
54
33
108
48
111
29
276
257
118
120
251
44
243
33
121
230
57
33
230
116
243
64
57
230
33
42
121
44
251
54
54
57
230
120
239
257
68
68
62
251
33
57
48
259
314
211
49
44
263
35
230
314
314
24
120
44
246
33
239
283
276
129
150
251
230
241
54
48
250
44
259
233
263
44
241
230
179
109
33
179
238
168
167
162
295
120
120
48
259
259
251
230
101
307
184
132
269
250
122
40
307
158
44
115
70
76
70
109
49
23
40
307
273
273
211
148
57
95
246
230
22
336
120
129
259
259
121
40
162
67
129
164
113
263
239
72
238
115
37
336
54
120
246
155
64
295
152
40
163
40
54
148
48
29
49
129
230
109
91
111
115
49
234
318
300
269
259
300
336
188
40
271
247
239
234
239
230
33
230
97
68
22
311
141
115
70
292
105
120
230
152
44
335
41
141
250
230
120
70
226
230
44
259
120
108
239
259
259
263
28
398
168
167
151
120
304
40
34
259
230
246
159
91
259
300
243
68
57
57
126
246
253
37
70
246
71
159
67
188
314
41
167
47
52
238
44
40
234
229
112
112
259
158
108
241
251
2
34
173
230
230
120
121
163
239
238
259
263
230
211
120
44
230
35
70
226
148
80
244
259
230
307
269
44
48
120
145
157
31
125
111
49
49
234
44
234
92
40
317
113
95
49
314
141
110
153
148
33
32
123
41
188
183
150
131
239
74
116
101
28
54
61
148
150
116
115
336
259
318
318
29
300
49
244
64
169
152
4
153
65
111
259
108
44
314
106
230
300
239
311
311
318
40
259
70
300
234
300
165
80
64
44
113
120
109
33
230
33
167
49
238
154
230
230
83
111
230
239
239
239
269
125
259
98
284
257
125
91
300
92
190
336
114
42
243
352
33
315
41
49
41
239
259
51
34
33
54
113
90
152
230
152
159
101
49
120
123
109
234
247
57
271
141
275
259
71
311
259
318
311
246
269
150
118
263
112
259
158
246
65
259
239
49
257
2
148
259
238
120
4
29
234
259
34
120
49
230
336
311
116
336
38
2
120
239
95
243
141
239
70
229
318
141
76
230
148
239
335
33
80
259
311
307
44
112
234
64
16
49
5
239
307
50
335
300
318
68
304
49
141
230
295
40
106
200
57
34
234
230
109
205
230
230
307
311
311
246
92
259
239
80
152
49
9
300
259
152
57
120
241
259
259
57
14
336
263
120
164
259
234
110
120
166
120
70
234
120
41
259
112
234
263
70
244
4
311
111
307
307
150
120
247
157
168
259
9
259
49
238
241
49
131
41
109
111
108
271
287
40
109
151
35
257
49
129
120
259
152
108
336
44
311
351
405
259
238
41
44
109
300
90
263
152
40
300
44
241
142
300
239
70
54
70
307
152
22
29
43
230
75
120
307
120
239
91
259
230
120
33
267
205
336
71
234
230
230
154
92
239
271
120
38
108
188
150
300
76
171
170
101
141
293
49
91
308
190
22
306
230
44
111
336
188
22
307
8
159
246
115
290
67
161
307
49
335
118
49
70
336
239
45
230
70
5
239
114
293
125
22
49
69
317
109
230
318
290
311
187
32
230
49
300
300
108
239
95
70
259
259
336
246
8
70
49
263
233
115
120
109
230
311
201
120
32
49
120
35
71
307
259
80
311
2
116
76
44
131
120
71
155
307
259
159
257
95
79
362
70
111
76
304
40
241
290
148
210
233
300
190
239
111
49
76
91
141
259
90
35
150
239
259
307
120
115
234
72
263
271
31
296
233
243
230
37
234
298
120
1
92
336
151
70
49
290
71
287
230
22
72
76
263
304
315
152
150
152
230
261
307
26
362
95
152
190
300
70
106
398
152
40
71
362
126
120
263
263
9
259
106
284
32
234
152
120
70
32
40
230
61
70
54
108
75
8
158
233
90
229
253
38
41
18
120
304
100
51
314
300
300
49
308
81
259
152
70
259
239
239
151
190
49
201
318
62
148
310
230
162
35
49
230
300
152
241
67
41
134
111
304
304
8
155
40
49
73
44
318
155
49
111
32
49
302
114
318
31
229
111
71
310
108
307
67
71
178
152
65
239
362
39
259
151
234
200
267
76
317
152
229
120
91
160
300
234
158
261
49
64
8
300
120
44
49
300
68
131
4
310
152
40
259
293
49
150
239
239
49
2
92
120
205
230
259
307
91
239
234
234
31
162
70
230
259
155
67
117
155
120
293
251
243
70
73
253
247
35
152
111
9
34
152
120
233
57
61
239
229
120
111
168
49
120
51
251
120
131
318
268
129
150
233
314
73
315
71
49
259
112
73
40
234
110
120
115
162
71
152
259
152
151
151
259
22
141
251
40
57
151
111
31
22
259
120
238
150
150
125
263
239
152
92
40
114
234
259
4
300
120
259
61
120
241
120
318
300
259
32
259
49
70
9
234
257
35
238
234
2
230
40
152
230
65
69
259
226
118
336
300
28
111
168
230
67
120
95
40
230
95
44
49
32
32
230
49
152
120
95
150
109
49
67
152
230
90
115
44
40
164
32
26
230
40
230
22
22
109
259
32
111
38
233
152
2
70
243
34
120
28
83
92
73
29
152
155
5
111
150
34
152
62
40
152
230
159
8
38
150
158
49
32
141
152
234
226
120
111
91
155
22
38
111
96
40
150
239
251
49
230
230
152
226
59
120
41
109
259
42
159
34
40
90
32
336
40
158
129
151
120
263
159
263
35
115
38
304
131
140
24
40
109
153
287
109
108
40
234
26
152
67
154
230
205
293
108
239
111
120
40
155
158
34
71
44
49
49
152
336
230
150
152
120
70
90
49
152
233
34
44
152
105
92
92
259
271
239
234
230
109
90
300
259
71
69
24
33
159
152
140
183
152
227
250
44
109
293
65
49
246
24
76
304
183
132
95
49
234
40
70
70
259
155
2
83
238
92
250
109
40
49
300
198
336
336
200
70
131
118
188
92
234
234
234
234
90
241
49
5
155
70
40
32
230
136
230
320
238
49
162
120
125
155
336
152
41
2
283
69
234
38
155
111
95
29
33
92
230
230
70
152
259
49
234
152
112
40
186
150
131
154
101
33
320
120
336
48
70
162
114
230
31
152
239
259
148
152
22
45
49
38
241
307
152
109
92
62
141
234
49
230
294
162
331
148
239
141
294
230
44
49
69
239
29
226
111
234
300
29
67
70
152
239
101
152
152
113
286
405
259
302
38
234
230
38
44
34
111
49
151
2
108
33
31
49
234
2
67
113
304
120
74
162
65
49
9
24
127
336
307
234
38
152
4
234
188
234
234
2
41
336
152
300
307
239
152
300
108
300
287
230
22
159
159
83
234
230
152
318
230
314
275
44
152
32
2
335
32
109
239
95
111
239
158
239
239
51
120
120
239
162
162
162
74
105
293
33
57
234
230
234
111
33
34
22
65
44
304
22
259
239
114
318
120
230
230
49
352
49
162
152
8
33
120
293
152
49
307
16
116
109
16
239
38
34
34
90
314
251
230
44
251
275
95
49
35
152
141
49
316
37
157
307
230
33
109
109
120
160
105
114
259
234
114
234
234
91
318
34
49
92
5
306
49
159
150
259
230
90
95
70
49
120
230
265
106
24
152
159
230
108
308
152
34
73
71
48
120
191
239
167
70
80
259
230
314
152
152
310
234
307
318
189
312
70
131
32
239
311
22
251
259
271
160
159
105
92
120
118
70
152
57
334
238
239
33
320
150
37
250
151
363
109
152
234
271
259
71
49
38
155
4
49
246
26
233
244
111
336
226
22
113
141
38
95
230
239
230
112
131
318
54
152
275
179
179
152
22
40
22
70
22
8
9
152
40
293
293
230
148
32
4
307
152
123
239
49
22
234
234
120
120
32
152
150
32
299
33
151
148
148
155
32
300
261
70
141
239
9
152
70
336
178
108
234
41
157
152
49
29
111
335
40
40
113
157
34
230
71
271
257
92
2
311
230
152
230
267
263
32
52
230
61
309
71
71
105
234
152
40
132
152
159
247
32
267
152
44
57
92
259
57
300
239
71
37
111
152
40
152
159
307
34
106
157
234
40
76
230
3
335
259
288
120
150
157
70
70
207
22
32
109
105
34
161
22
74
106
335
151
112
131
271
108
152
112
121
49
32
49
120
152
239
40
114
34
83
40
363
160
77
287
22
70
152
239
292
160
5
123
33
229
113
234
234
234
36
157
67
252
49
120
304
304
251
269
304
8
243
141
312
34
141
78
38
234
2
336
239
290
49
34
34
367
152
230
33
38
336
26
33
125
22
120
92
230
40
49
230
244
309
150
70
70
234
230
120
307
226
239
238
70
111
29
318
44
34
239
131
160
113
29
123
71
243
26
111
22
32
120
336
152
152
152
307
106
71
239
160
152
210
109
111
239
73
34
336
22
320
120
120
70
106
70
71
113
336
318
22
22
22
38
234
32
83
233
67
18
239
239
20
109
152
151
284
40
230
49
4
26
16
154
236
152
40
22
152
113
150
316
152
111
307
35
233
95
45
271
95
131
240
8
269
150
307
239
40
22
9
304
234
44
155
239
71
92
109
312
150
129
70
70
234
34
159
244
40
318
32
65
120
239
33
229
271
73
239
287
293
34
307
141
37
32
32
188
71
71
363
70
71
152
111
243
112
120
234
230
238
2
259
287
44
307
362
71
108
83
92
336
275
239
95
73
38
22
141
300
120
307
155
120
318
49
40
335
259
32
259
318
230
22
230
131
71
304
155
163
238
271
190
83
83
92
259
80
123
152
152
125
100
320
160
294
22
65
67
152
150
230
113
106
131
78
22
333
70
255
152
22
40
40
152
29
111
22
105
67
40
106
40
70
271
273
120
152
188
233
33
92
230
307
101
263
259
263
120
141
106
288
381
26
140
257
141
54
40
271
300
263
141
336
210
33
67
152
120
152
38
71
152
141
22
55
4
238
314
40
306
241
230
246
230
22
307
234
230
336
33
150
152
22
238
155
158
34
44
246
40
279
152
58
22
234
293
70
152
284
150
95
261
259
40
34
40
49
43
250
257
239
37
105
108
309
251
79
238
249
152
241
22
65
152
2
259
111
207
168
239
307
32
159
129
157
114
152
73
108
160
40
26
117
371
230
120
241
239
290
250
148
239
120
140
92
111
49
239
38
284
95
244
251
71
4
238
152
249
251
93
95
140
318
259
18
26
49
295
40
111
152
236
44
230
148
70
71
152
131
271
318
318
230
111
314
32
8
159
157
70
290
288
161
40
229
71
34
239
304
304
34
40
40
284
152
275
288
318
335
152
234
44
120
120
152
60
32
304
259
150
120
230
290
114
314
157
109
150
157
120
31
18
22
239
288
40
140
188
44
234
270
161
131
187
304
73
34
49
84
234
288
271
95
32
127
234
108
257
246
287
289
239
159
244
230
40
40
136
300
234
318
108
300
300
92
143
304
234
230
131
152
239
299
8
70
111
8
152
109
271
101
140
230
288
131
37
293
236
273
120
251
259
189
70
362
131
111
40
188
160
268
152
70
160
65
33
40
301
151
34
37
152
71
73
22
152
259
307
73
158
284
111
234
152
40
71
335
4
24
152
229
2
320
199
230
205
73
40
151
307
92
92
4
318
414
141
204
140
335
152
3
312
49
230
48
70
70
120
78
32
230
10
159
40
244
120
239
152
91
250
238
36
239
57
73
211
230
71
275
67
2
336
239
71
95
65
141
239
89
26
26
239
33
230
307
271
150
170
95
35
4
9
152
49
57
40
91
306
288
249
40
41
26
152
335
67
152
113
40
106
115
49
191
22
70
70
105
70
40
108
234
161
309
336
33
108
259
283
230
270
22
70
70
234
283
152
405
239
92
279
152
304
307
123
240
160
288
263
271
203
141
205
111
161
362
57
120
95
4
26
251
10
307
307
188
92
71
152
55
22
120
160
37
34
95
41
40
239
158
334
230
70
111
229
120
318
238
141
194
259
273
155
70
314
32
169
290
238
40
230
26
70
22
22
40
158
57
244
152
2
263
294
45
14
318
22
363
271
33
92
71
95
120
95
164
244
25
152
95
152
109
183
183
312
288
123
141
230
279
288
198
304
41
92
335
158
257
288
70
188
336
70
71
71
72
9
200
22
43
150
34
8
16
76
307
152
24
148
263
120
158
152
118
70
288
141
216
198
234
68
152
160
288
157
198
150
34
259
22
405
243
8
98
26
304
288
40
152
70
71
70
288
76
29
73
234
114
108
188
40
323
198
288
307
10
71
288
24
65
111
244
44
40
109
279
288
141
162
362
65
6
164
150
106
136
71
4
154
38
320
290
152
26
52
33
230
34
299
152
250
70
9
307
307
105
309
36
22
318
33
120
234
239
307
307
307
309
73
371
120
40
158
9
91
32
261
120
307
307
307
307
307
309
229
161
40
40
288
288
405
90
152
234
70
160
22
49
335
150
158
120
283
109
152
307
106
8
239
49
142
81
283
234
234
26
161
120
63
314
169
307
70
70
92
166
230
9
311
263
90
40
67
26
26
230
159
136
159
234
131
22
40
70
307
91
279
40
288
73
71
152
108
336
78
96
22
159
22
238
246
106
65
152
239
312
87
290
312
143
296
40
304
12
294
152
8
290
290
152
76
131
40
78
150
95
152
318
118
70
293
335
32
239
318
44
234
40
239
173
312
151
288
92
290
22
89
22
334
112
34
150
92
148
150
208
92
271
230
279
307
92
283
70
334
151
288
70
234
234
234
26
40
240
238
26
71
150
95
239
141
288
70
91
91
91
304
152
70
32
120
190
32
92
288
160
299
120
324
312
229
288
1
75
161
284
283
22
49
120
2
234
283
49
111
152
259
92
259
152
34
159
109
230
363
22
333
261
318
113
230
320
40
120
238
120
230
76
34
318
318
40
238
259
261
310
5
249
304
26
20
316
70
230
113
44
70
304
65
288
95
9
136
78
288
230
63
40
95
71
101
49
239
288
239
141
152
44
205
307
92
270
271
151
234
152
22
9
34
333
241
22
234
92
335
230
70
152
92
155
111
92
70
234
257
92
152
150
279
40
160
40
263
71
109
35
34
189
16
49
12
210
120
120
255
238
238
92
288
40
152
49
160
32
65
26
314
40
241
239
230
159
111
72
160
4
105
152
73
159
230
234
257
74
141
255
40
362
152
33
120
230
238
230
136
276
336
4
288
243
270
40
40
241
270
113
152
152
230
230
152
304
95
140
288
89
92
105
9
191
40
40
154
22
71
288
299
288
26
65
9
288
335
38
71
335
335
335
335
70
335
155
8
120
152
307
283
40
273
234
40
152
255
22
29
101
230
132
189
71
111
300
157
279
4
71
26
44
71
230
9
154
290
279
65
98
70
92
239
316
71
40
32
188
239
40
32
95
32
288
244
301
318
318
70
136
199
234
160
71
259
152
9
230
239
57
49
230
26
238
230
44
205
160
22
1
190
152
49
61
89
249
75
318
34
84
333
158
40
70
143
151
288
55
40
26
57
33
279
93
92
92
83
73
152
22
40
212
161
71
111
267
152
267
84
283
40
141
312
22
152
67
8
153
152
40
152
154
139
405
154
33
40
40
9
215
175
318
36
76
92
238
71
335
259
241
238
251
150
230
104
95
273
32
175
120
24
141
120
40
152
160
101
314
234
70
239
159
20
34
294
152
197
159
151
54
105
335
152
40
158
70
152
34
173
288
157
267
33
336
40
73
159
275
65
33
70
48
70
152
154
71
49
323
152
70
67
160
157
106
26
158
318
243
16
230
32
40
188
92
36
22
239
263
263
273
250
230
92
67
152
159
71
71
154
293
304
304
318
120
4
152
50
288
239
239
111
150
152
251
34
95
161
295
105
71
141
73
101
70
22
159
71
49
40
80
336
205
69
301
73
67
157
290
2
157
320
8
259
311
160
230
35
234
157
161
270
73
371
70
198
105
92
152
239
152
73
405
239
40
312
250
140
33
71
141
288
158
234
151
92
150
189
111
92
73
188
111
40
71
263
22
304
111
152
150
290
230
49
131
362
271
284
318
40
293
318
173
241
398
229
32
268
318
71
70
111
173
45
109
141
271
288
152
150
304
40
238
314
230
72
108
152
267
287
75
120
288
70
120
257
230
273
304
150
38
40
293
76
230
150
70
71
150
240
248
120
336
70
120
198
49
271
16
67
168
288
40
81
336
9
160
210
24
44
48
57
131
288
142
40
136
26
131
300
24
148
308
279
37
336
301
40
44
243
301
67
189
92
92
9
3
230
189
70
336
67
234
118
70
70
49
291
336
160
40
270
248
210
238
301
318
16
52
70
205
40
160
230
95
22
279
283
279
75
141
14
34
69
118
120
153
162
318
120
43
279
238
33
34
18
136
71
40
105
273
95
8
152
234
92
94
49
40
161
105
92
233
70
111
67
22
71
259
120
10
255
259
136
159
32
239
257
70
2
288
40
40
22
276
118
49
34
314
9
239
106
71
70
64
288
71
70
2
301
244
71
32
57
158
8
34
120
300
261
269
120
92
336
230
318
239
230
22
150
151
301
230
312
304
16
16
32
127
314
67
152
238
152
288
352
8
92
159
239
32
70
120
70
115
32
120
34
34
335
230
8
32
67
67
40
67
95
150
44
40
9
111
302
91
306
92
205
92
239
9
152
94
92
205
9
150
153
208
158
9
9
34
204
32
200
152
152
33
49
33
152
70
22
188
198
160
71
234
233
71
22
318
189
230
74
239
234
70
259
155
111
22
263
230
95
131
95
26
159
40
288
293
111
141
106
92
157
152
290
65
20
92
22
230
33
92
267
276
190
70
230
9
73
152
318
53
22
57
157
157
49
26
4
296
75
92
294
77
71
12
80
70
50
40
70
318
230
111
312
216
62
40
157
92
151
32
71
70
71
141
352
8
32
70
9
22
335
293
109
300
279
288
279
71
70
73
198
118
112
2
239
106
78
33
230
151
92
335
89
67
26
49
22
263
2
308
152
92
152
240
114
187
70
40
67
22
121
216
40
96
34
36
152
40
40
152
141
183
33
108
318
162
108
3
300
312
92
120
159
71
25
22
71
205
150
259
158
267
70
32
205
154
230
70
230
293
157
239
150
120
43
288
189
279
288
320
161
243
89
40
49
45
22
32
255
251
336
159
71
279
271
247
230
288
70
49
18
198
290
157
288
71
74
414
250
40
288
152
160
95
40
38
92
111
70
44
230
288
288
307
234
290
16
244
8
32
157
300
40
92
40
288
105
160
157
44
34
288
63
70
67
208
70
160
70
198
300
320
70
153
352
104
293
312
40
301
230
118
133
405
155
8
141
129
288
318
273
154
158
207
96
335
22
41
108
67
22
288
160
6
71
318
92
61
44
141
136
40
150
292
259
59
288
76
24
120
239
71
288
111
182
131
22
71
214
189
290
267
71
239
259
73
405
159
70
259
70
26
26
111
44
230
160
131
243
92
22
250
335
311
217
190
34
160
70
323
288
248
9
8
279
36
279
120
198
120
150
92
14
22
288
29
141
61
89
158
95
230
32
154
238
92
106
239
335
71
279
67
239
40
92
40
70
208
73
211
234
120
262
111
250
238
105
132
160
49
143
233
238
95
248
40
72
293
198
105
188
120
92
40
263
164
70
240
189
98
200
279
71
310
141
279
260
69
251
57
48
94
95
288
40
111
250
70
92
301
22
71
71
205
40
315
106
26
140
70
279
140
301
98
190
301
70
214
10
26
158
301
283
314
166
9
283
71
120
40
154
118
301
230
261
55
136
261
108
208
40
91
140
49
95
301
120
243
301
154
44
190
120
70
4
261
111
76
106
71
34
154
249
10
40
70
335
259
255
301
207
70
70
288
40
141
120
92
105
71
239
288
148
71
160
59
9
40
114
26
259
301
204
120
26
91
95
120
287
157
335
141
109
188
301
307
32
271
189
239
190
301
259
22
92
269
120
300
301
188
363
205
16
16
205
74
44
188
92
70
141
198
3
198
279
148
71
161
230
290
67
265
151
92
120
73
57
68
123
288
279
279
148
204
44
40
288
239
261
95
44
165
304
157
251
414
257
150
259
290
75
200
157
8
279
193
318
40
216
72
239
189
57
120
67
318
158
40
233
190
279
70
67
296
271
308
140
279
106
120
290
295
113
152
120
64
120
9
288
120
25
151
9
257
9
120
320
9
26
44
70
259
40
70
318
288
300
93
59
157
294
95
160
160
44
70
65
251
323
205
38
38
369
335
293
34
318
284
301
140
33
40
34
71
141
95
111
238
95
164
304
33
261
320
26
157
230
11
22
70
92
52
198
151
9
317
301
201
40
75
120
215
318
284
131
267
290
230
44
312
244
38
290
117
261
290
74
317
71
290
299
8
314
244
140
120
241
259
131
151
151
70
92
230
73
283
70
34
246
414
323
230
250
159
290
260
131
250
40
244
71
71
70
300
44
140
131
92
242
239
150
40
2
92
261
92
317
92
189
152
336
27
33
190
207
198
198
198
208
9
73
307
44
215
312
70
168
188
312
259
164
290
288
202
111
95
246
22
151
120
2
207
120
160
389
290
276
230
158
295
52
273
120
318
40
92
120
73
70
155
234
70
9
152
150
70
307
70
57
397
150
78
54
321
321
321
321
321
321
321
321
321
321
190
70
290
234
288
92
73
70
112
178
8
64
178
48
230
26
160
288
70
52
45
140
133
295
301
230
92
44
92
70
199
233
67
161
71
120
244
160
38
317
288
333
318
290
125
151
233
230
2
140
46
49
164
71
154
207
70
40
287
116
9
42
269
90
300
318
164
164
189
49
300
71
158
34
226
44
300
103
306
290
259
288
397
92
290
35
317
8
160
115
230
146
70
314
9
40
9
70
250
45
45
317
290
239
270
288
155
22
204
307
296
120
270
230
95
91
249
24
288
151
71
112
40
157
111
73
154
84
70
109
243
251
363
95
268
95
270
134
288
73
301
284
315
288
335
323
70
200
71
131
92
157
26
239
259
299
120
244
84
10
70
234
284
205
307
230
190
295
92
70
239
240
148
38
71
120
153
151
120
239
152
120
230
271
216
22
141
70
259
299
239
238
92
190
239
292
158
318
159
160
84
143
152
288
271
233
92
26
93
189
335
120
234
105
40
288
209
275
173
92
91
120
307
67
290
131
70
49
44
292
70
279
263
148
300
59
159
293
40
234
244
40
123
240
268
279
158
210
84
34
279
320
111
279
161
123
148
57
92
281
157
307
246
44
230
151
108
65
9
239
92
155
160
154
140
229
127
290
40
76
279
336
140
160
229
181
335
239
46
240
158
336
57
279
70
45
71
230
64
159
26
304
160
288
141
42
290
84
230
239
159
273
114
34
276
70
239
143
105
70
32
92
34
101
159
335
238
116
270
92
44
287
143
120
307
246
92
335
22
92
71
148
70
274
2
95
155
84
190
239
36
157
34
1
71
318
71
230
148
115
173
2
288
320
217
320
333
332
92
150
95
136
2
2
312
303
279
91
116
110
1
151
74
74
287
283
95
87
70
283
230
269
149
154
70
299
238
73
230
57
241
131
160
70
105
143
78
239
259
259
234
238
288
234
279
34
92
332
54
288
269
271
294
320
131
327
250
67
157
92
279
150
327
154
92
234
301
302
92
332
269
279
139
229
170
337
317
398
157
117
244
288
336
59
136
327
285
141
78
111
325
247
154
279
9
73
29
140
259
330
111
290
72
71
151
67
160
398
61
261
95
115
148
263
180
101
301
40
92
160
397
137
70
318
101
288
315
251
33
112
250
362
92
92
250
143
284
84
338
84
337
138
92
70
71
246
159
336
197
92
257
164
89
64
159
16
129
131
84
98
162
109
141
281
6
230
154
34
88
234
150
33
170
131
284
70
230
334
98
76
324
288
307
306
234
318
57
92
158
234
246
248
335
239
65
246
369
157
108
33
290
259
335
41
44
151
67
293
150
284
259
44
190
335
311
327
327
312
57
259
71
378
83
159
187
113
229
287
304
72
92
40
70
283
338
378
70
230
317
92
142
246
159
238
92
136
279
120
70
250
31
259
92
335
70
153
336
336
378
120
95
150
233
154
71
308
61
112
239
159
129
246
307
40
283
230
176
283
335
241
234
84
92
40
143
120
290
158
148
259
230
40
247
296
95
336
31
227
301
150
136
92
75
109
371
120
64
151
188
150
230
233
158
317
234
234
44
118
72
92
283
288
230
44
234
94
61
234
73
44
61
140
336
150
40
109
120
70
115
154
159
300
286
159
131
288
34
150
239
92
120
109
363
123
259
316
318
272
40
40
368
259
164
381
239
70
412
290
290
67
248
159
159
33
127
154
