61
64
61
91
97
62
61
307
307
307
307
307
158
249
307
307
307
91
307
307
307
307
249
61
307
307
307
307
307
307
307
307
307
167
264
61
61
61
109
44
34
264
64
61
249
110
48
249
251
307
246
163
44
307
307
44
48
250
251
120
34
307
59
233
57
397
61
101
61
307
48
44
54
246
126
120
234
126
64
59
233
252
307
61
398
126
243
149
35
241
243
150
61
151
112
44
239
25
266
33
307
263
297
156
33
91
44
33
307
120
259
120
307
246
307
126
239
61
148
35
141
246
33
158
22
226
105
54
46
307
233
259
67
120
95
188
151
83
136
91
243
126
52
307
307
126
307
120
294
230
148
151
44
96
34
230
68
317
314
33
307
44
234
307
230
109
126
27
307
242
238
307
239
108
246
167
238
46
271
92
8
243
241
126
33
33
44
120
246
246
33
151
307
151
151
239
67
44
252
44
61
61
150
230
15
126
307
259
227
233
239
141
108
120
243
234
49
292
33
111
307
259
61
111
129
234
243
120
10
126
241
246
33
120
259
33
26
263
61
154
158
49
57
227
118
307
141
44
251
241
25
318
259
34
234
115
307
129
141
33
307
32
239
263
10
306
42
10
63
33
383
42
307
241
120
88
120
263
338
33
238
335
307
163
44
247
307
246
276
251
150
33
113
230
61
239
15
230
182
226
49
307
259
150
182
148
243
148
29
48
307
8
129
8
151
307
111
259
307
61
243
304
34
112
120
114
111
241
120
5
33
33
159
307
238
251
32
298
234
246
44
33
95
35
335
148
22
123
307
296
64
108
397
159
25
22
234
32
233
25
120
269
265
230
255
91
26
89
125
264
26
25
36
25
276
108
307
132
150
141
20
109
307
307
32
52
40
78
8
307
150
157
32
61
158
259
32
152
92
307
52
303
307
8
8
59
8
50
4
33
307
307
259
300
259
234
307
276
261
8
246
129
33
239
108
64
61
241
10
44
22
38
335
34
151
78
8
18
291
296
32
320
239
126
16
8
15
234
152
49
307
33
263
307
267
61
61
61
61
307
233
285
88
22
234
239
238
120
64
151
108
70
314
148
8
33
28
284
33
154
241
64
307
126
32
229
307
151
49
8
115
152
233
32
126
309
20
150
61
307
264
64
79
307
243
33
73
243
61
264
10
44
26
238
32
229
234
261
307
143
136
22
41
155
183
61
113
64
317
57
249
64
120
249
61
249
169
52
96
264
50
307
65
16
307
120
136
92
43
25
264
335
266
307
246
111
335
307
307
307
136
44
259
307
92
96
247
264
173
108
307
96
8
229
229
307
307
307
307
307
10
96
307
64
263
264
269
120
151
8
239
2
307
91
249
307
266
70
307
140
273
155
307
307
61
188
155
307
136
33
120
149
67
54
44
264
264
136
318
8
91
238
10
10
307
229
162
234
148
44
126
152
141
307
150
264
136
16
52
264
383
136
141
59
296
255
335
290
173
8
318
149
120
44
8
249
14
126
37
264
307
264
238
69
320
44
103
230
227
92
264
33
92
244
264
96
61
318
307
159
291
32
291
22
8
8
49
230
22
239
61
91
61
230
284
120
227
59
61
61
50
10
6
70
92
234
238
26
148
96
239
8
70
49
264
64
108
32
78
307
120
263
10
320
307
92
44
290
239
44
264
383
169
264
239
264
33
8
91
96
264
96
34
239
92
96
307
307
314
54
307
264
44
68
154
120
264
238
126
33
141
307
154
264
61
120
33
233
264
320
307
33
33
397
136
141
35
239
92
103
173
367
158
367
264
367
136
70
263
136
127
263
307
61
264
266
154
241
230
126
159
264
52
233
64
307
162
239
96
160
260
36
61
91
91
92
335
307
64
264
259
307
64
126
143
120
120
264
44
150
61
70
264
97
91
307
151
108
64
336
108
336
249
307
32
136
225
57
320
91
249
44
121
264
264
44
61
33
10
251
265
122
233
264
120
154
33
292
308
122
120
33
44
314
87
414
314
37
252
35
64
307
37
264
264
129
8
290
154
