59
48
44
158
259
109
44
243
243
239
158
200
269
49
243
105
300
120
259
57
44
257
44
105
398
186
160
246
141
300
259
34
152
37
29
246
168
293
241
108
16
111
35
40
41
29
246
44
140
123
125
40
230
230
300
49
233
311
371
33
67
109
40
243
233
111
22
153
259
125
239
37
49
259
76
67
259
8
22
22
20
26
139
270
241
8
8
8
16
106
239
267
32
95
95
273
65
38
141
230
123
123
230
259
230
261
150
92
141
150
40
22
318
155
230
49
111
67
259
33
378
230
318
226
123
246
120
300
74
300
230
239
238
108
239
95
33
318
141
113
151
92
22
311
311
230
275
108
116
239
371
95
402
32
32
234
22
106
260
300
116
148
48
109
2
111
71
32
402
71
152
40
49
49
152
230
49
152
22
22
41
241
29
293
73
37
37
106
49
2
159
2
33
74
34
259
230
158
234
234
188
9
9
336
83
141
62
71
111
152
243
230
300
234
150
257
92
188
9
160
336
246
106
306
109
273
233
159
234
230
151
234
300
148
299
22
284
246
61
300
230
32
294
205
307
34
35
79
314
109
78
65
49
49
38
33
115
230
230
26
116
48
89
49
40
259
49
300
261
239
43
71
4
4
118
4
336
152
244
150
40
40
71
40
162
22
336
402
151
8
148
40
118
165
92
38
230
22
230
148
405
112
92
37
34
26
275
238
112
300
120
95
49
304
230
90
141
33
236
141
310
238
152
335
152
34
26
318
95
90
34
290
22
309
49
158
8
271
120
152
92
308
22
293
398
244
230
243
188
309
230
309
307
92
111
74
149
234
78
230
72
92
40
73
70
300
239
306
239
50
152
73
230
336
95
150
111
49
309
273
32
32
152
105
40
111
230
120
9
10
306
152
271
34
271
230
230
22
40
9
307
211
106
22
336
284
120
273
157
136
118
152
152
140
257
40
141
238
123
6
26
120
67
310
108
371
22
106
318
234
140
67
293
26
259
24
33
336
44
141
71
243
159
22
230
35
233
74
173
2
109
230
2
241
335
152
230
312
32
239
120
40
188
190
106
105
233
230
244
259
259
92
14
243
12
40
38
304
71
74
141
108
40
28
34
49
234
152
118
62
306
188
83
109
271
33
230
230
270
246
8
152
312
152
71
300
300
40
152
210
22
152
371
49
22
152
33
158
230
141
26
293
335
238
136
238
136
26
151
254
34
141
198
155
92
64
152
37
155
22
40
8
111
74
35
49
95
159
152
373
24
150
34
108
67
123
71
246
268
152
108
152
26
11
6
70
3
188
9
229
294
153
243
114
22
159
9
155
170
71
314
230
40
293
40
233
4
261
75
234
253
164
40
230
92
34
167
140
148
41
159
239
71
306
9
9
136
40
163
215
70
263
230
273
246
234
308
152
190
230
92
311
49
306
125
33
314
8
139
139
259
284
71
71
40
323
71
199
92
40
152
255
238
230
162
187
293
299
92
198
310
335
43
230
106
70
230
269
273
141
260
230
152
95
261
47
40
14
47
92
205
9
22
284
57
67
2
318
378
238
141
68
263
323
214
106
9
159
22
152
259
92
141
141
154
378
167
230
34
173
269
336
160
378
268
318
112
6
4
216
155
246
299
32
160
140
204
270
26
215
106
141
141
49
316
318
234
65
304
92
95
230
49
92
141
299
161
151
26
198
141
161
49
230
290
159
259
83
67
230
20
14
106
290
26
152
136
362
52
255
154
136
10
198
70
92
16
160
67
33
324
261
152
152
140
40
4
71
151
73
49
92
115
78
230
50
190
314
98
248
160
244
95
52
152
8
318
336
92
40
63
295
3
106
331
38
62
64
273
161
270
268
159
189
261
22
49
148
40
131
153
270
318
74
74
74
74
336
300
136
70
290
263
328
327
64
270
239
106
160
70
239
264
324
325
230
335
10
3
240
92
71
26
290
335
188
230
9
318
312
198
327
269
259
84
230
290
248
356
138
101
36
200
353
200
67
273
239
70
300
215
70
40
158
230
298
78
92
34
230
243
246
173
230
57
318
318
48
40
