70
183
398
120
398
283
163
33
272
178
117
243
239
31
121
31
29
397
307
307
307
307
307
44
44
292
36
16
172
34
284
44
259
259
44
398
92
54
70
70
46
307
307
169
67
120
70
298
34
234
152
259
211
248
44
154
251
251
113
238
245
127
116
57
259
251
259
168
62
127
150
243
62
44
44
44
125
158
109
44
62
57
1
44
44
109
276
269
28
163
120
233
49
32
32
33
120
118
57
95
230
159
259
300
230
152
67
41
148
308
125
150
115
87
120
64
234
73
159
111
54
83
64
33
41
239
230
259
307
57
54
120
259
115
152
59
34
230
362
54
307
95
38
290
101
158
211
101
208
263
33
125
211
95
183
163
253
160
67
92
5
71
152
233
57
35
241
44
9
230
33
148
230
118
158
335
259
35
21
120
168
101
150
367
32
148
113
116
61
300
148
70
92
259
33
318
101
101
181
246
101
68
148
44
241
239
241
115
261
335
307
38
298
90
118
246
259
259
152
159
141
259
44
111
259
72
259
253
31
125
57
70
71
42
154
233
398
259
57
158
259
153
211
152
148
111
230
111
259
148
234
41
245
257
63
259
314
155
238
223
154
239
29
159
57
44
118
169
290
183
8
272
181
111
31
245
234
8
61
314
314
38
38
259
49
49
126
34
230
49
38
241
32
152
257
150
90
61
33
44
109
113
113
38
234
41
41
150
150
168
31
300
67
57
68
2
230
230
239
61
230
49
294
33
230
182
246
44
317
92
70
234
67
259
243
120
234
70
41
49
54
71
49
2
19
238
64
34
234
234
118
49
32
259
259
120
314
163
229
239
44
44
151
233
300
230
40
152
300
120
111
44
276
95
259
253
49
49
398
290
246
290
152
230
307
120
239
246
70
109
49
49
42
294
12
8
229
304
259
44
241
247
62
61
76
132
243
234
204
40
142
304
246
115
44
307
109
318
190
75
259
120
112
300
148
74
290
300
259
70
259
238
276
40
70
159
105
90
38
118
159
70
92
70
245
70
232
230
44
254
188
70
111
259
120
33
151
40
230
41
259
152
118
239
61
112
64
5
239
239
230
54
33
306
49
95
293
300
297
16
335
335
335
251
276
253
44
125
230
188
120
190
90
190
193
50
61
64
230
8
193
76
113
230
109
300
158
40
120
307
120
54
251
214
120
239
112
8
4
239
414
44
115
74
95
40
168
108
49
109
113
34
259
259
294
233
166
44
190
169
44
183
144
134
141
133
169
183
44
252
241
239
243
241
111
68
251
246
112
120
157
148
310
32
230
171
179
148
153
40
70
152
160
109
152
75
257
241
115
33
109
71
44
78
398
173
57
92
70
239
106
120
8
113
244
44
234
34
71
152
263
230
230
44
294
68
32
162
152
150
109
109
22
2
405
316
318
152
173
49
67
16
259
120
267
317
44
113
109
49
148
159
113
241
246
113
54
72
40
70
241
20
151
197
241
120
29
335
68
61
70
118
188
129
120
44
35
10
67
290
49
306
149
44
18
304
300
36
298
234
44
300
120
167
150
40
120
151
152
148
67
241
198
234
110
293
41
28
163
300
205
259
152
125
152
152
239
239
70
211
148
49
32
234
120
300
162
22
70
33
307
111
106
109
8
241
152
39
40
307
120
49
61
120
31
150
233
76
233
23
35
188
95
355
300
60
32
65
40
120
164
33
22
152
259
238
114
44
234
259
38
405
168
251
159
300
251
90
257
36
160
8
253
152
44
38
181
233
152
269
300
35
33
44
40
230
318
300
307
48
259
95
230
49
318
44
71
245
57
152
123
316
152
71
148
32
45
259
120
38
2
92
307
283
71
257
90
150
191
120
239
32
40
234
49
120
43
234
73
40
230
152
73
167
49
173
22
112
225
182
70
188
54
147
263
49
22
113
106
234
67
150
54
76
120
230
246
120
120
269
57
44
243
33
157
113
200
152
120
92
230
234
95
70
18
40
118
112
44
300
234
239
152
152
71
92
106
239
314
312
259
90
300
32
200
259
243
81
106
42
49
109
71
263
120
318
47
109
259
65
155
284
22
150
108
293
276
293
290
271
28
70
298
71
239
113
150
397
267
152
114
40
32
90
109
120
120
297
152
243
38
67
304
22
111
259
158
2
238
125
40
259
40
70
73
259
70
188
159
234
246
90
111
106
71
125
26
300
113
234
113
152
23
22
190
209
152
230
41
257
152
33
152
150
158
239
24
152
158
67
111
140
49
323
125
362
38
152
70
71
70
35
54
230
118
259
70
111
230
42
348
154
246
34
120
140
120
120
140
146
290
49
270
263
152
2
316
33
116
307
92
159
2
320
44
70
120
213
95
95
167
323
35
150
109
71
234
152
239
44
120
234
62
70
70
70
92
22
150
155
152
92
234
76
259
241
230
40
120
152
40
196
120
234
230
233
152
76
76
323
205
307
284
40
307
190
193
152
239
70
109
276
38
197
65
33
307
40
70
67
40
120
152
34
34
123
120
152
290
111
40
41
241
32
166
2
120
154
246
44
44
141
70
123
152
142
26
230
269
121
233
32
12
120
27
300
162
22
22
121
34
120
8
33
307
336
141
105
70
167
188
234
304
40
40
71
213
40
5
257
293
263
83
113
152
112
152
152
120
159
71
405
120
113
318
272
109
259
92
159
105
188
263
238
300
147
92
259
239
152
49
40
198
70
152
155
152
234
152
159
273
150
152
105
67
307
193
71
190
92
239
109
34
246
190
152
141
167
155
226
65
33
70
8
154
125
243
181
49
259
26
106
26
152
58
141
120
151
49
95
293
263
34
230
257
32
44
120
49
54
109
8
323
24
95
120
239
67
239
71
40
34
261
246
5
112
230
95
120
70
234
72
40
151
307
307
307
307
304
155
3
333
270
95
284
335
22
31
307
160
152
120
150
152
162
113
111
234
307
234
40
257
150
44
190
73
49
239
115
257
152
239
34
152
389
72
22
152
71
216
113
40
320
70
152
160
49
279
190
118
90
8
92
155
29
40
152
74
40
95
263
270
38
230
4
22
40
304
34
230
49
141
34
167
167
31
120
49
29
40
150
71
8
70
312
113
120
234
294
226
261
216
239
111
76
34
188
159
71
105
307
255
120
2
414
44
234
68
70
44
120
22
59
70
67
307
94
157
307
120
239
111
71
90
73
244
239
8
120
312
251
152
173
259
71
70
233
73
241
120
111
230
95
188
26
234
71
300
26
67
293
143
2
230
11
120
198
318
151
300
168
318
9
8
120
234
304
33
35
120
120
307
34
241
33
33
246
259
95
67
95
26
95
38
168
246
95
40
159
67
64
234
241
118
40
40
73
188
54
22
65
4
76
40
49
105
74
307
158
268
70
148
40
115
234
239
112
32
40
157
73
20
2
111
92
159
320
71
76
216
234
159
22
290
154
22
53
54
243
76
71
239
116
230
74
26
318
49
24
239
246
295
152
32
323
117
113
72
188
300
4
40
40
95
239
307
307
188
71
152
239
150
32
64
70
307
314
120
120
108
65
113
160
113
140
10
108
160
239
234
70
111
58
243
271
269
70
57
49
159
33
152
22
293
284
22
239
40
120
279
238
150
113
150
4
216
255
2
120
49
307
75
150
307
234
300
230
120
113
234
123
318
22
8
70
70
54
76
113
33
72
9
49
71
310
152
32
106
34
49
120
9
239
318
239
4
22
32
318
284
283
279
152
241
48
34
106
95
34
109
269
211
215
53
22
34
270
173
44
181
49
293
169
271
8
230
318
49
40
38
315
57
307
120
120
92
236
225
71
67
40
294
70
318
77
106
9
157
120
36
173
152
241
154
70
70
40
120
238
238
120
307
106
273
300
26
315
40
336
152
243
65
307
111
70
118
49
26
40
32
230
120
109
109
292
38
120
44
120
109
152
230
141
6
120
59
320
73
26
92
239
44
111
244
40
200
320
151
263
143
6
230
34
255
161
148
40
38
92
40
238
307
284
72
362
141
173
32
44
40
65
152
131
238
141
263
288
40
152
261
69
293
188
70
75
70
160
32
40
260
141
225
113
95
18
106
273
95
131
257
239
210
46
40
273
8
271
154
111
152
34
288
20
95
92
69
134
20
307
120
95
307
113
70
173
70
213
157
32
239
111
188
239
234
9
234
245
160
173
95
152
158
92
40
234
28
148
90
33
2
61
70
70
173
71
307
95
236
40
233
9
152
234
70
189
76
290
120
29
34
32
92
141
40
154
316
239
22
239
92
152
44
44
95
152
238
303
70
296
120
92
121
106
230
120
259
120
243
2
230
190
33
120
34
304
92
92
65
113
300
140
71
70
142
152
120
263
84
73
49
70
151
111
2
178
67
40
120
239
44
40
307
131
92
155
307
279
318
290
335
8
211
318
270
67
26
269
49
141
111
307
29
238
263
307
308
120
234
251
69
302
120
99
95
40
318
29
64
190
70
318
151
4
40
34
54
150
113
85
234
4
89
152
106
271
120
120
152
34
120
22
70
275
307
40
275
152
40
148
290
405
160
111
36
335
92
43
261
36
72
55
41
323
109
22
293
111
238
288
322
40
148
71
49
158
71
43
152
101
101
234
111
120
324
105
40
62
120
105
44
32
160
288
40
92
271
320
152
309
307
309
307
309
307
307
307
307
309
91
152
33
307
70
307
70
307
307
157
207
307
105
273
92
112
307
307
161
188
9
120
92
335
275
120
246
71
189
234
230
287
234
203
271
27
92
244
239
44
71
296
106
71
310
118
300
21
90
92
335
233
279
288
288
40
40
215
234
193
205
40
152
239
141
288
70
38
220
57
152
28
40
26
40
111
95
95
152
8
273
271
288
12
239
257
38
32
120
40
111
199
70
193
38
24
3
92
263
183
159
70
70
204
310
120
73
71
43
43
271
40
92
331
67
67
323
267
239
14
40
40
259
157
70
234
151
105
24
208
271
152
307
95
72
293
230
198
105
239
26
120
200
44
57
44
80
49
45
180
318
243
234
263
63
120
49
95
101
40
92
288
44
181
70
157
152
40
405
8
161
152
307
307
307
43
239
16
141
22
159
9
40
70
159
70
151
307
44
405
233
67
92
316
40
51
34
335
152
32
239
44
150
141
205
111
111
40
71
233
271
191
46
244
397
92
70
70
239
112
22
40
142
49
308
275
290
67
236
120
64
95
304
78
337
106
298
187
150
72
198
285
230
233
210
234
57
92
251
65
302
67
316
34
40
40
371
271
24
241
239
105
267
151
40
160
214
111
4
9
33
268
92
44
32
198
173
111
32
71
40
40
92
183
152
293
92
120
205
40
33
283
248
48
140
151
73
49
335
324
244
259
398
234
44
92
61
44
95
307
230
259
210
22
154
82
95
314
65
230
300
190
57
64
239
141
120
205
239
279
70
9
71
70
234
71
271
308
284
117
26
166
101
22
268
318
275
16
70
241
120
2
397
120
188
155
287
111
70
152
234
157
92
152
152
70
71
40
65
9
120
239
259
263
9
140
98
120
233
259
152
22
71
63
188
187
239
288
54
35
318
34
111
40
257
105
70
71
335
70
154
70
405
40
150
44
20
120
18
131
164
300
137
141
307
36
154
67
234
324
164
238
335
70
154
35
55
49
141
244
152
40
112
34
34
205
202
157
320
148
151
201
320
33
152
276
112
92
279
22
335
306
40
239
40
333
290
183
34
95
111
234
95
259
318
4
210
136
9
271
304
88
40
22
111
112
152
238
318
259
2
136
150
70
157
143
73
188
412
10
70
57
44
50
44
310
316
159
95
70
152
108
22
151
290
271
136
64
239
160
239
136
80
288
140
105
157
70
70
238
267
160
112
263
92
70
92
9
150
57
267
41
40
324
234
22
111
70
318
2
234
244
154
234
18
173
263
290
92
263
290
71
234
269
219
61
44
120
95
33
269
40
239
288
323
414
190
70
92
67
22
190
111
293
300
75
225
71
40
89
8
43
259
95
240
189
40
414
141
287
152
113
140
158
164
164
54
70
188
38
67
111
123
70
152
155
215
54
161
120
70
290
48
152
141
283
4
32
260
46
239
318
239
5
49
70
414
49
70
155
158
308
275
67
40
35
169
70
70
158
290
22
152
152
152
152
152
120
70
32
9
316
131
71
26
318
40
80
151
40
270
92
42
26
40
120
44
136
318
95
133
312
239
106
76
300
261
158
70
239
170
154
154
154
154
92
133
290
367
133
151
152
94
160
92
290
205
323
95
106
26
414
241
160
136
121
71
76
78
59
312
87
67
8
106
49
49
250
92
287
75
8
22
141
95
238
92
414
234
92
34
164
239
202
198
40
257
51
151
22
85
171
153
160
67
40
239
269
378
304
279
95
300
131
269
73
190
230
45
288
108
92
259
312
22
154
267
70
71
70
71
70
261
67
271
70
239
32
273
251
307
141
105
288
217
151
160
154
72
29
84
40
160
335
169
92
143
73
26
70
71
201
201
40
189
71
154
78
189
150
74
157
73
234
198
22
405
296
92
53
131
118
131
131
88
92
2
283
108
176
333
71
292
92
129
261
109
38
70
290
290
106
67
44
70
120
95
95
95
201
95
275
54
257
270
269
127
64
241
133
221
414
141
239
106
120
269
167
55
106
151
70
70
288
246
40
95
92
161
189
92
160
26
67
71
233
26
16
71
14
141
167
250
307
57
70
205
111
165
150
157
70
198
234
205
22
83
160
226
29
22
8
312
98
40
288
101
70
211
230
70
8
101
101
215
172
71
106
18
40
211
261
155
197
304
318
190
152
167
70
36
70
131
95
207
198
304
163
233
234
105
160
92
161
306
161
230
335
287
157
324
215
208
176
241
290
264
114
141
158
18
150
141
152
150
198
244
40
92
134
239
198
211
212
52
301
137
108
70
201
57
40
94
92
288
273
120
40
241
307
92
70
142
390
88
64
284
148
71
213
320
257
71
215
230
120
320
40
105
70
34
269
95
201
318
293
201
54
70
251
152
22
83
176
307
22
71
5
44
251
290
188
8
154
154
154
140
269
189
40
32
248
4
73
44
22
336
160
287
92
34
22
45
188
176
255
34
318
92
299
92
263
211
159
320
70
320
308
308
159
318
239
140
54
161
120
237
189
95
294
288
59
141
205
8
52
70
176
143
95
72
263
38
161
108
46
71
40
40
159
70
68
33
70
335
92
244
26
71
92
273
248
92
293
246
34
250
157
112
189
131
36
318
205
173
43
290
92
38
151
170
40
71
208
259
34
250
279
161
160
161
34
154
70
45
290
142
8
268
275
92
210
106
106
240
158
59
33
315
216
317
227
201
67
44
290
159
192
290
189
320
317
226
304
158
161
250
253
250
250
321
321
321
321
321
321
321
321
165
67
154
308
318
208
318
120
398
154
154
205
316
4
263
13
140
95
292
398
70
84
201
402
157
208
160
161
44
120
263
352
95
154
112
123
95
234
212
75
12
44
106
65
159
87
57
261
317
190
398
292
95
120
4
44
161
161
92
70
236
288
161
320
276
323
188
290
64
120
33
335
72
106
44
161
120
71
84
320
72
279
148
249
54
296
92
20
71
95
111
140
70
76
157
161
70
159
32
292
92
154
70
95
92
284
70
187
294
61
159
44
317
71
134
320
9
294
120
160
92
44
318
157
9
108
246
57
33
40
328
308
150
154
233
318
70
190
234
154
44
144
65
317
153
70
158
120
236
263
334
151
398
54
159
208
338
154
181
239
34
283
216
8
131
317
398
57
259
176
290
296
92
414
105
241
18
44
1
92
159
93
263
236
190
154
48
84
248
87
72
98
34
332
225
141
92
159
378
269
240
44
293
318
70
221
57
70
59
150
230
159
240
92
9
70
72
70
188
95
154
157
159
290
158
32
293
120
50
120
378
284
105
225
118
154
92
234
230
131
160
114
109
178
160
239
143
317
307
120
44
164
154
84
92
232
239
44
157
41
295
152
178
44
188
159
269
307
307
378
70
140
335
299
157
302
120
83
299
246
233
159
301
307
335
75
140
267
233
248
412
159
44
154
335
373
54
308
150
230
70
317
54
152
287
129
320
154
290
163
120
288
70
57
154
61
284
61
129
140
3
381
248
59
95
239
112
