250
57
57
173
250
44
250
265
398
57
290
307
318
157
44
246
42
125
152
152
229
162
111
246
54
112
121
273
152
239
230
167
243
259
113
120
118
269
109
300
70
71
152
247
313
230
82
72
259
52
54
70
25
166
238
49
35
106
44
35
70
49
300
49
307
72
112
188
152
155
234
307
70
44
111
115
49
257
246
112
111
33
123
9
230
125
38
105
113
153
152
70
70
293
49
152
71
242
402
307
115
241
32
38
73
233
111
226
109
241
114
160
49
188
70
70
157
234
151
70
259
160
120
307
261
70
160
115
111
76
162
389
159
118
257
152
94
247
152
54
49
343
159
9
336
336
70
259
73
65
248
103
239
159
385
49
41
92
5
247
160
188
72
68
335
229
259
65
190
254
205
246
131
42
148
70
307
389
299
70
33
49
61
70
75
230
234
67
120
405
161
71
40
70
180
293
78
32
234
234
161
304
12
318
307
109
148
259
109
229
35
230
234
40
246
79
160
160
259
152
42
71
71
71
234
49
234
2
32
118
95
159
22
239
32
9
32
120
149
307
120
110
239
293
92
48
49
234
90
362
160
120
188
152
53
161
211
230
70
188
71
53
109
239
155
105
70
257
95
22
3
34
210
160
109
40
188
238
70
335
67
205
105
70
33
70
70
160
152
70
160
120
37
69
95
49
290
70
22
4
304
190
32
32
307
160
65
261
307
4
160
106
34
137
70
121
284
23
211
362
40
57
22
335
92
22
35
34
290
115
18
152
111
160
108
198
115
160
155
40
71
313
22
70
238
101
152
307
70
92
162
70
70
120
14
120
72
284
141
9
188
40
239
40
70
37
248
70
113
150
111
73
335
120
160
44
160
216
9
160
159
241
106
181
70
70
160
69
324
9
70
160
120
32
70
284
152
323
160
271
120
160
323
157
22
70
106
34
109
92
71
238
83
40
265
155
307
309
309
16
307
70
70
318
250
335
70
70
70
273
95
70
259
131
58
28
335
40
304
120
150
34
271
26
336
259
40
95
33
148
109
151
307
120
159
70
159
70
92
230
275
118
160
154
188
308
311
320
318
70
76
191
70
92
159
261
160
70
299
160
239
70
318
70
112
160
70
40
70
335
160
188
123
148
118
205
70
160
131
70
34
230
92
152
136
33
154
157
155
70
70
70
160
26
34
32
111
188
70
160
4
160
310
70
299
106
246
335
40
299
160
34
161
46
34
70
290
70
225
150
70
70
71
160
74
70
299
323
299
190
318
188
101
71
239
234
70
290
318
70
8
105
335
70
92
335
40
70
108
351
70
70
53
318
160
299
71
8
160
229
151
70
160
284
290
70
332
70
160
141
160
70
158
335
140
160
160
111
70
140
120
113
160
335
160
71
335
293
287
123
239
103
70
70
70
139
300
320
22
52
70
190
115
322
70
70
71
181
70
318
160
34
70
335
70
369
205
227
54
248
141
13
170
243
70
9
154
44
24
148
158
26
83
92
154
154
321
321
120
22
75
154
290
32
73
239
108
75
160
40
234
70
70
315
234
233
4
111
293
92
40
118
248
74
160
161
2
9
290
312
284
34
92
9
160
70
70
299
75
92
72
72
70
160
44
34
92
160
40
160
335
300
198
34
284
238
72
274
70
294
139
160
85
163
335
139
106
33
275
26
246
148
244
92
70
233
22
94
160
318
34
335
70
22
71
92
92
160
136
54
44
161
290
159
157
160
328
331
84
378
160
159
33
88
328
70
70
335
159
71
312
298
70
46
204
343
160
230
112
290
304
299
335
244
270
158
332
120
159
70
69
327
327
159
330
73
98
188
111
270
140
140
159
150
239
120
92
9
160
323
271
9
151
26
229
314
244
70
159
340
162
318
243
70
307
70
157
295
64
378
320
369
84
290
290
51
