233
48
44
250
44
44
165
141
259
283
165
108
300
318
257
4
38
230
233
79
304
230
165
32
165
300
294
49
49
8
120
123
32
165
239
200
111
307
241
26
120
167
109
302
106
257
233
49
167
44
118
34
241
151
111
22
318
40
152
188
38
40
40
310
120
159
168
54
64
67
165
165
54
239
115
111
73
397
141
32
230
152
32
150
152
152
259
234
40
150
151
40
152
118
150
230
40
114
150
318
159
32
152
230
238
155
267
233
152
244
300
294
22
44
137
173
108
246
167
239
152
234
49
300
307
70
240
259
106
49
269
120
168
152
92
230
233
239
159
271
32
234
49
259
70
275
26
152
120
152
106
40
22
120
259
152
111
109
140
22
259
333
105
22
152
167
55
76
318
259
154
120
234
71
197
238
120
156
35
152
271
44
92
148
2
318
234
112
293
234
165
250
108
32
152
120
40
165
137
152
234
160
186
405
150
150
230
152
318
154
306
32
92
40
49
111
398
152
234
34
40
67
92
150
249
40
233
34
73
111
49
73
71
40
49
317
8
40
40
284
300
152
158
141
73
152
22
152
230
71
32
1
304
32
160
273
150
347
152
120
239
239
200
215
2
121
33
40
40
70
40
40
284
152
152
259
40
71
22
152
32
290
40
230
161
120
40
22
49
152
112
49
283
198
230
230
152
239
318
40
154
234
52
159
120
93
44
189
273
44
301
40
92
165
26
299
199
8
65
233
158
152
49
244
120
160
141
109
200
92
67
284
152
89
157
34
64
71
230
123
259
200
151
318
290
26
34
71
40
165
120
78
92
40
165
22
44
165
34
150
283
210
34
101
414
38
71
152
330
67
230
105
150
307
143
150
353
152
