44
211
259
230
294
246
148
239
67
300
318
241
259
259
120
230
152
44
118
300
8
141
118
8
234
108
152
111
158
152
120
49
239
204
152
49
234
200
34
233
190
38
125
267
259
114
8
230
40
70
141
71
168
71
189
211
44
38
41
230
65
217
49
157
120
38
38
2
34
239
239
230
230
188
230
257
2
44
159
230
190
114
79
49
290
40
405
120
106
40
44
318
22
261
155
188
49
310
40
108
40
211
120
152
16
141
293
141
22
324
71
120
36
92
234
150
257
152
40
57
151
236
32
24
83
152
234
32
243
216
44
2
49
230
92
141
161
40
230
152
230
152
40
304
32
405
152
189
318
150
190
22
189
318
71
150
230
293
293
168
71
40
152
18
241
73
114
71
158
40
32
234
318
40
158
317
92
26
65
120
113
118
33
118
111
40
152
160
92
230
139
62
26
109
76
270
87
230
271
125
92
239
32
32
239
239
71
157
299
304
152
324
270
120
198
40
109
198
200
234
230
95
65
106
214
204
233
120
113
154
154
318
92
4
22
24
204
230
95
78
198
318
131
120
92
10
257
44
230
22
294
188
259
109
9
32
318
265
109
47
70
140
57
158
26
40
239
160
299
158
314
120
120
40
125
111
234
159
230
70
335
335
76
200
202
40
40
230
230
160
92
273
140
57
105
40
109
238
194
208
157
71
44
230
105
284
40
106
18
271
261
40
95
159
331
230
49
189
61
32
40
74
300
332
40
92
120
324
40
236
335
331
334
105
318
120
332
34
333
133
6
299
26
160
71
70
44
248
134
335
336
22
22
268
2
337
134
35
290
320
40
49
57
95
155
316
40
120
275
123
120
92
33
299
306
321
