234
48
276
44
57
44
44
64
57
64
64
269
48
62
44
44
44
61
44
48
62
259
259
234
398
120
259
259
397
246
33
48
44
44
112
54
44
259
48
259
44
259
276
148
64
259
49
293
283
49
49
148
62
259
307
307
44
68
108
38
307
246
44
148
113
169
44
169
239
115
246
44
9
230
112
70
120
31
249
31
70
300
307
307
110
62
33
307
307
307
307
307
307
307
307
120
307
307
307
307
307
307
234
120
59
29
44
398
253
276
251
108
44
48
120
269
234
44
44
120
276
33
241
61
48
120
151
44
59
54
44
44
59
44
68
44
276
54
153
169
263
120
27
120
239
241
33
35
241
243
42
111
62
109
259
31
42
358
33
31
113
31
246
25
151
233
88
143
141
140
182
95
87
183
103
94
134
87
87
87
141
359
164
79
292
83
92
87
211
183
314
261
263
263
247
263
184
229
112
33
31
33
109
120
120
120
229
31
59
33
33
241
243
241
233
171
209
101
101
166
263
95
397
166
141
263
211
223
317
172
292
397
101
267
397
101
292
142
397
397
148
148
8
318
14
300
300
8
45
8
318
45
10
70
314
16
49
78
16
188
188
188
188
188
188
141
92
190
179
221
159
169
263
169
141
139
159
141
271
348
120
146
259
233
259
259
72
230
154
46
234
189
310
310
44
259
238
259
40
196
197
95
5
259
21
311
44
115
33
108
234
57
230
197
190
247
44
190
120
142
259
30
230
33
115
38
238
300
239
54
57
148
153
241
233
44
48
59
44
150
150
246
101
44
92
151
109
259
267
44
148
113
259
143
245
259
142
44
247
44
197
141
70
108
162
22
111
70
123
239
160
234
120
42
234
112
115
148
70
190
49
155
70
22
244
44
225
129
118
120
259
241
90
204
111
44
250
49
110
74
165
293
230
41
116
68
44
152
44
257
272
114
229
155
77
151
44
230
270
72
267
152
40
41
190
8
108
201
196
314
215
259
49
230
208
129
42
118
148
125
239
276
44
43
120
115
314
152
49
2
234
120
49
115
204
190
213
44
190
236
225
67
259
151
49
230
259
157
70
234
190
41
240
141
70
159
118
42
44
113
44
259
196
259
70
234
208
230
48
40
141
191
294
148
276
190
239
140
259
131
108
44
120
241
239
190
44
134
259
49
95
213
22
70
242
70
239
44
24
234
54
115
115
111
136
33
114
92
70
106
120
120
259
193
125
211
68
64
48
57
84
148
304
151
234
25
33
234
259
197
190
44
58
232
300
57
49
120
38
152
120
109
120
312
120
38
65
48
398
120
191
248
129
33
259
44
304
246
234
245
239
276
50
57
80
113
101
70
273
59
243
33
114
31
338
239
49
211
243
168
8
300
204
315
311
273
148
49
4
190
239
44
44
2
162
313
41
389
290
38
32
32
120
44
234
190
234
111
44
246
261
271
111
44
152
33
240
151
234
243
70
188
111
320
230
140
4
49
120
108
259
120
259
151
46
92
8
239
34
312
141
180
259
230
44
32
44
200
294
68
234
162
71
148
38
300
34
173
95
167
142
71
44
234
111
22
259
29
76
67
152
167
259
57
300
120
227
33
259
22
234
73
31
300
405
120
44
72
112
151
234
259
243
238
129
52
259
70
33
120
8
92
148
160
120
115
71
263
239
44
95
160
22
230
111
154
92
259
263
242
61
70
307
67
76
78
304
44
8
238
263
70
162
83
65
57
162
112
153
120
44
29
259
234
70
189
49
152
123
151
173
230
225
120
234
234
239
111
49
61
44
173
140
120
61
295
159
109
294
90
160
44
10
244
173
304
32
246
57
67
230
152
70
155
188
67
141
234
120
161
397
292
115
190
307
189
22
239
32
108
143
120
24
214
57
189
239
71
263
233
250
1
40
14
120
173
152
230
159
48
62
188
259
251
251
115
251
113
32
234
234
19
70
61
61
49
43
92
153
315
315
44
120
248
33
29
31
300
54
213
120
113
44
234
259
251
251
238
246
62
273
40
259
48
70
234
28
44
155
2
230
173
405
95
148
22
162
314
162
92
70
230
70
57
62
111
49
70
120
33
141
44
300
120
21
118
111
108
44
48
141
33
316
20
32
259
259
306
54
120
120
33
5
111
300
234
304
140
246
67
114
32
318
173
8
34
298
28
152
39
274
44
267
239
236
230
28
122
173
201
176
179
33
300
198
208
152
92
120
154
324
48
272
50
70
70
261
54
114
243
108
101
313
140
159
9
148
201
292
8
294
71
70
259
4
115
197
246
159
211
33
259
263
173
34
304
33
120
162
308
253
318
120
300
44
61
300
95
239
317
70
230
70
239
190
108
152
48
356
159
113
113
33
191
25
70
299
239
19
33
234
8
33
336
5
57
234
239
65
208
270
113
216
159
40
233
299
300
121
52
120
234
70
239
320
362
90
241
120
40
239
44
113
304
239
146
120
2
8
123
140
70
300
8
214
151
22
306
234
40
312
140
318
320
9
162
154
57
298
204
254
120
243
152
243
113
71
271
155
44
261
159
239
76
40
307
61
49
29
40
293
31
48
152
76
22
20
294
32
155
76
294
120
108
34
62
48
236
70
78
8
239
304
167
284
234
64
140
44
44
250
95
271
120
95
183
111
204
336
259
22
167
302
318
44
71
49
120
33
90
159
22
307
32
33
152
234
150
8
33
106
255
304
49
140
120
299
307
259
259
290
118
120
22
70
259
49
67
32
22
279
204
239
213
33
42
207
211
40
152
10
199
42
293
31
153
323
318
159
201
37
57
58
232
120
162
294
246
40
92
105
164
151
201
26
191
292
320
201
188
32
293
229
49
200
76
155
190
188
161
92
234
8
67
234
173
9
249
234
152
263
8
49
306
201
120
318
34
190
160
120
306
111
241
153
233
32
10
47
22
246
230
173
33
248
239
54
18
318
35
307
152
67
318
40
167
335
150
230
292
190
155
294
22
234
215
190
106
85
152
9
120
70
239
300
193
191
201
188
29
246
120
248
140
202
111
318
188
238
44
213
257
162
44
111
32
101
54
352
173
199
41
32
95
239
32
307
44
211
306
120
22
193
9
150
92
65
189
118
70
125
234
213
92
160
234
234
22
201
239
24
9
111
234
40
8
73
293
159
44
191
61
120
73
4
106
106
205
49
304
28
234
33
290
238
238
19
239
299
98
307
162
70
239
49
259
92
69
307
320
33
197
120
211
197
200
238
95
108
57
216
91
40
234
150
230
152
259
189
40
67
323
71
179
188
105
44
113
4
141
84
49
42
248
70
151
234
70
173
201
20
309
157
200
42
190
160
44
205
26
362
40
16
26
243
49
315
239
239
308
318
34
120
238
111
120
16
188
28
49
34
49
34
34
34
34
241
129
33
259
40
33
35
44
320
318
153
151
57
70
315
113
71
234
4
71
243
70
84
92
40
120
160
316
227
243
95
306
290
201
193
304
233
84
243
9
187
248
162
292
10
41
9
33
125
234
270
71
32
173
300
188
111
234
92
92
336
293
172
267
251
61
160
151
204
189
70
70
324
33
299
159
112
57
159
306
49
10
70
4
157
73
236
299
68
152
9
243
263
157
239
318
44
335
92
6
300
12
49
92
66
111
146
239
100
95
109
152
106
152
72
73
323
204
37
320
71
318
318
84
259
70
24
41
10
255
306
33
29
34
112
70
73
6
234
234
92
32
84
8
263
33
251
205
8
142
49
234
33
67
230
71
238
16
95
109
239
67
32
239
2
151
259
141
5
59
299
71
8
32
83
70
55
24
233
257
71
201
44
9
32
290
9
112
162
70
121
72
22
291
259
204
18
155
33
315
315
299
84
311
212
44
318
26
44
238
244
70
44
140
302
49
95
33
67
120
159
44
201
40
53
106
92
239
158
106
259
141
111
210
157
120
92
239
241
270
238
73
84
92
310
92
154
40
320
44
318
318
92
188
29
131
47
115
201
29
293
16
273
49
92
188
70
152
34
141
335
234
295
113
141
120
206
187
39
95
29
8
88
173
67
238
70
239
71
141
12
109
244
312
238
4
238
238
33
162
78
304
53
8
300
92
152
106
44
70
9
238
160
239
2
9
34
44
238
70
111
152
42
111
40
320
259
88
80
257
234
152
202
140
159
9
199
92
315
246
157
240
44
288
261
72
288
299
252
288
72
259
71
34
92
318
157
157
5
152
201
120
26
49
34
33
206
71
369
120
8
113
41
40
307
154
324
141
300
44
92
234
288
320
92
189
70
247
312
155
152
133
299
2
275
95
24
92
151
44
40
152
33
315
140
34
70
52
307
203
234
43
68
9
314
246
70
190
299
238
229
323
239
29
238
42
152
239
160
70
70
151
140
120
288
382
284
49
239
152
239
160
318
8
160
244
148
70
26
18
244
18
140
236
42
288
315
230
120
152
55
120
34
316
67
84
10
18
18
20
230
111
48
208
120
273
279
131
320
120
270
41
92
20
160
44
214
191
120
113
70
290
239
111
240
190
275
217
238
131
140
233
202
45
120
31
188
239
55
49
34
201
287
2
40
84
160
92
239
120
170
314
26
137
26
16
142
54
42
336
233
113
35
259
95
273
71
397
107
188
190
190
293
160
189
241
307
161
307
155
70
320
307
307
307
83
306
40
157
239
70
160
95
323
26
26
259
84
182
70
9
141
120
307
34
189
299
41
18
152
151
290
41
106
261
244
213
207
290
157
70
26
70
70
70
239
239
140
306
44
59
248
120
111
107
26
320
255
152
26
241
101
120
52
120
95
275
95
4
233
259
152
48
234
125
120
70
160
230
234
204
33
318
40
304
296
108
300
239
44
70
49
70
150
190
26
324
111
131
118
290
141
157
205
140
202
255
259
234
299
92
44
290
44
201
72
162
239
215
299
284
239
142
307
151
230
230
190
150
84
273
261
240
263
173
318
71
61
191
159
123
26
203
215
51
14
144
40
141
141
152
107
141
73
152
157
84
307
307
198
92
207
323
318
233
323
120
290
64
120
44
213
73
234
22
112
4
158
151
296
52
70
70
22
22
204
336
32
173
32
259
112
141
300
234
49
267
40
70
188
248
239
95
70
157
141
92
230
44
259
307
304
320
283
43
263
259
65
2
45
293
306
260
252
259
95
120
239
140
248
143
44
22
240
151
10
70
44
230
288
307
112
259
188
4
230
92
315
40
181
151
71
244
49
311
198
33
162
157
64
251
54
22
261
282
9
14
255
173
173
239
239
248
70
131
49
120
257
67
14
238
120
320
293
239
190
8
10
239
84
70
308
50
302
70
8
40
160
70
234
259
115
9
263
131
131
34
120
92
40
148
70
114
29
61
43
270
92
304
120
78
315
290
181
205
152
215
144
271
304
140
279
140
152
18
307
248
246
40
4
253
239
92
84
9
234
152
92
405
37
29
131
239
238
92
44
84
333
2
120
241
6
29
6
304
44
260
255
142
152
169
34
8
32
120
238
276
22
9
64
318
71
2
70
44
267
295
310
64
190
233
239
352
22
72
137
141
230
188
160
71
76
40
84
157
273
143
22
294
160
161
120
120
94
152
67
26
173
38
318
22
26
120
136
300
120
45
140
131
251
95
259
148
273
215
40
85
18
311
92
148
290
398
323
259
283
299
201
190
288
77
70
70
70
33
216
155
152
142
22
34
98
64
88
318
140
40
57
288
70
157
70
157
14
34
57
140
42
43
113
201
201
95
162
154
140
288
205
159
72
259
106
310
318
44
84
159
160
70
306
259
73
70
244
44
315
40
314
141
238
233
299
92
8
157
307
153
273
255
275
140
205
72
25
71
40
44
92
40
251
288
173
18
189
201
204
98
173
136
201
140
70
40
259
161
49
34
84
320
70
211
160
318
143
141
26
120
151
38
34
140
26
288
233
84
143
70
148
26
78
299
34
136
318
160
34
140
299
307
320
34
259
312
33
117
320
269
213
95
140
42
92
300
84
234
40
30
67
84
89
33
318
288
310
275
40
106
2
44
261
70
44
259
120
261
41
190
318
67
136
44
290
32
95
140
141
40
70
236
70
257
311
44
44
315
8
24
173
18
318
84
300
121
414
158
73
44
259
92
70
261
318
239
26
84
49
290
120
273
44
308
320
71
26
29
189
290
302
44
158
259
140
318
335
140
54
164
8
184
303
141
167
159
270
239
260
91
84
151
92
308
255
187
62
140
120
90
239
93
273
166
70
34
159
270
233
70
120
32
159
140
248
8
318
92
279
259
304
59
70
311
160
92
315
92
105
72
18
120
152
10
70
32
71
49
120
24
67
108
210
318
87
44
33
92
204
26
259
43
44
187
22
239
34
335
120
159
5
148
44
95
64
315
238
259
333
52
335
259
168
259
88
45
44
299
260
26
188
84
84
40
154
240
335
9
107
71
160
318
40
275
151
267
318
142
22
157
151
312
148
160
34
92
51
143
315
204
273
152
143
289
188
8
71
230
84
34
161
89
288
71
234
144
306
299
52
109
144
288
161
83
140
259
92
57
160
132
26
148
111
154
61
109
140
32
24
261
207
238
36
273
92
95
109
71
120
320
188
189
140
141
299
92
70
140
142
255
70
273
158
155
185
70
106
92
293
140
215
188
70
46
189
38
311
71
92
120
44
142
84
337
32
92
152
172
172
172
67
67
67
49
263
70
234
315
35
70
70
288
70
207
157
92
106
160
44
84
44
109
215
70
160
154
120
208
310
296
95
293
46
176
46
44
152
201
301
160
48
308
318
52
92
303
61
318
92
92
318
303
168
44
250
40
233
101
52
108
92
70
300
251
84
259
38
92
230
71
18
71
146
304
72
95
62
204
190
140
207
71
315
148
314
210
320
64
320
300
84
288
70
107
187
84
273
26
26
129
318
120
92
315
73
152
288
263
8
67
33
152
26
9
70
304
92
302
207
187
159
70
234
202
112
189
193
191
5
140
190
210
299
293
211
141
198
212
196
32
239
198
92
137
84
320
283
109
205
215
264
257
129
22
48
61
120
273
164
164
201
40
320
290
92
208
140
270
160
70
142
243
148
161
141
92
92
188
234
76
239
167
59
189
8
154
78
159
205
263
248
162
140
320
118
205
207
38
70
315
33
205
92
8
314
22
239
197
208
70
239
243
288
44
44
10
335
44
95
220
320
92
22
314
261
334
239
18
142
92
213
210
33
2
141
103
167
137
318
180
70
259
211
26
299
320
288
290
233
75
34
173
59
40
311
95
120
187
320
63
33
312
196
48
299
111
44
188
26
246
320
318
150
120
290
92
120
223
8
31
44
221
270
159
131
115
290
61
95
70
191
71
197
238
71
244
320
105
34
12
290
310
120
36
142
40
33
211
288
290
32
239
299
250
26
52
161
9
238
307
34
52
84
48
140
288
39
24
38
192
300
290
84
22
248
239
70
263
159
71
153
208
335
288
290
151
398
10
63
267
65
288
92
34
279
188
112
8
156
196
263
136
290
239
321
321
321
321
67
116
82
92
9
315
239
22
160
104
315
111
120
157
157
246
270
239
299
288
194
213
269
144
108
22
198
335
34
223
320
57
154
26
320
70
95
294
294
140
150
49
32
290
290
120
244
356
53
54
238
176
304
63
120
44
70
307
92
114
70
92
239
66
320
150
63
46
251
318
95
190
318
158
315
125
57
151
299
70
92
176
190
160
281
281
146
299
44
33
176
157
239
294
276
287
154
333
307
397
44
157
247
34
44
299
8
42
320
9
8
18
78
323
320
320
120
304
202
67
201
16
58
49
169
70
111
70
191
70
315
314
150
22
148
28
108
176
211
188
159
70
71
259
84
120
206
92
126
67
95
279
161
199
44
105
153
205
140
120
154
311
201
299
64
89
320
188
267
140
140
230
202
44
234
95
109
248
336
8
154
69
244
213
55
54
314
75
296
259
76
112
36
18
52
163
109
201
193
316
95
320
33
270
284
70
157
293
70
143
320
72
36
91
71
244
92
320
91
44
299
84
84
198
73
44
92
199
324
187
275
238
315
230
92
160
84
92
234
197
67
22
70
304
22
269
320
69
44
9
212
164
164
92
269
292
250
34
44
249
52
288
273
71
290
127
211
143
307
34
170
300
92
188
95
158
299
26
101
70
199
315
234
182
34
120
240
299
109
154
179
241
311
70
233
328
44
299
157
92
95
296
318
154
16
44
202
299
115
292
238
65
66
307
160
92
157
179
294
398
187
95
215
44
290
233
328
34
188
295
88
120
238
55
154
239
3
320
230
105
66
127
44
240
108
273
111
328
10
179
264
8
151
154
16
131
70
261
50
336
94
8
108
44
44
70
315
1
153
141
320
132
84
193
70
105
104
330
44
112
270
140
296
154
157
92
84
123
70
269
273
120
179
136
161
41
157
234
44
138
331
136
343
188
138
54
95
179
288
299
270
328
307
142
215
290
300
288
70
311
38
132
26
70
184
250
311
311
250
70
275
127
227
61
57
179
44
269
107
275
315
198
143
83
70
92
250
62
364
233
259
112
120
337
186
338
105
251
288
188
259
160
40
259
120
33
48
159
336
307
8
330
153
233
137
52
335
70
70
188
158
34
190
335
259
140
61
328
188
73
44
84
95
290
61
44
69
44
120
250
140
255
338
9
284
188
78
84
335
92
92
161
315
284
335
91
301
120
259
63
315
92
160
335
101
64
259
44
59
260
260
335
92
315
140
118
156
140
151
213
299
40
299
242
143
141
120
159
325
307
328
143
290
132
27
335
95
263
33
320
323
179
250
290
236
10
290
299
243
68
336
239
239
259
35
42
239
154
335
109
152
152
233
116
151
104
320
95
335
207
190
44
215
208
330
251
76
144
46
10
1
160
341
238
290
84
260
107
44
49
84
201
120
84
164
61
189
303
84
20
105
160
151
9
22
292
335
148
76
78
154
257
105
152
220
171
140
315
299
328
325
48
190
140
329
75
328
46
378
188
148
164
71
328
70
95
414
315
49
264
141
84
52
205
299
46
152
154
333
61
248
44
134
105
120
150
198
98
317
95
151
33
91
317
329
318
414
44
44
141
318
28
331
335
329
248
140
84
140
52
47
70
251
140
311
131
18
328
70
328
61
290
164
329
140
398
299
317
91
233
172
190
234
52
188
141
108
140
279
299
320
304
212
315
8
299
304
164
150
107
338
248
98
251
46
269
120
299
75
52
288
99
132
165
314
120
362
118
321
279
36
290
82
120
140
92
263
188
71
338
10
146
59
142
365
299
141
140
76
293
201
9
336
29
40
115
44
76
33
71
71
272
290
188
72
59
142
159
158
252
154
132
257
376
161
160
317
115
76
188
33
34
307
70
159
94
239
230
150
270
159
64
311
57
33
109
54
299
95
159
299
92
70
46
250
34
164
238
230
143
18
143
293
120
49
279
159
33
52
44
143
84
59
307
304
318
49
68
181
148
67
57
151
33
230
92
270
44
162
70
140
85
89
70
158
39
35
318
150
216
240
5
188
44
66
92
111
120
41
336
250
88
34
181
186
248
251
112
44
113
300
314
190
367
264
120
146
116
240
40
44
101
234
