239
54
44
64
259
150
44
230
238
260
63
54
232
127
120
269
181
127
111
398
44
259
272
33
68
120
44
398
48
120
105
54
59
276
44
44
44
54
269
120
241
276
116
151
253
276
44
44
44
61
64
249
25
243
120
234
267
120
64
95
54
238
259
253
253
44
23
64
202
62
239
39
166
31
108
129
184
166
129
243
113
54
120
67
247
35
190
276
49
4
44
233
70
4
41
120
151
190
33
105
259
269
113
54
120
259
125
238
150
155
111
112
173
259
151
49
120
33
8
238
57
265
239
313
115
238
230
293
32
245
234
33
259
120
259
44
148
244
226
120
70
239
149
49
234
41
41
115
54
259
263
42
276
31
253
72
203
125
125
121
225
47
16
79
159
113
92
314
190
197
115
234
204
120
120
230
234
239
294
49
173
2
259
32
313
125
129
129
229
29
190
318
129
239
92
38
162
230
70
33
150
21
307
120
41
129
121
259
111
298
308
159
209
246
252
120
49
240
67
307
313
28
205
294
234
28
259
211
33
198
111
307
125
159
207
307
5
259
243
70
109
108
43
49
307
70
239
114
259
293
109
41
259
26
115
150
42
238
239
190
308
43
151
226
307
234
229
72
314
31
148
41
31
109
239
188
234
313
234
116
8
259
181
115
247
243
4
34
45
4
120
259
190
159
65
151
246
159
105
57
49
49
148
212
167
193
111
230
230
405
152
203
151
155
336
312
120
313
125
70
246
239
307
230
307
49
4
20
259
8
13
259
32
114
313
111
16
230
41
239
49
162
237
239
22
68
8
115
40
189
49
33
159
34
141
259
121
234
32
141
151
315
61
263
109
42
41
238
72
259
159
315
159
86
108
115
113
151
33
31
38
173
259
61
246
122
115
201
234
246
72
22
31
72
2
69
112
239
159
40
294
49
35
34
306
293
78
148
5
141
183
234
141
67
190
189
70
41
28
20
70
159
61
212
76
234
70
204
284
207
76
190
190
294
139
142
95
253
148
234
259
79
33
157
32
198
115
151
33
70
211
142
167
61
318
244
22
33
22
32
101
208
49
245
234
204
203
40
214
67
304
237
152
318
26
38
230
47
141
239
4
336
243
61
154
141
44
70
284
113
370
49
148
8
300
171
302
95
246
142
211
111
33
397
149
76
113
239
120
70
141
239
25
90
70
92
42
9
60
24
152
134
35
8
154
236
259
190
90
90
49
44
51
63
205
255
189
8
300
272
25
307
32
259
201
405
70
16
292
290
65
10
101
151
151
157
189
90
204
70
169
312
191
49
70
70
41
234
320
255
98
34
259
205
70
90
290
65
207
190
338
189
207
213
205
70
198
201
8
23
204
74
284
52
189
35
76
127
70
205
42
201
307
8
318
190
146
210
173
49
103
259
259
44
8
270
32
35
33
198
259
3
111
293
152
92
67
158
230
239
47
190
101
31
190
190
22
269
205
141
318
106
70
205
211
183
54
307
34
201
300
273
72
8
263
201
234
202
8
47
67
10
31
198
160
259
148
205
318
9
199
213
70
22
260
34
190
215
201
28
201
259
190
49
201
106
334
151
205
155
3
31
204
191
95
92
239
44
148
31
307
190
208
9
71
189
189
188
191
83
303
188
255
32
190
94
294
159
70
92
161
190
18
202
154
70
239
120
307
201
83
259
70
95
190
226
193
190
201
239
70
307
204
29
212
315
70
40
141
97
134
243
82
272
303
307
157
84
204
40
38
32
141
201
133
207
105
190
148
184
120
158
335
63
211
148
212
196
193
70
22
273
243
33
52
31
263
112
215
190
54
246
26
308
202
320
312
8
201
70
132
127
160
70
70
33
36
211
148
44
143
92
137
52
72
260
31
141
70
204
160
211
202
141
414
221
154
70
211
18
190
333
120
211
190
70
190
129
248
142
247
247
151
217
70
115
239
246
209
108
284
70
120
84
190
244
84
414
151
33
335
108
44
129
151
259
120
260
148
257
289
57
109
70
20
247
145
76
213
10
244
70
101
201
196
44
338
199
16
22
326
44
211
207
259
247
414
35
59
259
124
120
314
61
127
44
41
125
324
