70
269
251
44
257
31
252
230
31
70
173
226
115
245
397
151
245
31
259
123
369
41
41
244
125
70
259
259
229
48
80
293
57
259
37
48
230
239
246
239
259
82
229
259
115
54
28
49
49
168
398
150
150
259
230
43
239
38
300
246
239
70
70
238
246
10
115
230
300
273
70
70
70
70
70
70
70
70
150
239
123
148
70
70
70
70
70
70
70
70
70
70
70
70
70
70
70
70
70
70
70
111
265
111
33
72
33
101
115
162
111
67
41
148
120
42
65
230
270
371
116
151
49
33
49
70
238
35
230
72
72
49
72
72
290
115
49
238
246
40
42
72
116
246
230
243
300
246
152
230
112
108
141
230
34
304
307
234
234
92
42
39
35
238
259
116
125
111
253
248
155
308
72
159
41
92
49
234
31
116
234
72
227
70
152
49
162
157
71
234
229
230
246
141
159
152
77
35
111
158
71
324
229
32
34
2
74
32
155
109
2
238
4
230
48
265
79
151
318
173
120
33
244
234
111
159
22
72
114
72
2
230
336
188
61
108
152
71
271
34
72
246
117
113
246
67
49
160
72
32
151
70
31
65
39
111
111
259
284
230
98
114
112
247
259
238
141
72
247
111
157
77
72
70
229
400
120
335
40
104
72
151
49
39
239
259
259
184
31
375
335
85
230
40
32
111
90
77
34
71
33
70
336
72
24
318
162
230
173
76
287
109
35
77
120
246
158
151
129
230
312
106
22
300
252
152
259
65
300
32
152
246
112
141
300
72
31
311
2
151
61
307
307
116
72
246
70
49
318
409
108
25
40
95
77
77
22
77
114
40
405
40
162
141
307
92
279
111
98
158
159
259
108
26
125
152
70
158
300
43
148
293
72
70
381
239
72
70
227
72
160
151
111
33
273
32
307
108
40
391
25
70
334
71
148
312
333
389
125
22
40
78
230
234
230
92
318
307
55
95
334
234
111
49
229
34
71
141
49
318
22
8
307
92
161
230
49
234
65
71
390
70
33
32
173
38
311
120
371
159
72
259
111
336
234
162
40
336
154
49
38
72
373
70
307
239
230
307
369
234
318
259
318
48
95
22
70
152
336
40
311
22
159
72
246
111
304
338
5
188
159
92
239
72
306
72
76
22
275
241
71
71
287
70
318
72
230
71
236
105
73
70
161
148
116
257
70
31
239
335
335
154
70
84
290
5
70
73
22
141
311
287
111
105
239
210
307
44
335
89
335
22
44
40
300
35
39
238
357
72
40
229
141
336
389
70
161
70
284
34
131
73
71
334
70
373
70
70
246
72
70
174
159
71
230
70
248
72
335
240
230
108
293
70
43
309
70
137
70
77
270
357
70
160
304
4
70
141
369
61
120
70
161
148
318
70
72
70
70
34
70
243
71
70
71
70
312
239
70
151
70
70
67
335
70
160
95
307
239
391
309
259
70
260
336
67
70
184
259
246
290
70
320
71
335
41
22
260
307
261
307
70
70
70
233
70
70
70
136
311
51
95
159
120
233
273
160
312
34
71
9
273
335
205
70
270
70
95
70
323
49
212
70
106
136
161
34
320
271
335
159
184
271
240
136
290
140
49
70
77
70
154
160
157
92
22
77
389
158
108
259
304
230
261
161
92
157
70
131
2
22
64
260
136
16
157
70
70
72
315
71
304
335
397
70
73
152
70
161
151
141
70
70
31
31
72
34
173
70
40
151
70
132
215
72
253
273
136
16
70
70
61
73
70
157
131
369
72
290
157
70
159
70
5
70
72
72
72
284
189
151
190
397
390
34
327
154
343
260
9
335
73
243
70
269
335
71
71
307
246
141
188
82
229
70
71
131
70
73
246
240
159
121
70
70
94
70
70
82
70
159
70
157
49
22
70
202
160
173
213
101
317
234
335
111
240
302
159
92
244
70
161
318
76
154
120
108
72
245
283
160
140
49
141
70
70
70
158
72
33
22
70
230
229
154
253
72
72
32
267
227
43
87
240
72
188
72
33
92
92
154
70
72
77
246
112
336
72
160
247
307
230
273
72
133
290
154
131
269
269
159
80
144
73
232
240
70
18
327
8
95
72
70
338
70
327
72
150
72
70
5
240
70
72
72
74
95
71
137
160
70
87
270
68
70
92
73
157
73
181
181
159
270
70
169
325
312
269
335
115
70
290
320
260
317
161
92
82
72
70
82
136
3
70
296
9
92
159
92
140
70
157
70
92
49
115
70
84
161
72
151
120
70
49
92
85
72
85
157
77
338
28
151
335
72
9
72
140
31
140
70
70
154
151
157
72
64
348
95
154
131
299
335
72
72
76
181
70
229
70
290
154
70
70
234
70
75
154
226
290
70
70
136
150
240
335
72
70
70
230
354
84
173
159
72
243
92
234
35
233
49
70
70
92
318
80
321
321
1
92
86
