239
265
257
118
234
150
44
112
70
239
67
148
49
159
49
168
300
150
293
148
20
300
141
152
71
92
162
40
259
108
314
90
230
158
230
398
112
33
304
239
188
153
49
101
336
49
152
146
323
111
300
275
140
120
69
307
44
234
230
79
259
259
307
34
29
152
76
92
318
167
120
290
239
230
230
70
72
267
271
239
271
271
188
246
150
139
67
40
109
239
120
120
230
259
120
38
159
284
259
152
125
230
35
111
150
150
300
8
38
244
38
49
41
120
49
155
259
230
230
152
148
22
259
40
8
300
239
33
32
150
34
109
49
8
40
110
120
70
120
120
22
120
140
371
304
300
71
44
106
230
108
125
111
238
18
8
304
239
306
300
323
16
230
2
158
120
57
71
257
67
152
49
118
70
300
32
154
123
239
43
239
270
49
298
133
71
259
40
150
230
152
71
24
95
8
120
40
32
105
68
22
49
49
32
336
113
22
259
244
152
71
40
33
37
239
234
129
115
230
234
284
118
57
57
294
314
51
230
2
49
38
43
152
160
8
94
106
151
293
111
33
44
151
6
106
233
239
190
241
109
190
152
74
152
300
244
152
155
205
137
198
37
40
300
239
38
65
95
40
284
152
108
71
294
57
70
230
22
229
109
300
2
159
150
160
233
125
91
259
105
95
152
151
40
238
49
160
95
226
273
57
49
26
188
16
22
132
230
159
120
115
333
32
71
243
37
114
230
323
259
111
8
109
152
71
70
72
142
152
91
162
34
273
26
205
120
263
160
161
8
141
230
22
95
155
239
159
92
141
41
152
109
206
194
141
150
123
136
139
160
111
67
32
22
190
105
9
38
304
33
64
120
158
95
239
336
188
257
26
2
70
95
120
106
159
2
244
44
43
120
239
239
120
49
234
187
241
250
26
160
49
187
312
106
63
40
95
230
162
238
49
152
106
76
49
328
230
108
188
92
117
76
215
34
246
101
152
10
152
244
40
40
4
92
314
40
310
158
230
290
241
246
259
32
40
22
159
44
109
134
238
125
259
160
105
22
246
95
101
49
241
230
190
71
73
307
22
198
230
151
18
109
267
239
22
120
106
152
246
152
38
323
8
95
238
34
26
140
314
40
106
111
34
234
8
239
12
26
95
152
234
120
271
244
76
32
49
238
155
161
71
336
8
49
152
230
92
105
109
111
69
255
40
157
259
70
92
40
323
95
95
139
33
70
405
11
108
152
34
316
215
230
120
290
49
4
388
108
239
11
32
238
157
239
157
234
210
238
290
234
136
136
136
310
160
71
316
150
229
239
8
5
120
323
105
204
67
190
105
22
230
161
49
92
239
152
107
323
190
106
108
293
33
160
150
161
141
141
43
318
92
26
152
294
49
105
160
120
34
161
246
150
22
115
336
323
67
70
161
71
40
22
40
95
49
371
22
155
106
230
238
46
95
40
152
152
49
26
133
161
161
307
230
106
160
92
95
120
310
154
273
239
160
238
26
229
230
69
290
225
259
323
159
118
308
323
92
98
304
216
378
238
259
44
210
150
133
68
160
367
108
398
44
244
335
120
307
118
160
54
260
108
40
