44
129
116
233
57
44
54
239
166
241
169
111
151
229
259
160
239
33
151
307
154
229
95
239
67
33
169
41
70
120
120
314
116
284
167
283
33
115
61
57
31
245
67
246
239
150
35
31
111
246
148
123
43
111
68
70
29
111
167
149
154
162
68
148
159
120
244
72
238
297
75
259
70
259
80
234
80
158
92
72
267
297
49
230
225
72
25
31
230
322
49
259
225
34
61
259
37
70
307
230
318
188
230
77
115
188
246
226
238
257
151
292
229
234
293
148
120
151
31
34
229
112
234
157
230
70
234
49
160
300
234
252
115
216
151
34
31
244
190
111
126
67
259
68
229
238
259
70
70
162
70
113
120
190
110
142
204
32
152
72
34
103
238
35
159
92
111
70
41
259
44
141
5
113
25
113
70
109
49
230
229
259
373
115
259
50
246
72
230
263
25
238
163
70
234
120
22
22
155
246
31
230
239
238
304
241
234
219
190
338
72
38
9
307
307
271
128
120
131
371
39
8
43
70
33
92
67
141
106
259
390
70
247
239
239
259
111
308
10
199
16
229
134
131
72
131
70
211
109
58
123
8
6
300
12
141
8
216
293
234
32
245
49
159
72
157
284
141
259
111
33
152
36
215
49
70
34
25
71
115
151
110
246
71
34
243
245
132
72
114
34
402
70
70
234
72
233
71
160
33
199
26
308
234
37
32
33
336
141
204
41
18
141
244
151
69
389
284
217
389
70
304
8
71
294
42
33
2
239
22
298
307
70
106
141
78
316
336
154
309
32
155
202
160
4
70
243
71
70
312
73
208
405
173
293
273
152
22
112
92
230
238
141
300
112
71
307
71
70
173
160
389
201
34
220
246
157
301
391
190
72
120
173
137
111
83
72
70
70
72
304
70
78
233
146
34
34
70
77
307
373
389
307
67
115
8
362
72
70
22
70
10
238
201
34
95
300
151
70
239
105
111
90
390
70
230
34
141
6
141
304
111
10
47
72
95
389
304
125
90
155
92
33
70
192
201
199
34
26
18
49
188
39
70
33
72
208
89
72
72
234
229
154
155
74
271
259
188
92
199
22
33
9
40
230
16
362
72
8
120
158
120
26
41
161
120
284
161
200
300
298
239
141
18
111
318
16
18
72
306
348
8
148
284
14
40
294
151
12
159
275
8
315
16
159
90
159
72
70
22
123
34
343
26
70
76
26
390
70
70
190
70
190
112
70
193
26
369
151
18
217
349
4
40
77
290
304
101
188
40
244
190
189
113
244
259
71
201
270
207
22
151
127
72
22
263
389
338
150
109
199
160
70
188
190
284
72
70
72
141
152
63
22
40
120
72
22
36
259
201
141
70
22
70
70
187
202
10
115
190
49
67
16
55
95
120
22
9
49
287
159
72
307
70
133
70
8
224
218
94
252
137
151
304
112
16
307
70
160
157
157
26
389
40
101
95
67
220
72
211
304
141
72
230
141
201
151
5
77
63
26
131
199
72
201
49
8
92
70
320
132
12
398
309
111
20
150
369
120
142
151
38
390
70
22
233
70
70
142
70
240
22
136
8
334
70
161
70
92
212
156
72
314
94
307
283
24
70
190
70
72
32
33
18
141
22
140
70
65
70
160
107
312
70
307
120
40
8
33
290
95
136
70
320
159
193
70
72
275
381
201
312
205
212
207
72
115
261
8
192
14
318
18
389
259
104
104
211
238
161
70
318
293
72
246
120
39
44
49
76
190
92
70
369
8
120
80
159
204
144
108
229
239
95
270
188
70
72
70
151
40
72
115
145
92
72
193
72
160
290
211
22
72
70
70
320
158
189
64
72
307
22
140
211
253
67
159
65
140
290
151
78
26
140
9
72
154
95
328
70
72
307
187
154
217
307
61
251
70
115
205
158
182
240
9
140
199
72
72
70
351
154
72
70
108
70
72
201
47
70
104
290
320
22
205
25
70
34
10
201
217
133
72
72
34
191
55
199
61
90
240
8
34
205
77
82
369
318
259
144
160
70
70
189
320
72
72
70
229
72
158
233
248
287
70
26
159
321
321
321
72
120
40
72
72
34
77
290
204
72
70
70
68
161
70
70
246
70
92
151
143
171
158
190
154
25
72
5
150
92
157
229
70
338
6
262
37
216
72
10
92
72
105
335
251
204
331
72
72
221
211
259
111
43
362
212
72
72
149
73
158
157
72
70
190
244
67
259
131
159
72
92
320
70
157
71
144
50
259
229
120
238
72
320
70
70
70
270
188
32
246
72
70
70
72
148
72
284
1
318
328
154
11
335
67
72
44
335
72
41
221
343
205
151
108
33
111
298
70
33
68
188
9
131
326
234
72
217
70
70
72
290
70
253
72
72
189
70
148
156
72
82
320
362
157
92
8
343
70
22
320
154
205
31
151
227
207
108
72
234
92
25
72
233
72
92
234
59
70
92
320
70
72
251
288
67
31
131
108
160
297
151
140
157
8
261
154
154
72
189
158
189
72
151
70
209
188
151
92
259
108
70
304
230
92
72
318
49
50
31
217
33
123
125
