61
48
33
118
54
259
109
33
259
115
314
49
44
233
68
44
152
152
33
32
49
76
40
115
259
241
71
44
44
273
22
239
152
230
152
153
152
267
129
120
71
44
62
54
239
71
61
259
273
246
33
49
109
238
239
150
259
246
259
238
234
241
239
238
259
29
260
246
120
61
49
314
229
284
259
264
230
68
49
238
9
68
159
246
155
105
259
259
2
22
159
264
259
162
225
115
141
211
238
49
150
243
230
239
34
230
259
234
158
152
71
111
52
259
240
40
141
70
259
35
148
29
116
31
390
120
115
181
293
33
240
229
244
273
275
116
335
269
307
263
159
307
230
106
198
33
71
233
108
315
54
115
71
5
239
49
335
230
234
152
304
37
348
31
259
4
32
230
290
259
315
113
51
304
24
246
243
318
159
34
106
333
71
405
173
70
246
318
115
316
230
318
44
152
49
160
22
293
275
243
88
22
32
152
70
159
160
76
73
90
259
318
40
159
112
70
230
84
293
70
54
230
22
22
315
167
307
333
95
307
111
160
336
40
230
25
71
241
70
239
105
141
141
310
41
2
188
71
141
111
34
389
299
243
151
151
49
167
111
239
71
5
95
43
113
79
160
40
75
234
37
234
284
259
40
230
34
22
318
312
92
70
190
74
84
333
35
239
34
95
32
9
160
238
71
75
68
92
34
26
157
158
95
22
333
141
22
141
9
335
308
49
71
105
234
105
205
261
105
71
115
71
307
71
191
309
239
106
234
40
9
71
70
92
71
197
32
108
275
92
49
9
115
34
312
173
34
71
26
116
22
40
334
238
264
141
84
74
141
108
284
140
155
157
72
57
40
259
234
270
92
20
108
139
88
63
65
26
260
264
88
111
71
159
40
67
95
41
144
105
40
65
140
49
186
161
136
315
40
336
40
155
70
96
154
84
160
159
215
271
84
238
105
141
38
229
71
260
73
136
290
115
61
153
243
71
290
5
40
34
95
88
24
270
157
320
144
70
160
44
115
292
249
105
71
71
239
151
239
160
255
76
323
92
71
77
188
37
160
75
259
188
161
92
151
32
3
230
71
22
161
105
140
88
25
159
157
40
70
284
157
233
70
362
264
290
140
48
230
160
34
71
70
189
275
92
191
160
259
95
284
153
238
70
335
84
9
140
154
3
9
239
239
273
70
92
40
335
320
70
105
22
70
246
335
116
204
187
322
261
69
139
70
328
159
159
59
70
92
259
335
9
239
270
343
51
44
127
44
40
116
238
253
159
159
