109
398
127
54
120
54
259
113
159
259
335
112
259
259
125
22
109
241
47
242
169
154
318
123
127
155
25
28
118
95
239
54
211
67
389
67
22
241
71
313
32
120
49
308
142
148
95
33
230
114
239
95
263
239
243
134
230
83
44
108
109
129
335
255
34
230
159
263
300
152
313
70
152
273
95
244
159
307
22
90
41
78
127
246
120
141
230
16
33
239
141
151
115
109
122
293
98
211
34
244
115
70
261
89
239
132
40
229
121
33
284
95
9
44
142
152
318
151
70
273
270
313
38
157
270
317
18
244
38
95
70
333
70
40
40
95
73
159
389
160
5
73
246
160
40
72
106
335
22
152
200
141
234
54
159
152
211
95
324
105
205
324
284
2
173
32
146
152
95
239
22
115
336
14
152
336
49
152
111
234
150
336
8
97
26
120
140
120
49
189
78
69
160
109
294
191
31
95
22
211
84
49
22
150
9
70
243
49
324
110
3
31
158
108
155
95
137
312
92
83
154
290
65
79
57
141
70
71
8
49
106
67
263
136
73
110
41
221
40
284
22
71
26
57
318
92
205
92
83
110
150
26
70
71
110
205
129
230
270
90
158
71
152
95
239
159
157
73
127
71
95
71
160
113
154
127
54
110
32
71
306
92
76
152
290
31
111
176
402
54
95
61
336
22
152
335
34
156
173
313
46
105
120
120
95
106
120
330
26
152
26
120
22
160
92
159
43
257
160
34
159
118
47
239
335
40
40
61
136
335
33
151
118
273
70
239
328
110
37
71
248
58
70
22
328
143
83
92
248
40
148
257
251
92
95
143
40
290
83
101
95
105
95
290
243
290
108
300
204
141
95
105
50
318
160
40
114
378
120
40
28
300
92
299
406
154
127
