243
120
230
44
62
48
54
33
269
44
44
44
57
44
120
120
259
44
68
29
338
109
243
33
44
120
151
253
250
69
115
31
44
44
243
44
249
242
44
44
265
150
276
243
64
272
48
44
44
265
33
237
163
269
230
243
120
120
109
61
57
44
120
120
50
44
33
251
120
48
44
120
44
272
27
48
251
48
54
57
57
44
33
251
250
57
241
64
44
120
250
57
62
227
120
54
230
61
54
243
120
54
251
54
64
48
150
44
120
48
61
129
251
54
54
129
276
87
129
64
259
33
246
48
251
239
48
62
251
61
44
44
64
44
44
66
57
44
49
276
151
265
44
64
307
50
272
151
70
251
141
141
54
113
120
259
44
44
87
111
120
141
127
108
257
48
230
48
251
251
149
64
19
120
29
29
249
259
272
46
246
64
115
247
44
249
259
211
113
31
44
307
335
182
153
44
31
116
230
115
263
397
108
120
230
33
120
19
44
57
211
181
115
230
120
29
44
61
44
54
70
80
127
120
109
70
44
246
115
64
120
120
66
243
239
33
33
308
259
23
158
141
171
62
98
109
144
259
239
249
211
21
292
269
101
66
61
154
21
120
120
229
61
64
120
116
112
246
37
246
292
33
64
108
57
25
120
182
292
81
33
54
44
128
307
57
101
120
111
227
142
31
21
159
307
44
234
259
166
230
115
101
44
19
116
148
33
246
307
151
113
249
120
31
33
259
259
48
48
48
112
48
211
148
70
148
54
29
120
61
70
398
48
64
44
142
70
141
169
150
127
34
83
159
108
86
179
132
70
243
317
25
234
41
168
120
44
247
48
226
139
90
234
230
48
115
127
21
234
61
70
108
64
33
150
208
92
259
151
68
313
246
234
34
313
118
8
127
405
155
159
111
48
230
239
141
42
238
226
95
169
150
313
112
234
112
150
111
238
239
257
230
150
41
41
259
41
242
314
159
298
29
8
230
230
226
300
148
259
8
57
239
50
42
42
25
64
8
8
236
238
155
25
141
229
120
316
149
182
234
65
16
244
234
308
308
109
33
162
33
44
44
33
44
90
227
259
230
239
68
184
49
34
110
251
259
120
259
245
44
251
31
159
31
25
184
239
246
183
169
338
87
259
259
308
308
238
227
33
87
44
25
246
169
238
148
68
25
61
67
304
239
49
70
127
44
246
251
263
120
246
57
307
26
26
113
49
32
70
57
255
64
225
245
307
151
128
61
267
25
70
239
26
8
233
244
249
2
263
168
313
307
8
225
129
169
244
115
202
313
64
230
269
234
263
241
248
238
90
313
121
246
57
162
246
46
229
259
112
109
313
150
33
229
70
148
247
169
44
233
76
120
263
73
304
8
108
307
87
87
238
184
125
263
234
111
86
25
259
10
230
340
68
152
87
87
87
307
54
48
150
253
111
307
234
307
246
87
204
112
253
215
73
239
259
120
259
18
61
243
246
241
38
101
238
108
129
259
29
238
151
307
44
43
33
120
44
70
54
259
33
238
307
121
111
243
33
276
230
54
232
70
127
83
240
398
68
64
59
44
248
163
159
72
25
173
238
111
302
230
98
238
259
307
313
313
5
73
64
230
259
260
259
123
120
132
313
229
70
78
115
25
229
121
307
111
211
239
242
29
290
101
167
169
252
237
259
132
242
241
73
159
239
120
92
33
259
70
239
259
112
113
234
307
239
64
150
54
127
151
110
61
335
44
35
112
243
51
233
61
68
230
95
14
229
70
70
230
241
27
158
229
307
108
125
112
108
115
243
226
246
243
300
234
108
229
238
314
168
33
169
34
115
234
234
112
150
270
313
111
120
158
148
164
159
76
33
42
25
120
11
64
259
234
49
120
26
239
313
259
234
307
307
307
239
239
101
61
259
67
59
68
141
259
226
44
263
32
246
70
112
112
259
70
123
159
32
32
32
284
90
55
259
313
70
230
151
8
115
252
225
157
250
33
136
31
111
129
70
60
51
31
34
44
115
33
343
246
162
115
259
31
230
243
95
238
234
313
155
32
333
71
241
234
347
259
307
159
44
70
227
159
241
2
257
241
64
276
260
121
32
259
121
234
8
273
127
253
234
151
73
313
259
120
5
25
49
103
49
31
42
31
120
44
151
263
241
50
129
22
95
115
132
227
25
111
307
259
234
33
259
203
87
152
343
31
44
234
304
152
150
313
112
298
234
152
233
234
246
259
173
120
159
238
141
49
313
103
4
307
307
307
307
112
73
152
120
304
259
148
4
324
120
44
10
62
182
239
33
20
249
61
22
21
304
304
4
42
259
260
28
92
84
39
90
152
240
120
241
73
34
92
29
67
173
32
34
252
25
109
162
41
270
307
243
115
154
70
73
78
14
70
115
33
115
248
343
248
308
308
49
87
336
87
25
49
284
33
70
73
75
113
42
313
151
70
72
31
120
307
269
34
183
273
92
307
308
246
25
31
67
318
246
70
22
55
78
397
243
112
109
313
313
313
43
38
313
64
86
229
307
307
259
70
160
70
40
68
44
70
290
73
10
292
29
307
75
259
259
243
34
118
38
70
70
22
72
169
108
307
188
242
34
234
22
173
160
173
49
49
64
148
40
49
111
307
239
54
49
31
166
290
324
285
306
31
313
70
31
61
109
336
307
112
65
22
300
73
34
112
70
16
22
270
159
243
70
234
9
78
21
248
101
120
49
42
226
73
190
246
150
307
34
293
244
8
57
307
340
163
76
136
158
69
111
33
32
141
18
335
112
28
307
108
65
300
205
188
148
68
259
230
205
8
16
25
73
120
3
49
44
44
61
159
5
259
70
115
41
259
111
307
77
234
108
109
259
65
84
111
141
161
259
121
34
49
159
259
70
307
259
259
313
313
82
211
211
234
272
115
307
307
111
150
34
22
64
183
57
152
259
234
230
169
115
64
73
239
159
259
113
108
95
41
148
120
239
234
335
203
227
259
92
307
44
159
234
159
159
31
259
307
307
109
8
259
46
120
230
5
25
211
115
307
259
34
73
151
234
151
259
129
173
37
115
57
234
120
73
307
120
26
120
44
183
76
32
159
32
188
259
127
32
73
260
101
81
182
259
150
120
259
70
259
70
259
307
239
336
259
70
188
304
70
22
59
307
136
73
229
112
32
296
41
31
115
239
64
251
42
284
38
234
26
263
243
318
115
162
112
239
61
307
201
65
114
114
151
41
92
120
83
70
259
239
73
160
70
86
26
61
32
22
151
159
173
241
29
318
25
151
155
129
190
259
190
120
70
113
234
239
120
238
241
241
259
234
271
313
259
151
313
259
230
73
150
148
324
32
259
255
230
240
313
247
259
108
313
148
230
32
73
352
32
246
223
304
298
307
246
307
152
239
155
234
190
307
32
64
259
234
59
230
234
151
22
307
73
70
372
307
181
307
61
63
226
8
336
73
190
162
25
37
109
68
239
230
169
315
95
230
234
25
243
70
252
73
70
312
70
70
49
70
296
249
34
383
31
33
111
8
173
33
113
188
32
37
259
70
259
334
169
318
152
188
129
73
304
120
111
8
183
34
348
173
73
25
8
227
51
115
8
8
335
101
162
304
141
70
70
112
73
161
92
335
22
313
284
175
73
312
75
307
92
193
109
70
190
70
152
22
73
210
95
205
86
307
69
120
70
137
86
70
114
318
151
51
239
304
92
32
335
151
8
120
16
73
323
210
239
173
269
101
242
64
50
45
4
34
284
212
142
73
70
154
234
234
313
312
86
70
141
70
112
148
157
18
304
2
49
33
42
105
239
151
151
227
120
234
70
297
92
292
33
86
155
70
203
25
121
304
182
405
173
259
230
92
112
234
44
234
238
108
70
242
32
336
2
14
227
8
300
230
204
8
307
68
40
25
95
335
188
183
151
114
111
229
92
120
70
38
259
70
307
313
73
313
155
259
70
70
155
155
151
4
39
61
70
150
318
112
49
109
211
164
22
157
73
259
293
120
205
227
80
152
239
150
315
37
8
151
259
307
259
245
33
32
64
307
44
154
95
307
111
61
151
307
243
284
231
111
246
73
70
84
41
51
70
120
151
259
234
293
243
229
121
14
39
120
188
34
259
38
307
8
32
61
210
32
108
61
61
33
307
306
259
307
24
312
230
287
49
335
98
120
251
159
259
95
32
40
40
38
36
238
259
159
112
25
49
70
63
61
41
120
73
70
5
234
105
42
95
2
263
234
41
154
307
290
40
49
64
204
208
190
190
217
201
109
234
70
92
300
64
64
25
259
49
234
199
173
234
32
229
259
188
64
73
318
157
216
32
130
111
252
157
189
207
9
70
203
83
152
259
49
154
73
8
227
307
70
73
307
73
212
108
70
307
70
248
240
106
112
112
70
304
67
273
307
72
44
86
73
225
22
115
32
398
152
132
271
70
34
87
233
141
141
152
273
16
237
239
95
95
183
86
335
90
152
284
105
259
87
72
148
169
234
229
273
234
31
32
312
276
159
94
5
233
307
234
201
142
70
157
73
259
234
70
22
84
259
214
26
76
240
148
335
49
151
159
251
246
239
70
239
234
67
9
182
152
70
115
75
121
241
70
190
141
70
61
115
92
37
190
49
155
190
234
72
73
32
70
271
32
252
183
259
90
73
8
184
49
108
313
8
234
26
44
54
44
284
35
27
33
25
61
106
347
292
49
64
95
95
25
240
189
314
234
108
239
64
70
211
307
191
262
87
73
108
233
106
234
259
63
208
318
296
113
86
72
234
111
70
196
157
204
78
312
3
32
49
141
70
272
70
103
95
152
2
246
81
201
259
111
22
230
70
73
314
111
201
32
106
173
70
14
151
77
240
70
87
49
182
87
405
150
307
234
336
335
120
33
115
34
293
347
201
73
160
105
203
234
251
5
300
155
73
70
34
239
155
314
67
32
86
32
21
31
112
110
335
35
140
49
144
32
58
324
82
32
318
227
183
307
173
307
140
64
115
95
95
335
49
243
251
314
198
101
38
50
239
335
259
160
8
141
49
33
144
141
236
73
154
49
293
67
49
49
405
28
92
118
70
306
113
82
41
307
335
183
44
68
255
191
5
239
111
238
111
284
34
241
120
52
64
8
284
4
318
33
120
143
240
214
44
148
204
120
32
84
307
241
239
315
234
255
259
148
114
259
199
88
190
70
201
40
54
32
234
239
152
226
42
234
238
25
150
84
230
32
70
32
89
234
151
183
70
70
307
73
241
259
151
307
259
259
238
263
201
414
73
70
29
75
70
18
234
154
199
290
70
73
313
157
65
16
173
211
92
112
335
5
140
343
158
151
34
70
234
49
16
244
239
95
49
106
32
31
140
21
95
269
94
275
336
82
103
8
239
95
311
157
190
190
318
238
259
22
73
89
40
211
70
92
190
239
226
273
106
8
70
1
75
334
33
290
234
70
63
120
73
214
336
22
6
211
42
44
44
139
207
164
164
164
16
164
73
142
73
79
18
207
132
284
70
44
141
259
168
141
68
49
173
8
215
44
143
270
259
88
148
70
259
70
199
226
234
151
70
78
101
73
329
269
307
86
151
299
92
22
70
141
335
70
34
141
6
84
159
70
120
112
159
81
70
73
155
169
160
47
51
142
155
75
64
315
229
230
122
120
81
78
154
259
70
22
269
120
190
212
34
190
223
205
207
190
307
201
207
238
197
26
40
86
259
92
290
40
73
205
73
243
183
234
8
207
190
190
190
291
190
190
205
189
205
205
190
95
212
185
216
207
158
315
43
21
276
141
59
73
246
84
239
259
338
70
155
32
314
140
73
313
70
132
148
148
142
183
307
152
259
189
152
151
34
70
95
233
259
44
88
226
381
182
95
250
92
75
190
142
49
70
273
173
140
201
141
26
154
158
92
239
9
22
154
112
183
233
70
2
84
84
313
157
84
335
73
9
141
70
92
160
28
335
73
158
64
201
158
70
92
86
234
312
108
112
141
34
10
234
70
121
233
98
154
95
173
229
143
2
70
49
190
95
152
244
83
87
73
141
141
299
5
247
296
320
57
260
88
212
239
313
141
241
153
92
247
239
70
144
141
31
313
300
259
166
70
141
158
183
324
140
114
44
141
300
251
152
303
70
155
304
32
22
190
307
307
307
307
414
84
190
234
197
111
307
111
106
208
87
143
144
307
259
307
105
142
52
22
160
121
70
201
84
44
49
173
217
64
62
9
82
2
70
189
183
189
142
142
238
335
105
34
87
55
144
204
86
307
152
73
73
70
112
312
84
260
197
26
183
183
70
141
190
54
140
208
87
64
33
44
123
132
92
28
95
241
259
81
307
205
62
33
86
126
313
239
61
300
259
307
44
23
141
95
70
49
313
414
259
132
307
111
52
405
70
103
115
49
70
213
309
92
307
309
307
249
73
137
70
86
22
230
151
143
87
199
70
100
95
259
307
233
70
141
70
70
154
173
141
227
414
84
120
106
70
260
70
34
70
86
313
313
67
87
1
140
249
73
164
87
307
46
152
131
189
155
141
34
141
44
87
238
290
226
208
19
292
271
211
184
101
273
229
84
70
142
142
323
92
263
44
299
84
84
1
63
92
22
120
154
259
73
106
234
233
306
234
93
82
84
70
306
154
106
74
183
136
243
151
32
160
205
22
73
240
106
82
311
159
284
72
312
159
86
87
70
93
141
109
252
243
120
30
87
33
229
33
299
239
70
70
159
32
82
25
54
64
108
240
238
26
263
263
336
25
163
164
300
61
144
159
73
92
44
73
205
173
154
82
109
82
70
154
317
211
122
95
72
105
239
88
90
49
255
259
260
251
312
335
70
141
32
311
212
212
212
164
70
70
234
33
227
106
139
364
140
248
160
152
152
152
157
269
90
140
110
151
251
82
21
129
48
87
164
32
304
136
111
267
108
61
44
171
335
179
131
308
183
70
70
154
24
144
335
70
140
179
44
239
70
154
152
154
275
64
246
159
92
87
73
31
73
160
185
132
269
82
120
105
115
63
118
191
201
259
70
233
269
88
22
188
181
201
263
111
136
70
44
230
162
164
290
34
44
150
259
70
214
73
239
238
92
163
227
86
44
313
179
414
234
70
141
249
290
61
64
136
336
260
88
244
106
198
143
343
73
170
70
73
140
22
120
230
70
9
189
18
70
140
92
32
123
155
86
22
70
106
143
73
335
73
73
315
70
120
70
239
154
293
81
306
292
292
101
292
188
311
311
14
70
169
141
292
57
234
141
307
144
184
141
150
414
80
154
140
70
239
63
234
290
164
310
184
33
82
159
87
49
101
54
109
184
18
92
67
140
40
336
292
257
239
70
140
154
160
95
57
190
211
70
93
73
84
84
49
230
315
216
134
94
70
173
307
120
211
70
22
69
26
22
10
247
87
234
169
32
142
32
70
70
90
414
397
414
140
93
307
48
171
183
80
152
141
115
157
84
173
44
347
63
8
54
61
152
313
182
120
183
142
44
249
248
25
73
211
239
239
201
189
67
32
142
64
140
92
189
22
183
142
70
77
32
318
70
65
86
290
64
160
73
311
240
157
59
61
335
259
82
70
157
82
324
40
44
10
315
285
134
276
201
106
260
234
87
201
154
144
347
105
142
34
161
108
208
293
238
120
44
313
347
84
44
414
32
179
115
142
295
73
160
3
211
18
120
199
240
73
275
201
189
84
198
40
190
116
324
141
86
215
164
312
101
335
61
265
227
95
233
49
307
11
263
93
299
120
159
197
240
397
70
201
31
299
22
101
290
240
64
141
111
213
190
189
193
120
142
105
221
89
40
364
154
154
92
61
129
190
86
225
137
290
290
234
125
101
234
112
151
84
237
89
171
33
249
269
212
188
140
120
63
154
163
18
240
70
49
144
345
146
315
120
81
63
239
110
70
70
82
174
233
290
140
298
273
92
251
92
49
82
183
42
154
193
33
105
70
290
140
290
198
61
313
86
414
120
234
307
265
259
284
87
34
81
42
227
234
164
140
259
307
233
44
290
120
240
241
166
112
240
259
205
64
31
1
276
153
239
70
44
225
225
242
148
234
120
120
246
57
25
8
240
8
57
251
112
61
157
209
120
52
212
1
82
233
70
92
312
57
44
158
140
294
92
335
73
9
70
70
212
312
92
163
59
226
200
73
62
108
33
64
93
261
398
55
87
82
234
44
151
201
154
307
307
116
307
25
127
8
44
159
140
226
154
140
299
315
33
129
46
146
234
243
312
115
240
243
335
304
251
59
140
39
162
120
64
163
234
141
44
64
8
247
22
49
93
240
95
251
46
183
112
230
120
320
71
243
270
44
238
184
225
229
9
70
70
315
120
57
46
44
257
251
414
243
239
181
299
108
243
44
22
307
189
70
34
234
263
73
84
257
151
70
245
84
239
270
4
61
49
318
241
95
141
64
151
110
73
10
92
80
338
81
297
132
290
93
199
251
229
324
230
171
106
306
238
240
239
22
324
335
40
345
113
229
40
73
84
141
80
18
40
143
307
239
33
158
120
318
318
151
137
159
238
131
141
44
199
315
40
234
16
80
290
141
31
70
239
190
284
88
64
141
22
243
44
95
95
64
230
251
230
248
140
259
57
148
190
86
86
53
86
154
240
80
64
93
397
141
91
221
169
169
335
335
70
199
169
80
140
243
49
87
251
293
260
335
251
150
44
61
284
263
283
240
142
230
239
148
72
84
66
259
120
314
8
240
142
131
108
92
243
154
236
299
293
234
302
92
148
159
120
32
64
150
127
269
120
48
239
120
338
120
164
263
120
59
238
44
238
143
311
330
163
240
14
238
226
159
243
52
95
414
33
335
240
131
201
229
80
49
54
234
234
238
299
238
116
163
335
234
182
150
142
131
23
73
240
259
143
248
81
238
44
158
105
75
240
1
82
239
240
84
145
87
63
70
313
214
57
213
140
91
327
250
328
328
335
328
140
199
201
95
328
34
70
8
229
230
5
254
76
290
335
106
179
248
269
64
328
307
207
183
22
80
188
66
137
232
259
317
398
290
311
73
108
233
44
14
141
150
28
212
83
75
329
101
311
322
40
288
245
290
141
327
239
59
290
150
64
269
54
82
76
86
142
148
317
140
1
290
240
52
39
325
105
257
263
290
325
290
330
327
154
325
307
325
290
120
318
338
239
329
290
150
151
230
154
141
2
14
377
140
8
151
234
148
259
141
250
120
230
292
33
148
148
120
120
148
67
115
84
64
234
148
87
120
239
290
251
113
162
150
125
338
345
148
120
13
313
120
52
127
234
80
169
234
148
151
127
239
121
129
240
25
148
230
317
246
150
230
19
129
292
80
122
261
141
31
154
397
182
239
33
120
290
257
8
44
123
230
318
239
245
164
308
44
230
54
234
44
241
261
44
120
243
29
246
233
150
68
230
61
227
397
44
120
127
300
44
113
61
293
317
239
335
259
140
290
