1,3,1.0325300024316177
1,81,1.0
1,31,1.0
1,127,1.0
1,285,1.158113883008419
1,14,1.0
1,308,1.0
1,99,1.0
1,27,1.0
1,115,1.0634840665068952
1,38,1.0
1,331,1.1240347345892086
1,358,1.2
1,84,1.0
1,45,1.0
1,21,1.0
1,25,1.1025978352085155
1,290,1.0
1,95,1.098772959664959
1,101,1.0
2,240,1.0
2,66,1.1097642599896904
2,365,1.0548821299948452
2,19,1.0
2,336,1.0
2,96,1.0200401204014051
2,73,1.0631579661461947
2,70,1.7604691006293736
2,52,1.0
2,132,1.0293357324424428
2,80,1.0
2,387,1.0
2,62,1.0457748607123174
2,351,1.0
2,15,1.0645796273364427
2,97,1.0
2,186,1.1524329372026731
2,5,1.0
2,20,1.0
2,101,1.0
3,1,1.0325300024316177
3,31,1.006260401886878
3,81,1.2057377999494558
3,127,1.0460043706228237
3,285,1.180020574955774
3,115,1.14455957864868
3,14,1.0210468022470955
3,99,1.0
3,308,1.077151674981046
3,27,1.0
3,331,1.0605227532668802
3,38,1.0
3,84,1.102868899974728
3,358,1.0
3,95,1.353439307988712
3,290,1.3569664467309368
3,101,1.3636964837266539
3,21,1.038880789567987
3,25,1.4422197873175537
3,154,1.8759563416047351
4,272,1.0
4,13,1.3840781186414302
4,88,1.0
4,204,1.1657697348151297
4,141,1.0
4,109,1.0
4,26,1.0
4,370,1.0
4,24,1.0742610657232505
4,30,1.0
4,28,1.2690691175985251
4,214,1.0
4,183,1.0
4,131,1.0
4,137,1.0
4,169,1.2941176470588236
4,335,1.0
4,221,1.0
4,268,1.1714985851425088
4,108,1.0
5,153,1.226455406828919
5,154,1.0
5,290,1.0
5,95,1.3536639278448703
5,97,1.0
5,101,1.0
5,96,1.0413449115297362
5,84,1.0
5,222,1.0
5,301,1.4529108136578381
5,58,1.0
5,358,1.0
5,15,1.0888231183368655
5,73,1.0
5,115,1.034096413217572
5,285,1.283069258536149
5,127,1.0
5,40,1.0
5,31,1.0
5,351,1.0
6,211,1.0
6,146,1.0
6,9,1.0
6,112,1.0
6,152,1.0
6,89,1.0
6,120,1.0
6,257,1.0
6,377,1.0
6,281,1.51910854761844
6,125,1.0
6,256,1.0
6,221,1.0
6,302,1.0
6,328,1.0
6,169,1.0
6,64,1.0
6,85,1.0
6,26,1.0
6,261,1.0
7,68,1.1380131118684709
7,76,1.2343116744516025
7,60,1.2899521505170999
7,274,1.0
7,283,1.2253744679276044
7,53,1.1951800145897067
7,25,1.1583118967153259
7,233,1.0
7,172,1.0
7,319,1.0
7,331,1.0
7,297,1.0
7,111,1.0
7,62,1.040697846377824
7,27,1.0
7,351,1.0
7,99,1.0
7,387,1.0
7,52,1.0
7,382,1.0
8,140,1.0
8,42,1.0
8,23,1.0
8,114,1.0
8,149,1.0
8,11,1.0
8,18,1.0764719112901873
8,184,1.0
8,196,1.0
8,41,1.0
8,126,1.0
8,29,1.0849590790485746
8,295,1.0
8,292,1.0
8,133,1.0
8,385,1.0
8,157,1.0
8,200,1.0
8,289,1.0
8,223,1.0
9,146,1.0
9,6,1.0
9,211,1.0
9,112,1.0
9,120,1.2969078476100822
9,125,1.0
9,221,1.0
9,302,1.0
9,152,1.0
9,89,1.0
9,257,1.0
9,377,1.0
9,281,1.0
9,169,2.872278990355893
9,256,1.0
9,328,1.0
9,261,1.0
9,26,1.0
9,238,1.0
9,370,1.0
10,164,1.0
10,83,1.1271283452327456
10,92,1.2132007163556104
10,90,1.0
10,59,1.473803541479343
10,117,1.0
10,49,1.0
10,352,1.0615457454896664
10,86,1.0
10,342,1.0
10,276,1.9061030445113443
10,275,1.0
10,364,1.0
10,87,1.0
10,110,1.0489115988044517
10,22,1.0
10,373,1.0
10,77,1.1230914909793328
10,91,1.0
10,256,1.0
11,18,1.0
11,114,1.0
11,41,1.0
11,23,1.3282439759448872
11,184,2.641219879724437
11,149,1.0
11,140,1.0
11,8,1.0
11,133,1.0
11,29,1.0
11,42,1.0
11,289,1.0
11,292,1.0
11,385,1.0
11,12,1.0
11,82,1.4403855060505442
11,105,1.0
11,191,1.0
11,17,1.0
11,163,1.0
12,82,1.0
12,289,1.0
12,317,1.0
12,379,1.0
12,292,1.0
12,108,1.0
12,29,1.0
12,17,1.0
12,41,1.0
12,344,1.0
12,133,1.0
12,143,1.0
12,163,1.0
12,268,1.0
12,191,1.0
12,55,1.632455532033676
12,223,1.0
12,137,1.0
12,18,1.0
12,11,1.0
13,272,1.0
13,141,1.0
13,88,1.0
13,4,1.3840781186414302
13,204,1.8363729343643096
13,109,1.8691607529725283
13,24,1.0
13,370,1.0
13,26,1.0
13,30,1.0
13,28,1.0
13,214,1.0
13,183,1.0
13,131,1.2873332485878475
13,137,1.0
13,335,1.0
13,268,1.0
13,108,1.0
13,344,1.0
13,169,1.0
14,38,1.0
14,99,1.0
14,27,1.0
14,81,1.1818651571921264
14,308,1.0340997169735238
14,331,1.0
14,1,1.0
14,3,1.0210468022470955
14,31,1.0083009707515291
14,25,1.0885072727616287
14,127,1.0
14,45,1.0035218036253024
14,285,1.0681994339470473
14,115,2.567656814558436
14,233,1.1304222633502756
14,236,1.0
14,319,1.0
14,21,1.0
14,366,1.0
14,283,1.0
15,97,1.0
15,351,1.0
15,84,1.2614881801842455
15,101,1.0
15,62,1.0
15,95,1.061256389183169
15,115,1.039371146699132
15,290,1.0
15,387,1.0
15,154,1.1165103456070926
15,127,1.0
15,31,1.4535394202249743
15,285,1.098058067569092
15,53,1.0
15,283,1.0
15,3,1.1613940087116807
15,1,1.1240347345892086
15,76,1.1681681984990782
15,5,1.0888231183368655
15,68,1.0
16,385,1.0
16,105,1.0
16,184,1.0
16,367,1.0
16,93,1.0
16,191,1.0
16,133,1.0
16,163,1.0
16,11,1.0
16,17,1.0
16,41,1.0
16,126,1.0
16,18,1.0
16,289,1.0
16,114,1.0
16,140,1.0
16,12,1.0
16,8,1.0
16,23,1.9428090415820636
16,82,1.0
17,163,1.0
17,191,1.0
17,133,1.1740776559556978
17,93,1.4264014327112209
17,289,1.0
17,12,1.0
17,367,1.0
17,105,1.2842676218074807
17,82,1.1348399724926483
17,317,1.0
17,41,1.0
17,108,1.0
17,379,1.0
17,335,1.0
17,268,1.3015113445777635
17,344,1.0
17,292,1.0
17,29,1.0186096842079695
17,131,1.0
17,137,1.0
18,11,1.0
18,114,1.1666666666666667
18,23,1.0
18,149,1.0
18,41,1.0
18,29,1.0
18,140,1.0
18,8,1.0764719112901873
18,292,1.0
18,42,1.0
18,133,1.0
18,289,1.0
18,184,1.0
18,82,1.0
18,12,1.0
18,223,1.0
18,317,1.0
18,17,1.0
18,191,1.0
18,385,1.0
19,336,1.0
19,2,1.0
19,96,1.0
19,73,1.0949157995752499
19,240,1.0
19,365,1.0
19,66,1.0
19,387,1.0
19,5,1.0
19,52,1.0
19,132,1.0
19,97,1.0
19,15,1.0
19,153,1.0
19,62,1.2407717061715384
19,351,1.0
19,101,1.0
19,84,1.0
19,95,1.0
19,290,1.0
20,61,1.0
20,186,1.0
20,70,1.0
20,277,1.0
20,100,1.0
20,325,1.0
20,340,1.0
20,2,1.0
20,66,1.0
20,365,1.0
20,240,1.0
20,51,1.0
20,80,1.0
20,19,1.0
20,336,1.0
20,118,1.0
20,52,1.0
20,148,1.0
20,33,1.0
20,387,1.0
21,366,1.0
21,358,1.0
21,45,1.7514430561703707
21,301,1.0
21,157,1.0
21,200,1.0
21,222,1.0
21,285,1.0
21,295,1.0
21,308,1.1889822365046137
21,236,1.0
21,81,1.0
21,127,1.0
21,31,1.0
21,1,1.0
21,3,1.038880789567987
21,40,1.0
21,154,1.0
21,196,1.0
21,115,1.0
22,77,1.0
22,276,1.0
22,117,1.0
22,59,1.0
22,352,1.0
22,275,1.0
22,110,1.0
22,364,1.0
22,92,1.0
22,86,1.0
22,10,1.0
22,87,1.0
22,164,1.0
22,90,1.0
22,83,1.0
22,49,1.0
22,342,1.0
22,373,1.0
22,91,1.0
22,106,1.0
23,114,1.0
23,149,1.0
23,42,1.0
23,8,1.0
23,140,1.0
23,18,1.0
23,11,1.3282439759448872
23,41,1.0
23,29,1.0
23,184,1.1111111111111112
23,292,1.0
23,133,1.0
23,223,1.0
23,289,1.0
23,82,1.149071198499986
23,196,1.0
23,12,1.210818510677892
23,224,1.0
23,385,1.0
23,317,1.0
24,109,1.0
24,28,1.0566138517072299
24,204,1.0523185079811368
24,214,1.0
24,13,1.0
24,141,1.0
24,183,1.0
24,4,1.0742610657232505
24,272,1.0
24,131,1.0
24,88,1.0
24,335,1.6322162309940977
24,137,1.0
24,268,1.0
24,108,1.3535533905932737
24,344,1.0
24,143,1.0
24,379,1.0
24,26,1.0645497224367904
24,370,1.0
25,233,1.019389168358237
25,331,1.031814238148789
25,274,1.0
25,68,1.1147078669352808
25,319,1.0
25,27,1.0
25,76,1.0695518605093322
25,283,1.0
25,7,1.1583118967153259
25,99,1.0936585811581694
25,60,1.0
25,53,1.0
25,172,1.0
25,14,1.0885072727616287
25,1,1.1025978352085155
25,38,1.0
25,3,1.4422197873175537
25,81,1.0540738070435876
25,31,1.009872481295985
25,127,1.0
26,370,1.0
26,30,1.0
26,4,1.0
26,272,1.0
26,88,1.0
26,13,1.0
26,141,1.0
26,204,1.0
26,109,1.0
26,169,1.0
26,221,1.0
26,24,1.0645497224367904
26,125,1.0
26,28,1.1754116038614058
26,214,1.0
26,183,1.0
26,131,1.0
26,137,1.0
26,120,1.0
26,335,1.0
27,99,1.0
27,331,1.0
27,14,1.0
27,38,1.0
27,81,1.0
27,25,1.0
27,1,1.0
27,3,1.0
27,308,1.0
27,31,1.0
27,233,1.0
27,127,1.0
27,319,1.0
27,283,1.0
27,68,1.0
27,274,1.0
27,76,1.0
27,285,1.0
27,115,1.0
27,7,1.0
28,214,1.0
28,183,1.0
28,131,1.0
28,137,1.0
28,24,1.0566138517072299
28,335,1.0
28,268,2.176696810829104
28,108,1.1601281538050872
28,344,1.0
28,143,1.0
28,379,1.0
28,109,1.0
28,304,1.0
28,317,1.0
28,55,1.0
28,204,1.0473912360382014
28,12,1.0
28,17,1.473049916791266
28,82,1.0
28,163,1.0
29,292,1.0
29,82,1.0276026223736943
29,289,1.0
29,41,1.0
29,12,1.0
29,223,1.0617213399848369
29,317,1.0
29,18,1.0
29,379,1.0
29,149,1.1234426799696735
29,133,1.0
29,11,1.0
29,114,1.0617213399848369
29,23,1.0
29,344,1.0
29,143,1.180225422755833
29,55,1.0617213399848369
29,108,1.0
29,17,1.0186096842079695
29,224,1.0
30,370,1.0
30,26,1.0
30,88,1.0
30,272,1.0
30,4,1.0
30,13,1.0
30,141,1.0
30,169,1.0
30,204,1.0
30,109,1.0
30,221,1.0
30,24,1.0
30,125,1.0
30,28,1.0
30,120,1.0
30,214,1.0
30,183,1.0
30,131,1.0
30,137,1.0
30,335,1.0
31,127,1.0
31,3,1.006260401886878
31,1,1.0
31,285,1.0
31,115,1.0122175142956693
31,81,1.0
31,84,1.040572041296679
31,308,1.0
31,14,1.0083009707515291
31,99,1.0702728368926306
31,27,1.0
31,95,1.0
31,290,1.0
31,101,1.0
31,331,1.0
31,358,1.0
31,154,1.4097575314352395
31,38,1.0
31,15,1.4535394202249743
31,97,1.0
32,48,1.127775312999988
32,72,1.0
32,65,1.0
32,46,1.0
32,136,1.0
32,119,1.0
32,267,1.0
32,266,1.0
32,107,1.0
32,128,1.0
32,102,1.2857142857142856
32,74,1.0
32,103,1.0
32,118,1.109971479845643
32,282,1.0
32,155,1.0
32,75,1.0792428851750326
32,51,1.1428571428571428
32,71,1.063887656499994
32,213,1.0
33,161,1.0
33,365,1.0
33,66,1.305887645160749
33,340,1.0
33,70,1.0
33,132,1.0
33,240,1.0
33,100,1.0
33,2,1.0503632965165879
33,186,1.1415984650809576
33,277,1.0
33,306,1.0
33,20,1.0
33,19,1.0
33,61,1.0
33,147,1.324442842261525
33,325,1.0
33,73,1.0
33,336,1.0
33,238,1.0
34,318,1.0
34,116,1.0
34,39,1.0
34,113,1.0
34,195,1.0
34,44,1.0
34,79,1.0
34,199,1.0
34,37,2.264911064067352
34,144,1.0
34,294,1.0
34,47,1.0
34,206,1.0
34,78,1.0
34,231,1.0
34,43,1.0
34,343,1.0
34,205,1.0
34,236,1.0
34,38,1.0
35,234,1.0
35,187,1.0
35,195,1.0
35,113,1.0
35,39,1.0
35,34,1.0
35,56,1.0
35,231,1.0
35,47,1.0
35,226,1.0
35,318,1.0
35,116,1.0
35,259,1.0
35,199,1.0
35,144,1.0
35,44,1.0
35,79,1.0
35,43,1.0
35,206,1.0
35,296,1.0
36,207,1.0
36,329,1.0
36,334,1.0
36,192,1.0
36,237,1.0
36,359,1.0
36,123,1.214576712314328
36,212,1.0
36,286,1.0
36,197,1.0
36,166,1.0
36,307,1.0
36,303,1.0
36,218,1.0
36,138,1.0
36,269,1.2529822128134702
36,165,1.0
36,54,1.0
36,130,1.0
36,279,1.0
37,79,1.0
37,44,1.0
37,294,1.0
37,78,1.0
37,199,1.0
37,116,1.0
37,236,1.0
37,38,1.0
37,45,1.0
37,14,1.0
37,308,1.0
37,318,1.0
37,99,1.0
37,27,1.0
37,331,1.0
37,34,2.264911064067352
37,81,1.0
37,319,1.0
37,233,1.0
37,1,1.0
38,14,1.0
38,308,1.0
38,99,1.0
38,27,1.0
38,81,1.0
38,331,1.0
38,1,1.0
38,3,1.0
38,45,1.0
38,31,1.0
38,236,1.0
38,127,1.0
38,25,1.0
38,285,1.0
38,233,1.0
38,21,1.0
38,366,1.0
38,115,1.043808167863408
38,319,1.0
38,358,1.0
39,34,1.0
39,116,1.0
39,318,1.0
39,199,1.0
39,79,1.0
39,47,1.1889822365046137
39,44,1.0
39,195,1.0
39,113,1.0
39,294,1.0
39,231,1.0
39,37,1.0
39,78,1.0
39,144,1.0
39,126,1.0
39,206,1.0
39,236,1.0
39,43,1.3651483716701107
39,343,1.0
39,38,1.0
40,157,1.0
40,200,1.0
40,196,1.0
40,222,1.0
40,301,1.0
40,58,1.0
40,358,1.0
40,295,1.0
40,21,1.0
40,366,1.0
40,153,1.0
40,154,1.0
40,5,1.0
40,290,1.0
40,285,1.0
40,95,1.0
40,45,1.0
40,101,1.0
40,127,1.0
40,115,1.0354886720493839
41,133,1.0
41,289,1.0
41,18,1.0
41,11,1.0
41,29,1.0
41,292,1.0
41,12,1.0
41,82,1.0
41,17,1.0
41,114,1.0
41,317,1.0
41,191,1.0
41,163,1.0
41,149,1.0
41,379,1.0
41,23,1.0
41,105,1.0
41,184,1.0
41,93,1.0
41,223,1.0
42,8,1.0
42,140,1.0
42,23,1.0
42,114,1.0
42,149,1.0
42,18,1.0
42,11,1.0
42,196,1.0
42,184,1.0
42,41,1.0
42,295,1.0
42,29,1.0
42,157,1.0
42,200,1.0
42,292,1.0
42,40,1.0
42,126,1.0
42,223,1.0
42,133,1.0
42,289,1.0
43,205,1.5163977794943222
43,206,1.0
43,343,1.0
43,144,1.0
43,113,1.0
43,56,1.0
43,195,1.0
43,318,1.0
43,94,1.0
43,241,1.0
43,63,1.0
43,158,1.0
43,44,1.0
43,34,1.0
43,111,1.0
43,382,1.0
43,297,1.0
43,116,1.0
43,172,1.0
43,319,1.0
44,79,1.0
44,37,1.0
44,116,1.0
44,318,1.0
44,34,1.0
44,199,1.0
44,294,1.0
44,39,1.0
44,144,1.0
44,78,1.0
44,113,1.0
44,206,1.0
44,38,1.0
44,319,1.0
44,236,1.0
44,14,1.0
44,195,1.0
44,233,1.0
44,99,1.0
44,27,1.0
45,236,1.0
45,308,1.5422176684690383
45,366,1.0
45,21,1.7514430561703707
45,38,1.0
45,81,1.0
45,14,1.0035218036253024
45,295,1.0
45,1,1.0
45,3,1.122178924509738
45,285,1.0
45,358,1.0163299316185546
45,31,1.0
45,127,1.0
45,157,1.0
45,200,1.0
45,99,1.0
45,27,1.0
45,301,1.0
45,222,1.0
46,65,1.0
46,48,1.0
46,32,1.0
46,136,1.0
46,72,1.0
46,119,1.0
46,267,1.0
46,266,1.0
46,128,1.5345224838248486
46,74,1.0
46,103,1.0
46,107,1.0
46,102,1.0
46,282,1.0
46,155,1.0
46,118,1.0
46,71,1.0
46,75,1.0
46,51,1.0
46,213,1.0
47,231,1.0
47,39,1.1889822365046137
47,199,1.0
47,294,1.0
47,116,1.0
47,34,1.0
47,79,1.0
47,78,1.0
47,126,1.0
47,318,1.0
47,16,1.2672612419124243
47,37,1.0
47,385,1.0
47,44,1.0
47,184,1.0
47,195,1.0
47,113,1.0
47,105,1.0
47,367,1.0
47,93,1.0
48,65,1.0
48,32,1.127775312999988
48,46,1.0
48,136,1.0
48,72,1.8677218312746247
48,119,1.0
48,267,1.0
48,266,1.0
48,107,1.8944271909999157
48,128,1.0
48,102,1.0
48,74,1.0
48,103,1.0
48,118,1.0
48,282,1.0
48,155,1.8944271909999157
48,71,1.0
48,75,1.0
48,51,1.0
48,213,1.0
49,90,1.0
49,83,1.0
49,342,1.0
49,164,1.0
49,10,1.0
49,86,1.0
49,352,1.0
49,59,1.0
49,92,1.0
49,117,1.0
49,364,1.0
49,275,1.0
49,87,1.0
49,110,1.0
49,276,1.0
49,373,1.0
49,22,1.0
49,77,1.0
49,256,1.0
49,91,1.0
50,156,1.0
50,182,1.0
50,293,1.0
50,255,1.0
50,279,1.0
50,171,1.0
50,381,1.0
50,248,1.0
50,162,1.0
50,309,1.0
50,210,1.0
50,263,1.0
50,174,1.0
50,383,1.0
50,217,1.0
50,220,1.0
50,142,1.0
50,104,1.0
50,249,1.0
50,201,1.0
51,118,1.1924500897298753
51,75,1.5547001962252291
51,107,1.0
51,325,1.0
51,61,1.0
51,20,1.0
51,277,1.0
51,186,1.0
51,148,1.0
51,100,1.0
51,158,1.0
51,70,1.0
51,94,1.0
51,340,1.0
51,80,1.0
51,241,1.0
51,72,1.0
51,32,1.1428571428571428
51,48,1.0
51,382,1.0
52,387,1.0
52,62,1.0
52,80,1.0
52,53,1.0
52,351,1.0
52,76,1.0
52,283,1.0
52,336,1.0
52,7,1.0
52,15,1.2773500981126147
52,68,1.0
52,60,1.0
52,97,1.0
52,274,1.0
52,84,1.0
52,25,1.0
52,101,1.0
52,115,1.0
52,233,1.0
52,172,1.0
53,76,1.0
53,283,1.0
53,68,1.0
53,7,1.1951800145897067
53,62,1.0
53,351,1.0
53,387,1.0
53,25,1.0
53,274,1.0
53,60,1.0
53,52,1.0
53,233,1.0
53,15,1.0
53,331,1.0
53,319,1.0
53,172,1.0
53,27,1.0
53,99,1.0
53,115,1.0
53,31,1.0
54,165,1.0
54,269,1.4444444444444444
54,138,1.5095280582491155
54,218,1.0
54,307,1.2222222222222223
54,303,1.1283000598199169
54,130,1.0
54,166,1.0
54,197,1.0
54,123,1.0753945715271085
54,286,1.0
54,212,1.0
54,237,1.0
54,192,1.2222222222222223
54,207,1.0
54,36,1.0
54,334,1.0
54,329,1.0
54,296,1.0
54,359,1.0
55,304,1.0
55,143,1.0
55,344,1.0
55,379,1.0
55,223,1.0
55,317,1.0
55,108,1.0
55,82,1.0
55,292,1.0
55,12,1.632455532033676
55,268,1.0
55,29,1.0617213399848369
55,224,1.0
55,137,1.0
55,289,1.0
55,183,1.0
55,214,1.0
55,41,1.0
55,17,1.0
55,131,1.0
56,43,1.0
56,113,1.0
56,195,1.0
56,144,1.0
56,206,1.0
56,205,1.0
56,343,1.0
56,318,1.7844645405527362
56,34,1.0
56,116,1.0
56,39,1.0
56,44,1.0
56,187,1.0
56,158,1.0
56,226,1.0
56,94,1.0
56,241,1.0
56,63,1.0
56,79,1.0
56,234,2.027105182026191
57,229,1.076696498884737
57,299,1.0
57,270,1.0
57,213,1.0
57,71,1.0
57,102,1.0
57,128,1.0
57,282,1.0
57,103,1.0383482494423686
57,74,1.0
57,267,1.0
57,136,1.0
57,119,1.0
57,266,1.0
57,65,1.0
57,46,1.0
57,48,1.0342997170285018
57,155,1.0
57,32,1.0
57,72,1.0
58,40,1.0
58,153,1.0
58,5,1.0
58,222,1.0
58,301,1.1147078669352808
58,157,1.0
58,200,1.0
58,358,1.0
58,154,1.0
58,196,1.2294157338705618
58,290,1.0468292905790848
58,95,1.0716574363900018
58,101,1.0
58,21,1.0
58,97,1.0
58,366,1.5735393346764044
58,295,1.0
58,73,1.1697207144410606
58,84,1.0
58,285,1.0
59,117,1.8081220356417687
59,352,1.4082482904638631
59,10,1.473803541479343
59,92,1.2020305089104422
59,164,1.0
59,90,1.6998542122237654
59,83,1.632455532033676
59,86,1.0
59,276,1.4545686450484947
59,275,1.063887656499994
59,49,1.0
59,364,1.1166423687039608
59,342,1.1807015805810503
59,87,1.089363320310175
59,110,1.0463489774659323
59,22,1.0
59,77,1.2332847374079217
59,373,1.0
59,91,1.0
59,256,1.2020305089104422
60,274,1.0
60,172,1.0
60,7,1.2899521505170999
60,319,1.0
60,233,1.0
60,68,1.0
60,297,1.360301879288836
60,111,1.0
60,76,1.605083267533558
60,25,1.0
60,283,1.0
60,53,1.0
60,382,1.3713906763541037
60,63,1.0
60,331,1.0
60,27,1.0
60,99,1.0
60,62,1.0774403092662366
60,351,1.0
60,14,1.0
61,20,1.0
61,186,2.0708993401928106
61,277,1.0
61,100,1.0
61,70,1.0
61,325,1.0
61,340,1.0
61,51,1.0
61,2,1.022405535747411
61,66,1.0
61,365,1.0
61,240,1.0
61,80,1.0
61,118,1.0
61,148,1.0
61,336,1.0
61,19,1.0
61,52,1.0
61,33,1.0
61,387,1.0
62,351,1.1865009616480628
62,387,1.0
62,15,1.0
62,53,1.0
62,283,1.0
62,76,1.0
62,52,1.0
62,97,1.0
62,84,1.0
62,68,1.0
62,101,1.0
62,115,1.1255804614792184
62,7,1.040697846377824
62,95,1.0651289609025836
62,127,1.1865009616480628
62,31,1.0
62,290,1.0
62,25,1.3044295411712823
62,3,1.1715971872234099
62,1,1.0
63,111,1.0
63,382,1.0
63,297,1.485071250072666
63,172,1.0
63,241,2.414213562373095
63,60,1.0
63,274,1.8164965809277263
63,319,1.0
63,94,1.0
63,233,1.0
63,7,1.0
63,68,1.0
63,25,1.0
63,76,1.0
63,283,1.0
63,53,1.0
63,331,1.0
63,343,1.0
63,27,1.0
63,99,1.0
64,85,1.0
64,328,1.0
64,356,1.0
64,377,1.0
64,281,1.0
64,89,1.0
64,257,1.0
64,152,1.0
64,256,1.0
64,112,1.0
64,121,1.0
64,271,1.0
64,6,1.0
64,211,1.0
64,146,1.0
64,9,1.0
64,120,1.0
64,87,1.0
64,342,2.5999999999999996
64,110,1.0
65,48,1.0
65,136,1.0
65,32,1.0
65,46,1.0
65,72,1.0
65,119,1.0
65,267,1.0
65,266,1.0
65,128,1.0
65,102,1.0
65,107,1.0
65,74,1.0
65,103,1.0
65,282,1.0
65,118,1.0
65,71,1.0
65,155,1.0
65,75,1.0
65,51,1.0
65,213,1.0
66,365,1.0
66,240,1.0
66,2,1.1097642599896904
66,19,1.0
66,132,1.0
66,70,1.0
66,336,1.0
66,73,1.0
66,96,1.0
66,186,1.3086066999241839
66,33,1.305887645160749
66,20,1.0
66,100,1.0
66,52,1.0
66,80,1.0
66,387,1.0
66,61,1.0
66,306,1.0
66,147,1.0
66,277,1.0
67,296,1.0
67,141,1.0
67,88,1.0
67,272,1.0
67,13,1.005445186426857
67,30,1.0
67,370,1.0
67,4,1.0
67,231,1.0
67,24,1.0
67,35,1.0
67,26,1.0
67,204,1.0064629548834432
67,109,1.0507455150347036
67,47,1.0
67,335,1.0
67,367,1.0
67,131,1.0
67,93,1.0
67,28,1.0
68,76,1.0
68,7,1.1380131118684709
68,283,1.0
68,53,1.0
68,274,1.0
68,25,1.1147078669352808
68,60,1.0
68,233,1.1690308509457032
68,319,1.0
68,172,1.0
68,331,1.0
68,27,1.0
68,62,1.0
68,351,1.0
68,99,1.0
68,297,1.0
68,387,1.0
68,111,1.0
68,3,1.0727392967453309
68,1,1.0
69,322,1.0
69,247,1.416198735628384
69,372,1.0
69,98,1.0
69,314,1.0
69,229,1.0
69,155,1.0
69,282,1.0
69,239,1.0
69,57,1.0
69,103,1.254000254000381
69,74,1.0
69,299,1.0
69,213,1.0
69,270,1.0
69,160,1.0
69,266,1.0
69,300,1.254000254000381
69,122,1.0678844233302132
69,102,1.0
70,186,1.0
70,100,1.0
70,20,1.0
70,61,1.0
70,277,1.0
70,66,1.0
70,365,1.0
70,2,1.7604691006293736
70,240,1.0
70,340,1.0
70,325,1.0
70,33,1.0
70,19,1.0
70,336,1.0
70,80,1.0
70,132,1.0
70,52,1.0
70,387,1.0
70,96,1.0
70,73,1.0
71,102,1.4472135954999579
71,128,1.0
71,213,1.0
71,270,1.0
71,299,1.0
71,267,1.0
71,136,1.0
71,282,1.0
71,103,1.0
71,74,1.0
71,65,1.0
71,46,1.0
71,48,1.0
71,57,1.0
71,119,1.0
71,32,1.063887656499994
71,266,1.0
71,72,1.0
71,229,1.0
71,155,1.0
72,32,1.0
72,46,1.0
72,48,1.8677218312746247
72,65,1.0
72,136,1.0
72,119,1.0
72,266,1.0
72,267,1.0
72,107,2.9402850002906638
72,128,1.0
72,74,1.0
72,103,1.0
72,102,1.0
72,118,1.0
72,155,1.0
72,282,1.0
72,51,1.0
72,75,1.0
72,71,1.0
72,325,1.0
73,96,1.0
73,19,1.0949157995752499
73,5,1.0
73,153,1.0
73,336,1.0
73,97,1.0
73,58,1.1697207144410606
73,101,1.0
73,95,1.0
73,154,1.1465013280134277
73,290,1.0
73,84,1.0
73,15,1.2901716460986226
73,132,1.0
73,2,1.0631579661461947
73,222,1.0
73,240,1.0
73,387,1.0
73,351,1.0
73,301,1.0
74,103,1.0
74,282,1.0
74,267,1.0
74,266,1.0
74,119,1.0
74,155,1.0
74,102,1.0
74,128,1.0
74,46,1.0
74,136,1.0
74,65,1.0
74,48,1.0
74,72,1.0
74,32,1.0
74,71,1.0
74,213,1.0
74,270,1.0
74,299,1.0
74,107,1.0
74,57,1.0
75,51,1.5547001962252291
75,118,1.0
75,148,1.0
75,158,1.0
75,107,1.0
75,94,1.0
75,241,1.0
75,32,1.0792428851750326
75,48,1.0
75,72,1.0
75,65,1.0
75,61,1.0
75,205,1.0
75,20,1.0
75,325,1.0
75,46,1.0
75,136,1.0
75,382,1.0
75,343,1.0
75,63,1.0
76,283,1.0990147542976674
76,68,1.0
76,53,1.0
76,7,1.2343116744516025
76,25,1.0695518605093322
76,274,1.0700140042014006
76,60,1.605083267533558
76,233,1.0
76,62,1.0
76,351,1.0
76,331,1.0
76,319,1.0
76,172,1.0
76,27,1.0
76,99,1.0
76,387,1.0
76,15,1.1681681984990782
76,3,1.167597772607905
76,1,1.4880935300919762
76,52,1.0
77,22,1.0
77,276,1.0
77,117,1.0
77,59,1.2332847374079217
77,110,1.0
77,352,1.0
77,275,1.0
77,364,1.0
77,92,2.1547005383792515
77,86,1.0
77,87,1.0
77,10,1.1230914909793328
77,164,1.0
77,90,1.0
77,83,1.1721325931647741
77,49,1.0
77,342,1.0
77,373,1.0
77,91,1.0
77,106,1.0
78,294,1.0
78,126,1.0
78,199,1.0
78,37,1.0
78,236,1.0
78,79,1.0
78,45,1.0
78,295,1.0
78,366,1.0
78,308,1.0
78,196,1.0
78,38,1.0
78,44,1.0
78,21,1.0
78,140,1.0
78,8,1.0
78,184,1.0
78,116,1.0
78,157,1.0
78,200,1.0
79,37,1.0
79,44,1.0
79,294,1.5773502691896257
79,199,1.0
79,116,1.0
79,78,1.0
79,318,1.0
79,34,1.0
79,39,1.0
79,236,1.0
79,38,1.1259881576697424
79,45,1.0
79,126,1.0
79,14,1.1181248846437237
79,308,1.0
79,99,1.0
79,27,1.0
79,331,1.0
79,113,1.0
79,81,1.0
80,52,1.0
80,387,1.0
80,53,2.264911064067352
80,62,1.0
80,7,1.3086066999241839
80,336,1.0
80,351,1.0
80,76,1.0
80,382,1.0
80,283,1.0
80,68,1.0
80,60,1.0
80,111,1.0
80,297,1.0
80,274,1.0
80,172,1.0
80,15,1.0
80,63,1.0
80,25,1.0512989176042578
80,241,1.0
81,1,1.0
81,3,1.2057377999494558
81,14,1.1818651571921264
81,308,1.0
81,31,1.0
81,38,1.0
81,99,1.0
81,127,1.0
81,27,1.0
81,285,1.0
81,331,1.0
81,115,1.0669180817637993
81,45,1.0
81,21,1.0
81,358,1.0
81,366,1.0
81,25,1.0540738070435876
81,84,1.0
81,236,1.0
81,290,1.0
82,12,1.0
82,317,1.0
82,289,1.0
82,379,1.0
82,292,1.0
82,29,1.0276026223736943
82,344,1.0
82,108,1.0
82,41,1.0
82,143,1.0
82,133,1.0
82,17,1.1348399724926483
82,223,1.0
82,268,1.0
82,55,1.0
82,163,1.0
82,191,1.632455532033676
82,18,1.0
82,304,1.0
82,137,1.0
83,164,1.0
83,10,1.1271283452327456
83,90,1.0
83,49,1.0
83,92,1.0
83,59,1.632455532033676
83,352,1.0
83,117,1.0
83,342,1.0
83,86,1.0
83,364,1.0
83,275,1.0
83,276,1.223606797749979
83,87,1.0
83,110,1.3419927840283847
83,373,1.0
83,22,1.0
83,77,1.1721325931647741
83,91,1.0
83,256,1.0
84,101,1.0
84,95,1.0
84,97,1.0
84,290,1.0
84,115,1.0
84,154,1.0
84,15,1.2614881801842455
84,127,1.0
84,285,1.1666666666666667
84,31,1.040572041296679
84,351,1.0
84,3,1.102868899974728
84,358,1.0
84,62,1.0
84,1,1.0
84,222,1.0
84,301,1.0
84,5,1.0
84,153,1.0
84,81,1.0
85,64,1.0
85,328,1.0
85,356,1.0
85,377,1.0
85,281,1.0
85,89,1.0
85,257,1.2051956704170308
85,152,1.0
85,256,1.0
85,112,1.0
85,121,1.2649064714130087
85,271,1.2649064714130087
85,6,1.0
85,211,1.0
85,146,1.0
85,9,1.0
85,120,1.0
85,342,1.0
85,87,1.0
85,110,1.1052631578947367
86,364,1.0
86,352,1.0
86,275,1.0
86,87,1.0
86,342,1.0
86,59,1.0
86,90,1.0
86,110,1.0
86,49,1.0
86,10,1.0
86,83,1.0
86,276,1.0
86,117,1.0
86,164,1.0
86,92,1.0
86,22,1.0
86,77,1.0
86,373,1.0
86,256,1.0
86,91,1.0
87,364,1.0
87,275,1.0
87,110,1.0
87,86,1.0
87,352,1.0
87,342,1.0
87,276,1.0737209780774486
87,59,1.089363320310175
87,90,1.0
87,49,1.0
87,117,1.0
87,83,1.0
87,10,1.0
87,164,1.0
87,92,1.0
87,22,1.0
87,77,1.0
87,373,1.0
87,256,1.0
87,257,1.0
88,272,1.0
88,141,1.0
88,13,1.0
88,4,1.0
88,204,1.0
88,109,1.0
88,370,1.0
88,26,1.0
88,24,1.0
88,30,1.0
88,28,1.0
88,214,1.0
88,183,1.0
88,131,1.0
88,335,1.0
88,137,1.0
88,169,1.0
88,268,1.0
88,221,1.0
88,108,1.0
89,281,1.0
89,377,1.0
89,152,1.0
89,328,1.0
89,257,1.0
89,112,1.0
89,64,1.0
89,256,1.0
89,85,1.0
89,356,1.0
89,6,1.0
89,211,1.0
89,146,1.0
89,9,1.0
89,121,1.0
89,120,1.0
89,271,1.0
89,87,1.0
89,110,1.0
89,342,1.0
90,83,1.0
90,49,1.0
90,164,1.0
90,10,1.0
90,59,1.6998542122237654
90,352,1.0
90,342,1.0
90,86,1.0
90,92,1.0
90,117,2.7320508075688776
90,364,1.0
90,275,1.0
90,87,1.0
90,276,1.0
90,110,1.0
90,22,1.0
90,373,1.0
90,77,1.0
90,256,1.0
90,91,1.0
91,77,1.0
91,22,1.0
91,117,1.0
91,92,1.0
91,276,1.0
91,373,1.0
91,59,1.0
91,10,1.0
91,164,1.0
91,352,1.0
91,83,1.0
91,106,1.0
91,90,1.0
91,275,1.0
91,86,1.0
91,364,1.0
91,49,1.0
91,110,1.0
91,87,1.0
91,342,1.0
92,10,1.2132007163556104
92,117,1.0
92,164,1.0
92,59,1.2020305089104422
92,83,1.0
92,90,1.0
92,352,1.0
92,49,1.0
92,276,1.0
92,86,1.0
92,275,1.0
92,364,1.0
92,342,1.0
92,87,1.0
92,110,1.0
92,22,1.0
92,373,1.0
92,77,2.1547005383792515
92,91,1.0
92,256,1.0
93,367,1.0
93,191,1.0
93,105,1.0
93,163,1.0
93,17,1.4264014327112209
93,133,1.0
93,16,1.0
93,385,1.0
93,289,1.0
93,41,1.0
93,12,1.0
93,335,1.0
93,82,1.632455532033676
93,184,1.0
93,317,1.0
93,108,1.0
93,11,1.0
93,131,1.0
93,379,1.0
93,268,1.0
94,241,1.0
94,158,1.0
94,148,1.0
94,382,1.0
94,63,1.0
94,111,1.0
94,297,1.0
94,172,1.0
94,343,1.0
94,205,1.0
94,60,1.0
94,274,1.0
94,80,1.0
94,7,1.0
94,319,1.0
94,233,1.0
94,206,1.0
94,68,1.0
94,76,1.0
94,53,1.0
95,290,1.0
95,101,1.441726104299386
95,154,1.0309270133222854
95,84,1.0
95,97,1.0
95,115,1.0627050914045313
95,127,1.0
95,285,1.234260642832909
95,15,1.061256389183169
95,358,1.0
95,222,1.0
95,301,1.078086880944303
95,31,1.0
95,5,1.3536639278448703
95,153,1.0
95,3,1.353439307988712
95,1,1.098772959664959
95,351,1.0
95,81,1.0
95,62,1.0651289609025836
96,73,1.0
96,336,1.0
96,5,1.0413449115297362
96,19,1.0
96,97,1.0
96,153,1.3651483716701107
96,15,1.2864459496157732
96,101,1.0
96,84,1.0
96,95,1.0
96,290,1.0
96,154,1.0
96,387,1.0
96,351,1.0
96,62,1.0
96,115,1.0
96,52,2.0327955589886444
96,222,1.0
96,301,1.0
96,127,1.0
97,101,1.0
97,84,1.0
97,95,1.0
97,290,1.0
97,15,1.0
97,154,1.0
97,115,1.0
97,351,1.0
97,127,1.0
97,5,1.0
97,285,1.0
97,62,1.0
97,31,1.0
97,153,1.0
97,222,1.0
97,358,1.0
97,301,1.0
97,3,1.0
97,387,1.0
97,96,1.0
98,372,1.0
98,247,1.0
98,155,1.0
98,282,1.0
98,74,1.0
98,103,1.0
98,160,1.0
98,341,1.0
98,266,1.0
98,119,1.0
98,267,1.0
98,46,1.0
98,72,1.0
98,102,1.0
98,136,1.0
98,32,1.0
98,128,1.0
98,65,1.0
98,48,1.0
98,299,1.0
99,27,1.0
99,331,1.0
99,14,1.0
99,38,1.0
99,81,1.0
99,1,1.0
99,3,1.0
99,25,1.0936585811581694
99,308,1.0
99,31,1.0702728368926306
99,233,1.0
99,127,1.0
99,319,1.0
99,283,1.0
99,68,1.0
99,285,1.0
99,274,1.0
99,76,1.0
99,115,1.0
99,7,1.0
100,277,1.0
100,186,1.0
100,70,1.0
100,20,1.0
100,61,1.0
100,340,1.0
100,325,1.0
100,66,1.0
100,365,1.0
100,240,1.0
100,2,1.0
100,33,1.0
100,51,1.0
100,19,1.0
100,80,1.0
100,118,1.0
100,336,1.0
100,132,1.0
100,52,1.0
100,387,1.0
101,84,1.0
101,95,1.441726104299386
101,290,1.0
101,97,1.0
101,154,1.0
101,115,1.0
101,15,1.0
101,127,1.0
101,285,1.0
101,31,1.0
101,358,1.0
101,5,1.0
101,222,1.0
101,301,1.0
101,351,1.0
101,153,1.0
101,3,1.3636964837266539
101,1,1.0
101,62,1.0
101,81,1.0
102,128,1.0
102,71,1.4472135954999579
102,267,1.0
102,103,1.0
102,74,1.0
102,282,1.0
102,213,1.0
102,136,1.0
102,270,1.0
102,119,1.0
102,65,1.0
102,46,1.0
102,48,1.0
102,266,1.0
102,299,1.0
102,32,1.2857142857142856
102,72,1.0
102,155,1.0
102,57,1.0
102,107,1.0
103,74,1.0
103,282,1.0
103,267,1.0
103,266,1.0
103,119,1.0
103,102,1.0
103,128,1.3535533905932737
103,155,1.0
103,46,1.0
103,136,1.0
103,65,1.0
103,48,1.0
103,72,1.0
103,32,1.0
103,71,1.0
103,213,1.0
103,270,1.0
103,299,1.0
103,107,1.0
103,57,1.0383482494423686
104,249,1.0
104,142,1.0
104,220,1.0
104,383,1.0
104,174,1.0
104,201,1.0
104,263,1.0
104,210,1.0
104,309,1.0
104,300,1.0
104,122,1.0
104,246,1.0
104,217,1.0
104,239,1.0
104,162,1.0
104,314,1.0
104,248,1.0
104,381,1.0
104,171,1.0
104,255,1.0
105,367,1.0
105,93,1.0
105,191,2.333333333333333
105,163,1.0
105,133,1.2721655269759087
105,17,1.2842676218074807
105,16,1.0
105,385,1.0
105,41,1.0
105,184,1.0
105,289,1.0
105,11,1.0
105,12,1.0
105,82,1.4216370213557838
105,18,1.0
105,317,1.0
105,335,1.0
105,292,1.0
105,29,1.0290957186981324
105,108,1.0
106,190,1.0
106,77,1.0
106,91,1.0
106,22,1.0
106,161,1.0
106,276,1.0
106,302,1.0
106,110,1.0
106,117,1.0
106,275,1.0
106,364,1.0
106,352,1.2886751345948129
106,59,1.3030457633656631
106,87,1.0
106,92,1.0
106,86,1.0
106,10,1.0
106,164,1.0
106,90,1.0
106,83,1.4472135954999579
107,118,1.0
107,72,2.9402850002906638
107,51,1.0
107,32,1.0
107,48,1.8944271909999157
107,46,1.0
107,65,1.0
107,119,1.0
107,136,1.0
107,75,1.0
107,266,1.0
107,325,1.0
107,267,1.0
107,61,1.0
107,277,1.0
107,20,1.0
107,186,1.0
107,100,1.0
107,340,1.0
107,155,1.0
108,344,1.0
108,268,1.0
108,379,1.0
108,317,1.0
108,143,1.0
108,137,1.0
108,12,1.0
108,82,1.0
108,289,1.0
108,335,2.039638102586342
108,131,1.0
108,17,1.0
108,55,1.0
108,292,1.0
108,304,1.0
108,183,1.0
108,163,1.0
108,29,1.0
108,133,1.0
108,214,1.0
109,204,1.8023687558959134
109,13,1.8691607529725283
109,4,1.0
109,24,1.0
109,272,1.0
109,141,1.0
109,88,1.0
109,28,1.0
109,26,1.0
109,214,1.0
109,370,1.0
109,183,1.0
109,131,1.0
109,137,1.0
109,335,1.0
109,30,1.0
109,268,1.0
109,108,1.0
109,344,1.0
109,143,1.0
110,87,1.0
110,364,1.0
110,275,1.0
110,86,1.0
110,352,1.0
110,276,1.0
110,59,1.0463489774659323
110,342,1.0
110,117,1.0
110,90,1.0
110,49,1.0
110,10,1.0489115988044517
110,83,1.3419927840283847
110,164,1.0
110,92,1.0
110,22,1.0
110,77,1.0
110,373,1.0
110,256,1.0
110,257,1.0
111,297,1.0
111,63,1.0
111,382,1.0
111,172,1.0
111,60,1.0
111,274,1.0
111,319,1.0
111,7,1.0
111,233,1.0
111,68,1.0
111,241,1.0
111,76,1.1714985851425088
111,25,1.0
111,283,1.0
111,53,1.0
111,94,1.0
111,331,1.0
111,27,1.0
111,99,1.0
111,52,1.0
112,89,1.0
112,6,1.0
112,377,1.0
112,211,1.0
112,281,1.0
112,152,1.0
112,146,1.0
112,257,1.0
112,9,1.0
112,328,1.0
112,256,1.0
112,64,1.0
112,85,1.0
112,120,1.0
112,125,1.0
112,356,1.0
112,221,1.0
112,169,1.0
112,302,1.0
112,87,1.0
113,195,1.0
113,318,1.0
113,34,1.0
113,144,1.0
113,116,1.0
113,39,1.0
113,206,1.0
113,43,1.0
113,44,1.0
113,343,1.0
113,56,1.0
113,205,1.0
113,79,1.0
113,37,1.0
113,199,1.0
113,294,1.0
113,47,1.0
113,63,1.0
113,78,1.0
113,231,1.0
114,23,1.0
114,18,1.1666666666666667
114,149,1.0
114,11,1.0
114,140,1.0
114,8,1.0
114,42,1.0
114,41,1.0
114,184,1.0
114,29,1.0617213399848369
114,292,1.0
114,133,1.0
114,289,1.0
114,223,1.0
114,82,1.0
114,12,1.0
114,385,1.0
114,196,1.0
114,317,1.0
114,17,1.0
115,127,1.0
115,31,1.0122175142956693
115,285,1.0752828419842744
115,84,1.0
115,95,1.0627050914045313
115,101,1.0
115,290,1.0819575774435763
115,3,1.14455957864868
115,154,1.069571712951095
115,1,1.0634840665068952
115,97,1.0
115,15,1.039371146699132
115,81,1.0669180817637993
115,358,1.0634840665068952
115,301,1.0
115,351,1.0897800278486467
115,222,1.0
115,308,1.0752828419842744
115,62,1.1255804614792184
115,99,1.0
116,34,1.0
116,318,1.0
116,39,1.0
116,79,1.0
116,44,1.0
116,199,1.0
116,37,1.0
116,294,1.0
116,113,1.0
116,195,1.0
116,78,1.0
116,47,1.0
116,144,1.0
116,231,1.0
116,206,1.0
116,236,1.0
116,126,1.0
116,38,1.0
116,45,1.0
116,14,1.0
117,59,1.8081220356417687
117,92,1.0
117,10,1.0
117,352,1.0
117,276,1.0
117,164,1.0
117,83,1.0
117,90,2.7320508075688776
117,86,1.0
117,275,1.0
117,364,1.0
117,49,1.0
117,342,1.0
117,110,1.0
117,87,1.0
117,22,1.0
117,77,1.0
117,373,1.0
117,91,1.0
117,256,1.0
118,51,1.1924500897298753
118,107,1.0
118,75,1.0
118,325,1.0
118,61,1.0
118,20,1.0
118,277,1.0
118,72,1.0
118,32,1.109971479845643
118,186,1.0
118,48,1.0
118,100,1.0
118,65,1.0
118,46,1.0
118,148,1.0
118,70,1.0
118,340,1.0
118,136,1.0
118,119,1.0
118,158,1.0
119,266,1.0
119,267,1.0
119,46,1.0
119,136,1.0
119,72,1.0
119,65,1.0
119,32,1.0
119,48,1.0
119,74,1.0
119,103,1.0
119,128,1.0
119,102,1.0
119,155,1.0
119,282,1.0
119,107,1.0
119,71,1.0
119,118,1.0
119,213,1.0
119,51,1.0
119,75,1.0
120,125,1.0
120,169,1.0
120,221,1.0
120,30,1.0
120,26,1.0
120,370,1.0
120,9,1.2969078476100822
120,6,1.0
120,146,1.0
120,211,1.0
120,4,1.0
120,272,1.0
120,112,1.0
120,204,1.1708715315433522
120,88,1.0
120,13,1.0
120,109,1.0
120,141,1.0
120,24,1.0
120,28,1.0
121,271,1.0
121,256,1.0
121,85,1.2649064714130087
121,64,1.0
121,257,1.0
121,152,1.0
121,281,1.0
121,377,1.0
121,89,1.0
121,323,1.0
121,342,1.0
121,49,1.0
121,356,1.0
121,328,1.0
121,90,1.0
121,87,1.0
121,86,1.0
121,83,1.3442651863295483
121,384,1.0
121,164,1.0
122,300,1.5345224838248488
122,201,1.0
122,246,1.5185629788417314
122,239,1.0
122,314,1.0
122,249,1.0
122,142,1.0
122,104,1.0
122,220,1.0
122,383,1.0
122,174,1.0
122,210,1.0
122,263,1.0
122,309,1.0
122,217,1.0
122,380,1.5345224838248488
122,162,1.0
122,248,1.0
122,381,1.0
122,171,1.3779644730092273
123,212,1.0
123,286,1.0
123,197,1.0
123,237,1.0
123,192,1.0
123,207,1.0
123,334,1.0
123,329,1.0
123,359,1.0
123,36,1.214576712314328
123,166,1.0
123,307,1.0
123,303,1.0
123,218,1.0
123,138,1.2593056350209386
123,165,1.0
123,269,1.0678551143743977
123,54,1.0753945715271085
123,130,1.0
123,273,1.0
124,386,1.0
124,219,1.0
124,354,1.0
124,355,1.0
124,315,1.0
124,252,1.0
124,348,1.0
124,347,1.0
124,345,1.0
124,262,1.0
124,232,1.0
124,346,1.0
124,305,1.0
124,321,1.0
124,129,1.0
124,278,1.0
124,375,1.0
124,193,1.0
124,244,1.0
124,150,1.0
125,221,1.0
125,169,1.0
125,120,1.0
125,26,1.0
125,30,1.0
125,370,1.0
125,4,1.0
125,204,1.0
125,272,1.0
125,88,1.0
125,13,1.0
125,109,1.0
125,141,1.0
125,9,1.0
125,6,1.0
125,146,1.0
125,24,1.0
125,211,1.0
125,28,1.0
125,214,1.0
126,78,1.0
126,184,1.0
126,385,1.0
126,140,1.0
126,8,1.0
126,294,1.0
126,16,1.0
126,11,1.0
126,42,1.0
126,114,1.0
126,23,1.0
126,199,1.0
126,18,1.0
126,295,1.0
126,196,1.0
126,236,1.0
126,149,1.0
126,105,1.0
126,41,1.0
126,133,1.0
127,31,1.0
127,115,1.0
127,285,1.0
127,3,1.0460043706228237
127,1,1.0
127,81,1.0
127,84,1.0
127,290,1.0
127,95,1.0
127,101,1.0
127,154,1.0
127,358,1.0
127,308,1.0
127,97,1.0
127,14,1.0
127,15,1.0
127,301,1.0
127,99,1.0
127,27,1.0
127,222,1.0
128,102,1.0
128,71,1.0
128,267,1.0
128,136,1.0
128,103,1.3535533905932737
128,74,1.0
128,65,1.0
128,46,1.5345224838248486
128,119,1.0
128,282,1.0
128,213,1.0
128,48,1.0
128,270,1.0
128,32,1.0
128,266,1.0
128,72,1.0
128,299,1.0
128,155,1.0
128,57,1.0
128,107,1.0
129,321,1.0
129,278,1.0
129,194,1.0
129,208,1.0
129,150,1.0
129,244,1.0
129,178,1.5443310539518174
129,185,1.0
129,177,1.0
129,326,1.0
129,209,1.0
129,346,1.0
129,167,1.0
129,215,1.0
129,173,1.0
129,176,1.0
129,264,1.0
129,260,1.0
129,305,1.0
129,227,1.0
130,269,1.282842712474619
130,307,1.0
130,303,1.8164965809277258
130,54,1.0
130,138,1.0
130,165,1.0
130,218,1.0
130,166,1.0
130,123,1.0
130,237,1.0
130,192,1.0
130,197,1.0
130,286,1.0
130,212,1.0
130,207,1.0
130,36,1.0
130,334,1.0
130,329,1.0
130,359,1.0
130,296,1.0
131,335,1.0032672673436387
131,137,1.0
131,268,1.0
131,214,1.0
131,108,1.0
131,183,1.0
131,28,1.0
131,344,1.0
131,17,1.0
131,379,1.040572041296679
131,163,1.0
131,317,1.0
131,143,1.4578863967732725
131,12,1.0
131,191,1.0
131,82,1.0
131,93,1.0
131,289,1.0
131,367,1.0
131,133,1.0
132,306,1.0
132,147,1.0
132,365,1.0
132,66,1.0
132,240,1.0
132,19,1.0
132,73,1.0
132,238,1.0
132,2,1.0293357324424428
132,261,1.0
132,96,1.1951800145897067
132,336,1.0
132,33,1.0
132,5,1.0
132,153,1.0
132,58,1.0
132,97,1.0
132,161,1.0
132,70,1.0
132,101,1.0
133,41,1.0
133,289,1.0
133,17,1.1740776559556978
133,191,1.0
133,163,1.0
133,12,1.0
133,105,1.2721655269759087
133,82,1.0
133,93,1.0
133,11,1.0
133,367,1.0
133,18,1.0
133,292,1.0
133,29,1.0
133,317,1.0
133,379,1.0
133,184,1.0
133,385,1.0
133,108,1.0
133,114,1.0
134,145,1.1672484020014182
134,181,1.0
134,245,1.0
134,175,1.0
134,242,1.0
134,311,1.0
134,374,1.0
134,330,1.0
134,253,1.0
134,353,1.0
134,349,1.0
134,332,1.0
134,235,1.0
134,369,1.0
134,151,1.0
134,139,1.0
134,298,1.0
134,288,1.0
134,216,1.0
134,291,1.0
135,170,1.0
135,254,1.0
135,250,1.0
135,280,1.0
135,375,1.0
135,357,1.0
135,361,1.0
135,363,1.0
135,177,1.0
135,185,1.0
135,244,1.0
135,188,1.0
135,278,1.0
135,150,1.0
135,321,1.0
135,327,1.0
135,232,1.0
135,194,1.0
135,262,1.0
135,129,1.1740776559556978
136,65,1.0
136,46,1.0
136,48,1.0
136,32,1.0
136,267,1.0
136,72,1.0
136,119,1.0
136,266,1.0
136,128,1.0
136,102,1.0
136,74,1.0
136,103,1.0
136,107,1.0
136,282,1.0
136,71,1.0
136,155,1.0
136,118,1.0
136,75,1.0
136,213,1.0
136,270,1.0
137,268,1.0
137,131,1.0
137,108,1.0
137,335,1.0
137,183,1.0
137,344,1.0
137,214,1.0
137,143,1.0
137,379,1.0
137,28,1.0
137,317,1.0
137,12,1.0
137,82,1.0
137,17,1.0
137,55,1.0
137,304,1.0
137,289,1.0
137,163,1.0
137,191,1.0
137,292,1.0
138,165,1.0
138,269,1.0
138,218,1.0
138,307,1.0
138,303,1.0
138,54,1.5095280582491155
138,130,1.0
138,166,1.0
138,197,1.0
138,123,1.2593056350209386
138,286,1.0
138,212,1.0
138,237,1.0
138,192,1.0
138,207,1.0
138,36,1.0
138,334,1.0
138,329,1.0
138,359,1.0
138,296,1.0
139,298,1.0
139,216,2.7888543819998315
139,291,1.0
139,360,1.0
139,159,1.0
139,243,1.0
139,313,1.0
139,202,1.0
139,376,1.0
139,230,1.0
139,284,1.0
139,333,1.0
139,324,1.0
139,203,1.0
139,228,1.0
139,287,1.0
139,353,1.0
139,189,1.0
139,339,1.0
139,258,1.0
140,8,1.0
140,42,1.0
140,23,1.0
140,114,1.0
140,149,1.632455532033676
140,11,1.0
140,18,1.0
140,184,1.0
140,196,1.0
140,41,1.0
140,126,1.0
140,29,1.0780720058358826
140,295,1.0
140,385,1.0
140,133,1.0
140,292,1.0
140,289,1.0
140,157,1.0
140,200,1.0
140,223,1.0
141,13,1.0
141,88,1.0
141,272,1.1632993161855452
141,4,1.0
141,204,1.013951602128303
141,109,1.0
141,24,1.0
141,370,1.0
141,26,1.0
141,30,1.0
141,28,1.0
141,214,1.0
141,183,1.0
141,131,1.0
141,335,1.0
141,137,1.0
141,268,1.0
141,108,1.0
141,344,1.0
141,143,1.0
142,104,1.0
142,249,1.0
142,220,1.0
142,174,1.0
142,383,1.0
142,201,1.0
142,210,1.0
142,263,1.0
142,309,1.6666666666666665
142,246,1.0
142,300,1.0
142,122,1.0
142,162,1.0
142,239,1.0
142,217,1.0
142,248,1.0
142,314,1.0
142,381,1.0
142,171,1.0
142,279,1.0
143,344,1.0
143,379,1.0
143,55,1.0
143,108,1.0
143,317,1.0
143,304,1.019476311127012
143,268,1.0
143,82,1.0
143,12,1.0
143,137,1.0
143,292,1.0
143,289,1.0
143,223,1.0
143,29,1.180225422755833
143,183,1.0
143,131,1.4578863967732725
143,214,1.0
143,17,1.0
143,335,1.0
143,41,1.0
144,206,1.0
144,43,1.0
144,343,1.0
144,205,1.0
144,113,1.0
144,318,1.0
144,195,1.0
144,44,1.0
144,34,1.0
144,116,1.0
144,63,1.0
144,79,1.0
144,37,1.0
144,297,1.0
144,111,1.0
144,241,1.0
144,172,1.0
144,56,1.0
144,94,1.0
144,382,1.0
145,134,1.1672484020014182
145,181,1.0
145,245,1.5983660736054126
145,175,2.296175115510991
145,242,2.3008872711759816
145,311,1.0
145,374,1.0
145,330,1.0
145,253,1.0
145,353,1.0
145,349,1.0
145,332,1.0
145,235,1.0
145,369,1.0
145,151,1.0
145,139,1.0
145,298,1.0
145,288,1.0
145,216,1.0
145,291,1.0
146,211,1.0
146,9,1.0
146,6,1.0
146,112,1.0
146,152,1.0
146,120,1.0
146,89,1.0
146,125,1.0
146,257,1.0
146,302,1.0
146,377,1.0
146,281,1.0
146,221,1.0
146,256,1.0
146,169,1.0
146,328,1.0
146,261,1.0
146,64,1.0
146,85,1.0
146,26,1.0
147,238,1.0
147,306,1.0
147,261,1.0
147,132,1.0
147,73,1.0
147,58,1.0
147,19,1.0
147,96,1.0
147,5,1.0
147,153,1.0
147,240,1.0
147,365,1.0
147,66,1.0
147,2,1.0
147,336,1.0
147,40,1.0
147,154,1.0
147,97,1.0
147,222,1.0
147,290,1.0
148,158,1.0
148,94,1.0
148,241,1.0
148,382,1.0
148,63,1.0
148,111,1.0
148,297,1.0
148,80,1.4472135954999579
148,205,1.0
148,172,1.0
148,343,1.0
148,60,1.0
148,7,1.6900655593423541
148,52,1.0
148,274,1.0
148,319,1.0
148,68,1.0
148,53,1.0
148,76,1.1212678125181665
148,233,1.0
149,23,1.0
149,114,1.0
149,18,1.0
149,42,1.0
149,8,1.0
149,11,1.0
149,140,1.632455532033676
149,29,1.1234426799696735
149,292,1.0
149,41,1.0
149,223,1.0
149,289,1.0
149,82,1.0
149,224,1.0
149,133,1.0
149,184,1.0
149,12,1.0
149,317,1.0
149,379,1.0
149,196,1.0
150,244,1.0
150,185,1.0
150,177,1.0
150,194,1.1833396994056422
150,278,1.0
150,208,1.0
150,129,1.0
150,321,1.0
150,178,1.0
150,326,1.0
150,209,1.0
150,167,1.0
150,215,1.0
150,173,1.0
150,176,1.0
150,346,1.0
150,264,1.0
150,260,1.0
150,227,1.0
150,305,1.0
151,369,1.0
151,349,1.5286548803640718
151,253,1.4765230695442355
151,235,1.0
151,288,1.0
151,330,1.0
151,242,1.0
151,245,1.0
151,175,1.0
151,181,1.3052190374866064
151,145,1.0
151,134,1.0
151,311,1.0
151,374,1.0
151,332,1.0
151,353,1.0
151,298,1.0
151,139,1.0
151,310,1.5286548803640718
151,291,1.0
152,257,1.0
152,256,1.0
152,89,1.0
152,281,1.0
152,377,1.0
152,112,1.0
152,328,1.0
152,64,1.0
152,85,1.0
152,211,1.0
152,6,1.0
152,146,1.0
152,9,1.0
152,121,1.0
152,87,1.0
152,356,1.0
152,110,1.0
152,342,1.0
152,364,1.0
152,275,1.0
153,5,1.226455406828919
153,154,1.0
153,290,1.0
153,95,1.0
153,222,1.0
153,101,1.0
153,301,1.0
153,97,1.0
153,58,1.0
153,84,1.0
153,358,1.0
153,96,1.3651483716701107
153,40,1.0
153,115,1.0
153,15,1.0
153,285,1.0
153,73,1.0
153,127,1.0
153,157,1.0
153,200,1.0
154,290,1.0808452083454443
154,95,1.0309270133222854
154,101,1.0
154,84,1.0
154,97,1.0
154,222,1.0
154,115,1.069571712951095
154,301,1.0990147542976674
154,358,1.062622429108515
154,285,1.0
154,127,1.0
154,153,1.0
154,5,1.0
154,31,1.4097575314352395
154,15,1.1165103456070926
154,3,1.8759563416047351
154,1,1.0
154,21,1.0
154,81,1.0
154,366,1.0990147542976674
155,74,1.0
155,103,1.0
155,266,1.0
155,282,1.0
155,119,1.0
155,267,1.0
155,46,1.0
155,72,1.0
155,136,1.0
155,32,1.0
155,65,1.0
155,48,1.8944271909999157
155,102,1.0
155,128,1.0
155,107,1.0
155,71,1.0
155,341,1.0
155,213,1.0
155,118,1.0
155,270,1.0
156,50,1.0
156,182,1.0
156,293,1.0
156,255,1.0
156,279,1.0
156,381,1.0
156,171,1.0
156,248,1.0
156,162,1.0
156,309,1.0
156,210,1.0
156,263,1.0
156,174,1.0
156,383,1.0
156,217,1.0
156,220,1.0
156,104,1.0
156,142,1.0
156,249,1.0
156,201,1.0
157,200,1.0
157,40,1.0
157,196,1.0
157,295,1.0
157,366,1.0
157,21,1.0
157,301,1.0
157,222,1.0
157,358,1.0
157,45,1.0
157,285,1.0
157,236,1.0
157,154,1.198029508595335
157,58,1.0
157,308,1.0
157,290,1.0
157,127,1.0
157,153,1.0
157,95,1.0
157,31,1.2434322477800739
158,148,1.0
158,94,1.0
158,241,1.0
158,382,1.0
158,63,1.0
158,205,1.0
158,343,1.0
158,111,1.0
158,297,1.0
158,206,1.0
158,43,1.0
158,172,1.0
158,60,1.0
158,80,1.0
158,274,1.0
158,144,1.0
158,7,1.0
158,319,1.0
158,233,1.0
158,68,1.0
159,313,1.0
159,243,1.0
159,202,2.695996608010176
159,376,1.0
159,284,1.0
159,230,1.0
159,333,1.0
159,324,1.0
159,203,1.0
159,228,1.0
159,287,1.0
159,189,2.264911064067352
159,291,1.0
159,360,1.0
159,216,1.0
159,339,1.0
159,265,1.0
159,168,1.0
159,258,1.8944271909999157
159,180,1.0
160,341,1.0
160,190,1.0
160,106,1.0
160,340,1.0
160,33,1.0
160,325,1.0
160,98,1.0
160,161,1.0
160,277,1.0
160,100,1.0
160,155,1.0
160,186,1.0
160,70,1.0
160,61,1.0
160,20,1.0
160,107,1.0
160,118,1.0
160,266,1.0
160,66,1.0
160,365,1.0
161,33,1.0
161,306,1.0
161,190,1.0
161,132,1.0
161,302,1.0
161,365,1.0
161,66,1.0
161,261,1.0
161,147,1.9999999999999998
161,238,1.0
161,240,1.0
161,340,1.0
161,2,1.0
161,70,1.0
161,19,1.0
161,100,1.0
161,73,1.0
161,186,1.0
161,277,1.0
161,20,1.0
162,248,1.0
162,381,1.0
162,309,1.0
162,171,1.0
162,255,1.0
162,210,1.0
162,263,1.0
162,279,1.0
162,50,1.0
162,182,1.0
162,293,1.0
162,156,1.0
162,174,1.0
162,383,1.0
162,220,1.0
162,217,1.0
162,104,1.0
162,142,1.0
162,249,1.0
162,201,1.0
163,191,1.0
163,17,1.0
163,93,1.0
163,367,1.0
163,133,1.0
163,105,1.0
163,289,1.0
163,12,1.0
163,41,1.0
163,82,1.0
163,317,1.0
163,335,1.0
163,108,1.0
163,379,1.0
163,268,1.0
163,131,1.0
163,292,1.0
163,344,1.0
163,137,1.0
163,16,1.0
164,83,1.0
164,10,1.0
164,90,1.0
164,92,1.0
164,59,1.0
164,49,1.0
164,117,1.0
164,352,1.0
164,86,1.0
164,342,1.8944271909999157
164,275,1.0
164,364,1.0
164,276,1.0
164,87,1.0
164,110,1.0
164,373,1.0
164,22,1.0
164,77,1.0
164,91,1.0
164,256,1.0
165,269,1.0
165,138,1.0
165,54,1.0
165,218,1.0
165,307,1.0
165,303,1.0
165,130,1.0
165,166,1.0
165,197,1.0
165,123,1.0
165,286,1.0
165,212,1.0
165,237,1.0
165,192,1.0
165,207,1.0
165,36,1.0
165,334,1.0
165,329,1.0
165,359,1.0
165,296,1.0
166,307,1.0
166,303,1.0
166,218,3.0
166,138,1.0
166,269,1.0
166,165,1.0
166,54,1.0
166,130,1.0
166,237,1.0
166,192,1.0
166,123,1.0
166,286,1.0
166,197,1.0
166,212,1.0
166,207,1.0
166,36,1.0
166,334,1.0
166,329,1.0
166,359,1.0
166,273,1.0
167,215,1.0
167,264,1.5345224838248488
167,173,1.0
167,176,1.0
167,209,1.0
167,178,1.0
167,326,1.0
167,208,1.0
167,260,1.0
167,194,1.0
167,129,1.0
167,346,1.0
167,150,1.0
167,321,2.2786854563771204
167,278,1.0
167,305,1.0
167,244,1.0
167,185,1.0
167,177,1.0
167,227,1.0
168,265,2.0
168,225,1.0
168,258,1.0
168,339,1.0
168,180,1.0
168,189,1.0
168,287,1.0
168,324,1.0
168,203,1.0
168,228,1.0
168,230,1.0
168,376,1.0
168,284,1.0
168,333,1.0
168,313,1.0
168,243,1.0
168,202,1.0
168,159,1.0
168,360,1.0
168,291,1.0
169,221,1.0
169,125,1.0
169,120,1.0
169,26,1.0
169,30,1.0
169,370,1.0
169,4,1.2941176470588236
169,272,1.0
169,88,1.0
169,204,1.1657697348151297
169,13,1.0
169,109,1.0
169,141,1.0
169,24,1.198029508595335
169,28,1.0
169,214,1.0
169,183,1.0
169,137,1.0
169,9,2.872278990355893
169,131,1.0
170,280,2.414213562373095
170,250,1.0
170,135,1.0
170,375,1.0
170,254,1.0
170,357,1.0
170,177,1.0
170,185,1.0
170,244,1.0
170,278,1.0
170,361,1.0
170,150,1.0
170,363,1.0
170,232,1.0
170,321,1.0
170,262,1.0
170,188,1.0
170,129,1.0
170,194,1.0
170,208,1.0
171,279,1.0
171,182,1.0
171,293,1.9999999999999998
171,50,1.0
171,381,1.0
171,255,1.0
171,248,1.0
171,156,1.0
171,162,1.0
171,210,1.0
171,309,1.0
171,263,1.0
171,174,1.0
171,383,1.0
171,220,1.0
171,217,1.0
171,142,1.0
171,104,1.0
171,249,1.0
171,201,1.0
172,60,1.0
172,274,1.0
172,297,1.0
172,319,1.0
172,111,1.0
172,233,1.0
172,7,1.0
172,68,1.0
172,25,1.0
172,63,1.0
172,76,1.0
172,382,1.0
172,283,1.0
172,53,1.0
172,331,1.0
172,27,1.0
172,99,1.0
172,14,1.0
172,38,1.0
172,62,1.0
173,176,1.0
173,215,1.0
173,209,1.0
173,167,1.0
173,326,1.0
173,178,1.0
173,260,1.0
173,264,1.0
173,208,1.0
173,194,1.485071250072666
173,129,1.0
173,150,1.0
173,244,1.0
173,321,1.0
173,278,1.0
173,346,1.0
173,185,1.0
173,177,1.0
173,305,1.0
173,227,1.0
174,210,1.0
174,309,1.0
174,263,1.8164965809277258
174,383,1.0
174,220,1.0
174,162,1.0
174,104,1.0
174,142,1.0
174,248,1.0
174,381,1.0
174,171,1.0
174,249,1.0
174,217,1.0
174,255,1.0
174,279,1.0
174,182,1.0
174,293,1.0
174,50,1.0
174,156,1.0
174,201,1.0
175,245,1.8944271909999157
175,242,1.7071067811865475
175,181,1.0
175,145,2.296175115510991
175,134,1.0
175,374,1.0
175,311,1.0
175,330,1.0
175,253,1.0
175,349,1.0
175,235,1.0
175,353,1.0
175,369,1.0
175,151,1.0
175,332,1.0
175,288,1.0
175,139,1.0
175,298,1.0
175,216,1.0
175,291,1.0
176,173,1.0
176,215,1.0
176,209,1.0
176,167,1.0
176,326,1.0
176,178,1.0
176,260,2.8090680674665816
176,264,1.0
176,208,2.8090680674665816
176,194,1.0
176,129,1.0
176,150,1.0
176,244,1.0
176,321,1.0
176,278,1.0
176,346,1.0
176,185,1.0
176,177,1.0
176,305,1.0
176,227,1.0
177,185,1.0
177,244,1.0
177,150,1.0
177,278,1.0
177,194,1.0
177,208,1.0
177,321,1.0
177,129,1.0
177,178,1.0
177,326,1.0
177,209,1.0
177,167,1.0
177,215,1.0
177,173,1.0
177,176,1.0
177,346,1.0
177,264,1.0
177,227,1.0
177,260,1.0
177,250,1.0
178,326,1.0
178,209,1.0
178,208,1.0
178,194,1.0
178,167,1.0
178,215,1.0
178,173,1.0
178,176,1.0
178,129,1.5443310539518174
178,150,1.0
178,264,1.0
178,244,1.0
178,278,1.0
178,321,1.0
178,185,1.0
178,177,1.0
178,260,1.0
178,346,1.6666666666666665
178,305,1.0
178,227,1.5
179,368,1.0
179,320,1.0
179,338,1.0
179,251,1.0
179,198,1.0
179,312,1.0
179,327,1.0
179,188,1.0
179,380,1.0
179,350,1.0
179,363,1.0
179,361,1.0
179,357,1.0
179,217,1.0
179,314,1.0
179,220,1.0
179,239,1.0
179,249,1.0
179,254,1.0
179,104,1.1252448582170298
180,258,1.0
180,339,1.0
180,225,1.0
180,168,1.0
180,265,1.0
180,189,1.0
180,287,1.9999999999999998
180,230,1.0
180,324,1.0
180,203,2.414213562373095
180,228,1.0
180,376,1.0
180,284,1.0
180,333,2.414213562373095
180,313,1.0
180,243,1.0
180,202,1.1499063377991723
180,159,1.0
180,360,1.0
180,291,1.0
181,145,1.0
181,134,1.0
181,245,1.0
181,175,1.0
181,242,1.0
181,311,1.0
181,374,1.0
181,330,1.0
181,253,1.960768922830523
181,349,2.1547005383792515
181,353,1.0
181,235,1.0
181,332,1.0
181,369,1.0
181,151,1.3052190374866064
181,139,1.0
181,288,1.0
181,298,1.0
181,216,1.0
181,291,1.0
182,293,1.0
182,279,1.0
182,50,1.0
182,156,1.0
182,171,1.0
182,255,1.0
182,381,1.0
182,248,1.0
182,162,1.0
182,309,1.0
182,210,1.0
182,263,1.0
182,174,1.0
182,383,1.0
182,217,1.0
182,220,1.0
182,142,1.0
182,104,1.0
182,249,1.0
182,201,1.0
183,214,1.0
183,28,1.0
183,137,1.0
183,268,1.0
183,131,1.0
183,108,1.0
183,344,1.0
183,335,1.0
183,143,1.0
183,304,1.0
183,379,1.0
183,55,1.0
183,317,1.0
183,24,1.0
183,12,1.0
183,82,1.0
183,17,1.0
183,289,1.0
183,163,1.0
183,292,1.0
184,385,1.0
184,11,2.641219879724437
184,16,1.0
184,18,1.0
184,114,1.0
184,140,1.0
184,41,1.0
184,8,1.0
184,133,1.0
184,105,1.0
184,126,1.0
184,23,1.1111111111111112
184,42,1.0
184,191,1.0
184,149,1.0
184,367,1.0
184,93,1.0
184,289,1.0
184,163,1.0
184,17,1.0
185,177,1.0
185,244,1.0
185,150,1.0
185,278,1.0
185,194,1.0
185,321,1.0
185,208,1.0
185,129,1.0
185,178,1.0
185,326,1.0
185,209,1.0
185,167,1.0
185,215,1.0
185,173,1.0
185,176,1.0
185,346,1.0
185,264,1.0
185,260,1.0
185,227,1.0
185,250,1.0
186,20,1.0
186,61,2.0708993401928106
186,100,1.0
186,70,1.0
186,277,1.038880789567987
186,325,1.0
186,340,1.0
186,66,1.3086066999241839
186,365,1.0
186,2,1.1524329372026731
186,240,1.0
186,51,1.0
186,80,1.0
186,33,1.1415984650809576
186,19,1.0
186,336,1.0
186,52,1.0
186,118,1.0
186,148,1.0
186,387,1.0
187,226,1.0
187,234,1.0
187,259,1.0
187,35,1.0
187,56,1.0
187,195,1.0
187,113,1.0
187,43,1.2309401076758504
187,144,1.0
187,34,1.0
187,318,1.0
187,206,1.0
187,39,1.0
187,205,1.0
187,343,1.0
187,116,1.0
187,44,1.0
187,47,1.0
187,231,1.0
187,79,1.258198889747161
188,327,1.0
188,363,1.0
188,361,1.0
188,338,1.0
188,320,1.0
188,368,1.0
188,179,1.0
188,357,1.0
188,251,1.0
188,198,1.0
188,312,1.0
188,350,1.0
188,254,1.0
188,380,1.0
188,135,1.0
188,170,1.0
188,280,1.0
188,250,1.0
188,375,1.0
188,217,1.0
189,203,1.0
189,228,1.0
189,287,1.0
189,324,1.0
189,265,1.0
189,168,1.0
189,284,1.0
189,376,2.264911064067352
189,230,2.264911064067352
189,333,1.0
189,339,2.264911064067352
189,225,1.0
189,258,1.5656854249492378
189,180,1.0
189,313,1.0
189,202,2.0726424370463854
189,243,1.0
189,159,2.264911064067352
189,360,1.0
189,291,1.0
190,161,1.0
190,106,1.0
190,33,1.0
190,302,1.0
190,306,1.0
190,132,1.0
190,340,1.0
190,261,1.0
190,147,1.0
190,365,1.0
190,66,1.0
190,238,1.0
190,240,1.0
190,100,1.0
190,70,1.0
190,277,1.0
190,341,1.0
190,2,1.0
190,186,1.0
190,160,1.0
191,163,1.0
191,93,1.0
191,17,1.0
191,367,1.0
191,105,2.333333333333333
191,133,1.0
191,289,1.0
191,41,1.0
191,12,1.0
191,82,1.632455532033676
191,317,1.0
191,16,1.0
191,385,1.0
191,108,1.0
191,335,1.0
191,379,1.0
191,11,1.0
191,184,1.0
191,292,1.0
191,268,1.0
192,237,1.0
192,207,1.0
192,123,1.0
192,334,1.0
192,36,1.0
192,329,1.0
192,212,1.0
192,286,1.0
192,197,1.0
192,359,1.0
192,166,1.0
192,307,1.0
192,303,1.0
192,218,1.0
192,138,1.0
192,165,1.0
192,269,1.0
192,54,1.2222222222222223
192,130,1.0
192,273,1.0
193,305,1.0
193,264,1.0
193,346,1.0
193,180,1.0
193,167,1.0
193,215,1.0
193,225,1.0
193,258,1.0
193,347,1.0
193,339,1.0
193,168,1.0
193,260,1.0
193,265,1.0
193,173,1.0
193,176,1.0
193,348,1.0
193,189,1.0
193,287,1.0
193,230,1.0
193,324,1.0
194,208,1.0
194,150,1.1833396994056422
194,129,1.0
194,244,1.0
194,178,1.0
194,278,1.0
194,326,1.0
194,321,1.0
194,185,1.0
194,177,1.0
194,209,1.2800560168056019
194,167,1.0
194,215,1.0
194,173,1.485071250072666
194,176,1.0
194,264,1.0
194,346,1.0
194,260,1.0
194,305,1.199888981395831
194,227,1.0
195,113,1.0
195,318,1.0
195,34,1.0
195,39,1.0
195,144,1.0
195,116,1.0
195,206,1.0
195,43,1.0
195,44,1.0
195,56,1.0
195,79,1.0
195,343,1.0
195,205,1.0
195,199,1.0
195,37,1.0
195,294,1.0
195,47,1.0
195,231,1.0
195,78,1.0
195,63,1.0
196,295,1.0
196,157,1.0
196,200,1.0
196,40,1.0
196,366,1.0
196,21,1.0
196,42,1.0
196,301,1.0
196,8,1.0
196,222,1.0
196,140,1.0
196,358,1.0
196,45,1.0
196,236,1.0
196,23,1.0
196,58,1.2294157338705618
196,114,1.0
196,285,1.0
196,308,1.0
196,149,1.0
197,286,1.0
197,212,1.0
197,123,1.0
197,237,1.0
197,192,1.0
197,207,1.0
197,334,1.0
197,329,1.0
197,359,1.0
197,166,1.0
197,36,1.0
197,307,1.0
197,303,1.0
197,218,1.0
197,138,1.0
197,165,1.0
197,269,1.0
197,54,1.0
197,273,1.0
197,130,1.0
198,251,1.0
198,179,1.0
198,312,1.0
198,368,1.0
198,320,1.0
198,338,1.0
198,380,1.0
198,327,1.0
198,350,1.0
198,188,1.0
198,363,1.0
198,361,1.0
198,357,1.0
198,217,1.0
198,314,1.0
198,239,1.0
198,220,1.0
198,249,1.0
198,104,1.0
198,383,1.0
199,294,1.0
199,79,1.0
199,78,1.0
199,116,1.0
199,37,1.0
199,39,1.0
199,44,1.0
199,126,1.0
199,34,1.0
199,47,1.0
199,318,1.0
199,231,1.0
199,236,1.0
199,45,1.0
199,38,1.0
199,295,1.0
199,308,1.0
199,184,1.0
199,385,1.0
199,16,1.0
200,157,1.0
200,40,1.0
200,196,1.0
200,295,1.0
200,366,1.0
200,21,1.0
200,301,1.0
200,222,1.0
200,358,1.0
200,45,1.0
200,285,1.0
200,236,1.0
200,154,1.0
200,58,1.0
200,308,1.0
200,290,1.0
200,127,1.0
200,153,1.0
200,95,1.0
200,31,1.0
201,300,1.0
201,122,1.0
201,246,1.0
201,239,1.0
201,249,1.0
201,314,1.0
201,142,1.0
201,104,1.0
201,220,1.0
201,383,1.0
201,174,1.0
201,210,1.0
201,263,1.0
201,309,1.0
201,217,1.0
201,380,1.0
201,162,1.0
201,248,1.0
201,381,1.0
201,171,1.0
202,243,1.847998304005088
202,313,1.0
202,284,1.0
202,376,1.0
202,333,1.211999576001272
202,159,2.695996608010176
202,203,1.211999576001272
202,228,1.847998304005088
202,324,1.211999576001272
202,230,1.0
202,287,1.1499063377991723
202,189,2.0726424370463854
202,265,1.0
202,168,1.0
202,339,1.0
202,258,1.7584727410239638
202,225,1.0
202,180,1.1499063377991723
202,291,1.0
202,360,1.0
203,228,1.0
203,324,1.0
203,287,2.414213562373095
203,189,1.0
203,376,1.0
203,284,1.0
203,230,1.0
203,333,3.0
203,265,1.0
203,168,1.0
203,313,1.0
203,339,1.0
203,258,1.0
203,243,1.0
203,202,1.211999576001272
203,225,1.0
203,180,2.414213562373095
203,159,1.0
203,360,1.0
203,291,1.0
204,109,1.8023687558959134
204,4,1.1657697348151297
204,13,1.8363729343643096
204,272,1.1708715315433522
204,141,1.013951602128303
204,88,1.0
204,24,1.0523185079811368
204,26,1.0
204,370,1.0
204,28,1.0473912360382014
204,214,1.0
204,183,1.1208244186660354
204,30,1.0
204,131,1.0
204,137,1.0
204,335,1.0
204,268,1.0
204,108,1.049326362366699
204,344,1.0
204,143,1.0392006178066049
205,343,1.0
205,43,1.5163977794943222
205,206,1.0
205,144,1.0
205,94,1.0
205,241,1.0
205,63,1.0
205,158,1.0
205,382,1.0
205,111,1.0
205,297,1.0
205,113,1.0
205,172,1.0
205,318,1.0
205,44,1.0
205,148,1.0
205,195,1.0
205,319,1.0
205,56,1.0
205,60,1.0
206,144,1.0
206,343,1.0
206,43,1.0
206,205,1.0
206,113,1.0
206,318,1.0
206,44,1.0
206,63,1.0
206,195,1.0
206,241,1.0
206,94,1.0
206,297,1.0
206,111,1.0
206,34,1.0
206,382,1.0
206,172,1.0
206,116,1.0
206,158,1.0
206,319,1.0
206,79,1.0
207,192,1.0
207,237,1.0
207,36,1.0
207,334,1.0
207,329,1.0
207,359,1.0
207,123,1.0
207,212,1.0
207,286,1.0
207,197,1.0
207,166,1.0
207,307,1.0
207,303,1.0
207,218,1.0
207,138,1.0
207,165,1.0
207,269,1.0
207,54,1.0
207,130,1.0
207,273,1.0
208,194,1.0
208,178,1.0
208,326,1.0
208,150,1.0
208,129,1.0
208,209,1.0
208,244,1.0
208,278,1.0
208,321,1.0
208,185,1.0
208,177,1.0
208,167,1.0
208,215,1.0
208,173,1.0
208,176,2.8090680674665816
208,264,1.0
208,346,1.0
208,260,3.0
208,305,1.0
208,227,1.0
209,326,1.0
209,178,1.0
209,173,1.0
209,176,1.0
209,215,1.0
209,167,1.0
209,208,1.0
209,194,1.2800560168056019
209,264,1.0
209,260,1.0
209,129,1.0
209,150,1.0
209,244,1.0
209,278,1.0
209,321,1.0
209,185,1.0
209,177,1.0
209,346,1.0
209,305,1.4758309514308865
209,227,1.0
210,309,1.0
210,263,1.0
210,174,1.0
210,162,1.0
210,383,1.0
210,248,1.0
210,381,1.0
210,220,1.0
210,171,1.0
210,255,1.0
210,279,1.0
210,182,1.0
210,293,1.0
210,50,1.0
210,104,1.0
210,142,1.0
210,156,1.0
210,217,1.0
210,249,1.0
210,201,1.0
211,6,1.0
211,146,1.0
211,9,1.0
211,112,1.0
211,152,1.0
211,89,1.0
211,257,1.0
211,377,1.0
211,281,1.0
211,120,1.0
211,256,1.0
211,125,1.0
211,302,1.0
211,221,1.0
211,328,1.0
211,169,1.0
211,64,1.0
211,85,1.0
211,261,1.0
211,110,1.0
212,286,1.0
212,197,1.0
212,123,1.0
212,237,1.0
212,192,1.0
212,207,1.0
212,334,1.0
212,329,1.0
212,359,1.0
212,36,1.0
212,166,1.0
212,307,1.0
212,303,1.0
212,218,1.0
212,138,1.0
212,165,1.0
212,269,1.0
212,54,1.0
212,273,1.0
212,130,1.0
213,270,1.0
213,299,1.0
213,71,1.0
213,102,1.0
213,57,1.0
213,128,1.0
213,282,1.0
213,103,1.0
213,229,1.0
213,74,1.0
213,267,1.0
213,136,1.0
213,119,1.0
213,65,1.0
213,46,1.0
213,48,1.0
213,266,1.0
213,32,1.0
213,72,1.0
213,155,1.0
214,183,1.0
214,28,1.0
214,137,1.0
214,131,1.0
214,268,1.0
214,335,1.0
214,108,1.0
214,344,1.0
214,143,1.0
214,24,1.0
214,304,1.0
214,379,1.0
214,55,1.0
214,317,1.0
214,12,1.0
214,82,1.316227766016838
214,17,1.0
214,289,1.0
214,163,1.0
214,109,1.0
215,167,1.0
215,173,1.0
215,176,1.0
215,264,1.0
215,209,1.0
215,326,1.0
215,178,1.0
215,260,1.0
215,208,1.0
215,194,1.0
215,129,1.0
215,346,1.0
215,150,1.0
215,321,1.0
215,305,1.0
215,278,1.0
215,244,1.0
215,185,1.0
215,177,1.0
215,227,1.0
216,291,1.0
216,360,1.0
216,159,1.0
216,313,1.0
216,243,1.0
216,202,1.0
216,230,1.0
216,376,1.0
216,284,1.0
216,333,1.0
216,324,1.0
216,287,1.0
216,203,1.0
216,228,1.0
216,189,1.0
216,339,1.0
216,258,1.0
216,265,1.0
216,139,2.7888543819998315
216,168,1.0
217,383,1.0
217,220,1.0
217,263,1.0
217,309,1.0
217,174,1.0
217,210,1.0
217,162,1.0
217,248,1.0
217,381,1.0
217,104,1.0
217,255,1.0
217,249,1.0
217,171,1.0
217,142,1.0
217,350,1.0
217,50,1.0
217,156,1.0
217,279,1.0
217,182,1.0
217,293,1.0
218,307,1.0
218,303,1.0
218,138,1.0
218,165,1.0
218,269,1.0
218,54,1.0
218,130,1.0
218,166,3.0
218,197,1.0
218,123,1.0
218,286,1.0
218,212,1.0
218,237,1.0
218,192,1.0
218,207,1.0
218,36,1.0
218,334,1.0
218,329,1.0
218,359,1.0
218,296,1.0
219,124,1.0
219,386,1.0
219,354,1.0
219,355,1.0
219,315,1.0
219,252,1.0
219,348,1.0
219,347,1.0
219,345,1.0
219,262,1.0
219,232,1.0
219,346,1.0
219,305,1.0
219,321,1.0
219,129,1.0
219,193,1.0
219,278,1.0
219,375,1.0
219,244,1.0
219,194,1.0
220,383,1.0
220,104,1.0
220,174,1.0
220,142,1.0
220,263,1.0
220,249,1.0
220,309,1.0
220,210,1.0
220,217,1.0
220,162,1.0
220,248,1.0
220,201,1.0
220,381,1.0
220,171,1.0
220,255,1.0
220,300,1.0
220,122,1.0
220,279,1.0
220,246,1.0
220,182,1.0
221,125,1.0
221,169,1.0
221,120,1.0
221,26,1.0
221,370,1.0
221,30,1.0
221,4,1.0
221,204,1.1610992248880472
221,272,1.0
221,109,2.264911064067352
221,13,1.13572975961581
221,88,1.0
221,141,1.0
221,24,1.0
221,28,1.0
221,214,1.0
221,183,1.0
221,9,1.0
221,304,1.0
221,137,1.0
222,301,1.5
222,358,1.0
222,154,1.0
222,290,1.0
222,21,1.0
222,285,1.0
222,95,1.0
222,40,1.0
222,366,1.0
222,157,1.0
222,200,1.0
222,101,1.0
222,153,1.0
222,127,1.0
222,115,1.0
222,84,1.0
222,5,1.0
222,31,1.0
222,97,1.0
222,3,1.0
223,224,1.0
223,292,1.0
223,29,1.0617213399848369
223,55,1.0
223,82,1.0
223,379,1.0
223,304,1.0
223,317,1.0
223,143,1.0
223,149,1.0
223,12,1.0
223,289,1.0
223,344,1.0
223,41,1.0
223,18,1.0
223,23,1.0
223,108,1.0
223,114,1.0
223,11,1.0
223,133,1.5773502691896257
224,223,1.0
224,55,1.0
224,29,1.0
224,292,1.0
224,304,1.0
224,149,1.0
224,143,1.0
224,82,1.0
224,379,1.0
224,317,1.0
224,23,1.0
224,18,1.0
224,344,1.0
224,12,1.0
224,289,1.0
224,114,1.0
224,41,1.0
224,42,1.0
224,108,1.0
224,11,1.0
225,168,1.0
225,265,1.0
225,258,1.0
225,180,1.0
225,339,1.0
225,189,1.0
225,287,1.0
225,203,1.0
225,228,1.0
225,324,1.0
225,230,1.0
225,284,1.0
225,376,1.0
225,333,1.0
225,313,1.0
225,243,1.0
225,202,1.0
225,159,1.0
225,360,1.0
225,291,1.0
226,259,1.0
226,187,1.0
226,234,1.2474358296526968
226,56,1.0
226,35,1.0
226,195,1.0
226,113,1.0
226,43,1.4140393356054126
226,144,1.0
226,206,1.0
226,205,1.0
226,34,1.0
226,318,1.0
226,343,1.0
226,39,1.0
226,116,1.0
226,44,1.0
226,158,1.0
226,79,1.0
226,47,1.0
227,316,1.0
227,209,1.0
227,326,1.0
227,260,1.0
227,173,1.0
227,176,1.0
227,178,1.5
227,208,1.0
227,177,1.0
227,194,1.0
227,150,1.0
227,185,1.0
227,244,1.0
227,215,1.0
227,167,1.0
227,278,1.0
227,129,1.0
227,264,1.0
227,321,1.0
227,346,2.5
228,203,1.0
228,324,1.0
228,287,1.0
228,189,1.0
228,376,1.0
228,284,1.0
228,230,1.0
228,333,1.0
228,265,1.0
228,168,1.0
228,313,1.0
228,339,1.0
228,258,1.0
228,243,3.0
228,202,1.847998304005088
228,225,1.0
228,180,1.0
228,159,1.0
228,360,1.0
228,291,1.0
229,57,1.076696498884737
229,299,1.0
229,270,1.0
229,213,1.0
229,71,1.0
229,102,1.0
229,282,1.0
229,128,1.0
229,103,2.0
229,74,1.0
229,267,1.0
229,136,1.0
229,119,1.0
229,266,1.0
229,46,1.0
229,65,1.0
229,155,1.0
229,48,1.0
229,32,1.0
229,72,1.0
230,287,1.0
230,324,1.0
230,203,1.0
230,228,1.0
230,376,3.0
230,284,1.0
230,189,2.264911064067352
230,313,1.0
230,339,3.0
230,333,1.0
230,265,1.0
230,168,1.0
230,258,1.0
230,180,1.0
230,243,1.0
230,159,1.0
230,202,1.0
230,225,1.0
230,360,1.0
230,291,1.0
231,47,1.0
231,39,1.0
231,199,1.0
231,294,1.0
231,116,1.0
231,34,1.0
231,126,1.0
231,79,1.0
231,16,1.0
231,78,1.0
231,385,1.0
231,318,1.0
231,37,1.0
231,184,1.0
231,44,1.0
231,105,1.0
231,367,1.0
231,195,1.0
231,93,1.0
231,113,1.0
232,262,1.0
232,345,1.0
232,375,1.0
232,280,1.0
232,250,1.0
232,170,1.0
232,135,1.0
232,321,1.0
232,278,1.0
232,254,1.0
232,129,1.0
232,185,1.0
232,244,1.0
232,177,1.0
232,346,1.0
232,150,1.0
232,386,1.0
232,124,1.0
232,252,1.0
232,194,1.0
233,319,1.0
233,274,1.0
233,25,1.019389168358237
233,60,1.0
233,172,1.0
233,68,1.1690308509457032
233,7,1.0
233,331,1.0
233,76,1.0
233,283,1.0
233,27,1.0
233,99,1.0
233,53,1.0
233,297,1.0
233,14,1.1304222633502756
233,111,1.0
233,38,1.0
233,1,1.0
233,81,1.0
233,3,1.049180740904221
234,187,1.0
234,35,1.0
234,226,1.2474358296526968
234,259,2.2344267996967355
234,56,2.027105182026191
234,195,1.0
234,113,1.0
234,34,1.0
234,39,1.0
234,318,1.0
234,43,1.0796819072889596
234,144,1.0
234,116,1.0
234,206,1.0
234,231,1.0
234,47,1.0
234,205,1.0
234,343,1.0
234,44,1.0
234,79,1.0
235,349,1.0
235,253,1.0
235,369,1.0
235,151,1.0
235,330,1.0
235,288,1.0
235,242,1.0
235,175,1.0
235,245,1.0
235,181,1.0
235,145,1.0
235,134,1.0
235,374,1.0
235,311,1.0
235,332,1.0
235,353,1.0
235,139,1.0
235,298,1.0
235,310,1.0
235,291,1.0
236,45,1.0
236,308,1.0
236,366,1.0
236,21,1.0
236,38,1.0
236,295,1.0
236,14,1.0
236,81,1.0
236,1,1.0
236,3,1.0
236,157,1.0
236,200,1.0
236,285,1.0
236,358,1.0
236,99,1.0
236,27,1.0
236,31,1.0
236,196,1.0
236,127,1.0
236,78,1.0
237,192,1.0
237,207,1.0
237,123,1.0
237,334,1.0
237,329,1.0
237,212,1.0
237,286,1.0
237,36,1.0
237,197,1.0
237,359,1.0
237,166,1.0
237,307,1.0
237,303,1.0
237,218,1.0
237,138,1.0
237,165,1.0
237,269,1.0
237,54,1.0
237,130,1.0
237,273,1.0
238,147,1.0
238,261,1.0
238,306,1.0
238,132,1.0
238,73,1.0
238,58,1.0
238,96,1.0
238,19,1.0
238,153,1.0
238,5,1.0
238,224,1.0
238,240,1.0
238,365,1.0
238,66,2.333333333333333
238,40,1.0
238,336,1.0
238,2,1.0
238,222,1.0
238,154,1.0
238,301,1.0
239,314,1.0
239,300,1.0
239,122,1.0
239,201,1.0
239,246,1.0
239,249,1.0
239,104,1.0
239,142,1.0
239,220,1.0
239,383,1.0
239,380,1.0
239,174,1.0
239,263,1.0
239,210,1.0
239,309,1.0
239,217,1.0
239,350,1.0
239,312,1.0
239,162,1.0
239,248,1.0
240,66,1.0
240,365,1.0
240,2,1.0
240,19,1.0
240,336,1.0
240,132,1.0
240,73,1.0
240,96,1.3651483716701107
240,70,1.0
240,52,1.0
240,387,1.0
240,80,1.0
240,186,1.0
240,20,1.0
240,62,1.0
240,5,1.0
240,15,1.0
240,351,1.0
240,97,1.0
240,33,1.0
241,94,1.0
241,382,1.0
241,63,2.414213562373095
241,111,1.0
241,158,1.0
241,297,2.714985851425088
241,148,1.0
241,172,1.0
241,60,1.262612865719445
241,343,1.0
241,274,1.5773502691896257
241,7,1.0
241,319,1.0
241,205,1.0
241,80,1.0
241,233,1.0
241,68,1.0
241,76,1.0
241,53,1.0
241,25,1.0
242,245,1.0
242,175,1.7071067811865475
242,181,1.0
242,145,2.3008872711759816
242,134,1.0
242,374,1.0
242,311,1.0
242,330,1.0
242,253,1.0
242,349,1.0
242,235,1.0
242,369,1.0
242,151,1.0
242,353,1.0
242,332,1.0
242,288,1.0
242,139,1.0
242,298,1.0
242,216,1.0
242,291,1.0
243,202,1.847998304005088
243,313,1.0
243,159,1.0
243,376,1.0
243,284,1.0
243,333,1.0
243,324,1.0
243,203,1.0
243,228,3.0
243,230,1.0
243,287,1.0
243,189,1.0
243,265,1.0
243,168,1.0
243,339,1.0
243,258,1.0
243,291,1.0
243,180,1.0
243,360,1.0
243,225,1.0
244,150,1.0
244,185,1.0
244,177,1.0
244,278,1.0
244,194,1.0
244,208,1.0
244,321,1.0
244,129,1.0
244,178,1.0
244,326,1.0
244,209,1.0
244,167,1.0
244,215,1.0
244,173,1.0
244,176,1.0
244,346,1.0
244,264,1.0
244,260,1.0
244,227,1.0
244,250,1.0
245,175,1.8944271909999157
245,242,1.0
245,181,1.0
245,145,1.5983660736054126
245,134,1.0
245,374,1.0
245,311,1.0
245,330,1.0
245,253,1.0
245,349,1.0
245,235,1.0
245,353,1.0
245,369,1.0
245,151,1.0
245,332,1.0
245,288,1.0
245,139,1.0
245,298,1.0
245,216,1.0
245,291,1.0
246,300,2.9402850002906638
246,122,1.5185629788417314
246,201,1.0
246,239,1.0
246,249,1.0
246,142,1.0
246,314,1.0
246,104,1.0
246,220,1.0
246,174,1.0
246,383,1.0
246,210,1.0
246,263,1.0
246,309,1.0
246,217,1.0
246,162,1.0
246,248,1.0
246,171,1.0
246,381,1.0
246,380,1.0
247,372,1.0
247,98,1.0
247,69,1.416198735628384
247,322,1.0
247,155,1.0
247,282,1.0
247,103,1.0
247,74,1.0
247,160,1.0
247,266,1.0
247,299,1.0
247,229,1.0
247,341,1.0
247,57,1.0
247,267,1.0
247,119,1.0
247,213,1.0
247,102,1.0
247,270,1.0
247,128,1.6620847108818944
248,381,1.0
248,162,1.0
248,255,1.0
248,171,1.0
248,50,1.0
248,279,1.0
248,182,1.0
248,293,1.0
248,156,1.0
248,309,1.0
248,263,1.0
248,210,1.0
248,174,1.0
248,383,1.0
248,217,1.0
248,220,1.0
248,104,1.0
248,142,1.0
248,249,1.0
248,201,1.0
249,104,1.0
249,142,1.0
249,201,1.0
249,220,1.0
249,300,1.0
249,122,1.0
249,383,1.0
249,246,1.0
249,174,1.0
249,239,1.0
249,314,1.0
249,263,1.0
249,210,1.0
249,309,1.0
249,217,1.0
249,162,1.0
249,248,1.0
249,381,1.0
249,171,1.0
249,255,1.0
250,170,1.0
250,280,1.0
250,135,1.0
250,375,1.0
250,254,1.0
250,357,1.0
250,177,1.0
250,185,1.0
250,244,1.0
250,278,1.0
250,150,1.0
250,321,1.0
250,232,1.0
250,361,1.0
250,262,1.0
250,129,1.0
250,363,1.0
250,194,1.0
250,208,1.0
250,188,1.0
251,368,1.0
251,179,1.0
251,198,1.0
251,320,1.0
251,338,1.0
251,312,1.0
251,327,1.0
251,188,1.0
251,380,1.0
251,350,1.0
251,363,1.0
251,361,1.0
251,357,1.0
251,217,1.0
251,314,1.0
251,239,1.0
251,220,1.0
251,249,1.0
251,104,1.0
251,201,1.0
252,348,1.0
252,315,1.0
252,347,1.0
252,354,1.0
252,355,1.0
252,386,1.0
252,219,1.0
252,124,1.0
252,345,1.0
252,232,1.0
252,346,1.0
252,262,1.0
252,305,1.274721127897378
252,193,1.0
252,321,1.0
252,129,1.0
252,278,1.0
252,264,1.0
252,167,1.0
252,194,1.0
253,349,2.664100588675687
253,235,1.0
253,369,1.0
253,151,1.4765230695442355
253,330,1.0
253,288,1.0
253,242,1.0
253,175,1.0
253,245,1.0
253,181,1.960768922830523
253,145,1.0
253,134,1.0
253,311,1.0
253,374,1.0
253,332,1.0
253,353,1.0
253,298,1.0
253,139,1.0
253,310,2.664100588675687
253,291,1.0
254,135,1.0
254,170,1.0
254,280,1.0
254,250,1.0
254,375,1.0
254,357,1.0
254,361,1.0
254,363,1.0
254,188,1.0
254,327,1.0
254,177,1.0
254,185,1.0
254,244,1.0
254,278,1.0
254,150,1.0
254,338,1.0
254,320,1.0
254,232,1.0
254,262,1.0
254,368,1.0
255,381,1.7559289460184544
255,50,1.0
255,156,1.0
255,248,1.0
255,182,1.0
255,293,1.0
255,171,1.0
255,279,1.0
255,162,1.0
255,309,1.0
255,263,1.0
255,210,1.0
255,174,1.0
255,383,1.0
255,217,1.0
255,220,1.0
255,104,1.0
255,142,1.2519763153394847
255,249,1.0
255,201,1.0
256,257,1.0
256,152,1.0
256,89,1.0
256,281,1.0
256,377,1.0
256,112,1.0
256,64,1.0
256,328,1.0
256,85,1.0
256,87,1.0
256,121,1.0
256,110,1.0
256,342,1.0
256,364,1.0
256,275,1.0
256,86,1.0
256,211,1.0
256,6,1.0
256,49,1.0
256,352,1.5773502691896257
257,152,1.0
257,256,1.0
257,89,1.0
257,281,1.0
257,377,1.0
257,112,1.0
257,328,1.0
257,64,1.0
257,85,1.2051956704170308
257,211,1.0
257,6,1.0
257,146,1.0
257,121,1.0
257,9,1.0
257,87,1.0
257,110,1.0
257,342,1.0
257,356,1.0
257,364,1.0
257,275,1.0
258,180,1.0
258,339,1.0
258,168,1.0
258,225,1.0
258,265,1.0
258,189,1.5656854249492378
258,287,1.0
258,230,1.0
258,324,1.0
258,203,1.0
258,228,1.0
258,376,1.0
258,284,1.0
258,333,1.0
258,313,1.0
258,243,1.0
258,202,1.7584727410239638
258,159,1.8944271909999157
258,360,1.0
258,291,1.0
259,226,1.0
259,187,1.0
259,234,2.2344267996967355
259,56,2.664100588675687
259,35,1.0
259,195,1.0
259,113,1.0
259,43,1.0
259,144,1.0
259,205,1.0
259,206,1.0
259,343,1.0
259,34,1.0
259,318,1.0
259,39,1.0
259,116,1.0
259,371,1.0
259,44,1.0
259,158,1.0
259,79,1.0
260,173,1.0
260,176,2.8090680674665816
260,215,1.0
260,209,1.0
260,167,1.0
260,264,1.0
260,326,1.0
260,178,1.0
260,208,3.0
260,194,1.0
260,129,1.0
260,305,1.0
260,227,1.0
260,150,1.0
260,316,1.0
260,244,1.0
260,346,1.0
260,321,1.0
260,278,1.0
260,185,1.0
261,238,1.0
261,147,1.0
261,306,1.0
261,132,1.0
261,73,1.0
261,58,1.0
261,19,1.0
261,96,1.0
261,153,1.0
261,5,1.0
261,224,1.0
261,302,1.0
261,240,1.0
261,365,1.0
261,66,1.0
261,161,1.0
261,40,1.0
261,2,1.0
261,223,1.0
261,336,1.0
262,232,1.0
262,345,1.0
262,375,1.0
262,280,1.0
262,250,1.0
262,170,1.0
262,135,1.0
262,254,1.0
262,321,1.0
262,278,1.0
262,386,1.0
262,124,1.0
262,185,1.0
262,129,1.0
262,244,1.0
262,177,1.0
262,346,1.0
262,150,1.0
262,252,1.0
262,194,1.0
263,309,1.0
263,210,1.0
263,174,1.8164965809277258
263,383,1.0
263,162,1.0
263,248,1.0
263,220,1.0
263,381,1.0
263,171,1.0
263,255,1.0
263,279,1.0
263,217,1.0
263,104,1.0
263,182,1.0
263,293,1.0
263,50,1.0
263,142,1.0
263,156,1.0
263,249,1.0
263,201,1.0
264,167,1.5345224838248488
264,215,1.0
264,173,1.0
264,176,1.0
264,209,1.0
264,178,1.0
264,326,1.0
264,260,1.0
264,305,1.0
264,346,1.0
264,208,1.0
264,194,1.0
264,129,1.0
264,321,1.0
264,150,1.0
264,278,1.0
264,244,1.0
264,185,1.0
264,177,1.0
264,227,1.0
265,168,2.0
265,225,1.0
265,258,1.0
265,189,1.0
265,339,1.0
265,180,1.0
265,287,1.0
265,203,1.0
265,228,1.0
265,324,1.0
265,230,1.0
265,284,1.0
265,376,1.0
265,333,1.0
265,313,1.0
265,243,1.0
265,202,1.0
265,159,1.0
265,360,1.0
265,291,1.0
266,119,1.0
266,267,1.0
266,46,1.0
266,72,1.0
266,136,1.0
266,32,1.0
266,65,1.0
266,48,1.0
266,74,1.0
266,103,1.0
266,155,1.0
266,282,1.0
266,128,1.0
266,102,1.0
266,107,1.0
266,118,1.0
266,71,1.0
266,213,1.0
266,51,1.0
266,270,1.0
267,119,1.0
267,46,1.0
267,136,1.0
267,266,1.0
267,65,1.0
267,48,1.0
267,32,1.0
267,72,1.0
267,74,1.0
267,103,1.0
267,128,1.0
267,102,1.0
267,282,1.0
267,155,1.0
267,71,1.0
267,107,1.0
267,213,1.0
267,270,1.0
267,118,1.0
267,299,1.0
268,137,1.0
268,108,1.0
268,344,1.0
268,131,1.0
268,335,1.0
268,143,1.0
268,379,1.0
268,317,1.0
268,183,1.0
268,214,1.0
268,12,1.0
268,82,1.0
268,17,1.3015113445777635
268,289,1.0
268,55,1.0
268,28,2.176696810829104
268,304,1.0
268,163,1.0
268,292,1.0
268,191,1.0
269,165,1.0
269,138,1.0
269,54,1.4444444444444444
269,218,1.0
269,307,1.4
269,303,1.2309401076758504
269,130,1.282842712474619
269,166,1.0
269,197,1.0
269,123,1.0678551143743977
269,286,1.0
269,212,1.0
269,237,1.0
269,192,1.0
269,207,1.0
269,36,1.2529822128134702
269,334,1.0
269,329,1.0
269,359,1.0
269,296,1.0
270,213,1.0
270,299,1.0
270,71,1.0
270,57,1.0
270,102,1.0
270,128,1.0
270,282,1.0
270,229,1.0
270,103,1.0
270,74,1.0
270,267,1.0
270,136,1.0
270,119,1.0
270,65,1.0
270,46,1.0
270,48,1.0
270,266,1.0
270,32,1.0
270,72,1.0
270,155,1.0
271,121,1.0
271,323,1.0
271,85,1.2649064714130087
271,256,1.0
271,64,1.0
271,384,1.0
271,257,1.0
271,152,1.0
271,281,1.0
271,356,1.0
271,342,1.0
271,377,1.0
271,89,1.0
271,49,1.0
271,328,1.0
271,90,1.0
271,83,1.0
271,87,1.0
271,86,1.0
271,164,1.0
272,88,1.0
272,13,1.0
272,141,1.1632993161855452
272,4,1.0
272,204,1.1708715315433522
272,109,1.0
272,370,1.0
272,26,1.0
272,24,1.0
272,30,1.0
272,28,1.0
272,214,1.0
272,183,1.0
272,131,1.0
272,137,1.0
272,335,1.0
272,169,1.0
272,268,1.0
272,221,1.0
272,108,1.0
273,371,1.0
273,71,1.0
273,57,1.0
273,270,1.0
273,213,1.0
273,229,1.0
273,299,1.0
273,259,1.0
273,128,1.0
273,102,1.0
273,226,1.0
273,187,1.0
273,136,1.0
273,65,1.0
273,48,1.0
273,267,1.0
273,46,1.0
273,32,1.0
273,282,1.0
273,103,1.0
274,233,1.0
274,60,1.0
274,319,1.0
274,172,1.0
274,7,1.0
274,25,1.0
274,68,1.0
274,76,1.0700140042014006
274,283,1.0
274,297,1.198029508595335
274,331,1.0
274,53,1.0
274,111,1.0
274,27,1.0
274,99,1.0
274,14,1.0
274,63,1.8164965809277263
274,382,1.0
274,38,1.1781741612749497
274,1,1.0
275,364,1.0
275,86,1.0
275,87,1.0
275,110,1.0
275,352,1.0
275,276,1.0
275,59,1.063887656499994
275,342,1.0
275,90,1.0
275,117,1.0
275,49,1.0
275,10,1.0
275,83,1.0
275,164,1.0
275,92,1.0
275,22,1.0
275,77,1.0
275,373,1.0
275,256,1.0
275,91,1.0
276,352,1.0
276,117,1.0
276,59,1.4545686450484947
276,275,1.0
276,364,1.0
276,86,1.0
276,110,1.0
276,22,1.0
276,92,1.0
276,87,1.0737209780774486
276,10,1.9061030445113443
276,90,1.0
276,164,1.0
276,83,1.223606797749979
276,77,1.0
276,49,1.0
276,342,1.0
276,373,1.0
276,91,1.0
276,256,1.0
277,100,1.0
277,186,1.038880789567987
277,61,1.0
277,20,1.0
277,325,1.0
277,70,1.0
277,340,1.0
277,66,1.0
277,365,1.0
277,2,1.138289968940837
277,240,1.0
277,51,1.0
277,33,1.0
277,118,1.0
277,80,1.0796819072889596
277,19,1.0
277,336,1.0
277,52,1.0
277,148,1.1781741612749497
277,132,1.0
278,321,1.0
278,244,1.0
278,150,1.0
278,129,1.0
278,185,1.0
278,194,1.0
278,177,1.0
278,208,1.0
278,178,1.0
278,326,1.0
278,209,1.0
278,346,1.0
278,167,1.0
278,215,1.0
278,173,1.0
278,176,1.0
278,264,1.0
278,260,1.0
278,305,1.0
278,250,1.0
279,171,1.0
279,182,1.0
279,293,1.0
279,50,1.0
279,156,1.0
279,255,1.0
279,381,1.0
279,248,1.0
279,162,1.0
279,210,1.0
279,309,1.0
279,263,1.0
279,174,1.0
279,383,1.0
279,220,1.0
279,217,1.0
279,142,1.0
279,104,1.0
279,249,1.0
279,201,1.0
280,170,2.414213562373095
280,250,1.0
280,375,1.0
280,135,1.0
280,254,1.0
280,357,1.0
280,177,1.0
280,185,1.0
280,232,1.0
280,244,1.0
280,278,1.0
280,262,1.0
280,150,1.0
280,361,1.0
280,321,1.0
280,363,1.0
280,129,1.0
280,188,1.0
280,194,1.0
280,208,1.0
281,377,1.0
281,89,1.0
281,328,1.0
281,152,1.0
281,257,1.0
281,64,1.0
281,112,1.0
281,85,1.0
281,256,1.0
281,356,1.0
281,6,1.51910854761844
281,211,1.0
281,146,1.0
281,9,1.0
281,121,1.0
281,271,1.0
281,120,1.0
281,87,1.0
281,110,1.0
281,342,1.0
282,103,1.0
282,74,1.0
282,102,1.0
282,267,1.0
282,128,1.0
282,155,1.0
282,266,1.0
282,119,1.0
282,213,1.0
282,136,1.0
282,46,1.0
282,270,1.0
282,299,1.0
282,71,1.0
282,65,1.0
282,48,1.0
282,72,1.0
282,32,1.0
282,57,1.0
282,107,1.0
283,76,1.0990147542976674
283,68,1.0
283,53,1.0
283,7,1.2253744679276044
283,25,1.0
283,274,1.0
283,62,1.0
283,351,1.0
283,233,1.0
283,60,1.0
283,331,1.0
283,319,1.0
283,27,1.0
283,99,1.0
283,387,1.0
283,15,1.0
283,172,1.0
283,3,1.0
283,31,1.0
283,1,1.3651483716701107
284,376,1.0
284,333,1.0
284,203,1.0
284,228,1.0
284,324,1.0
284,287,1.0
284,189,1.0
284,230,1.0
284,313,1.0
284,202,1.0
284,243,1.0
284,159,1.0
284,265,1.0
284,168,1.0
284,339,1.0
284,258,1.0
284,225,1.0
284,180,1.0
284,360,1.0
284,291,1.0
285,127,1.0
285,31,1.0
285,115,1.0752828419842744
285,3,1.180020574955774
285,1,1.158113883008419
285,358,1.0
285,81,1.0
285,290,1.0
285,154,1.0
285,95,1.234260642832909
285,84,1.1666666666666667
285,301,1.0
285,101,1.0
285,222,1.0
285,21,1.0
285,308,1.0
285,366,1.0
285,97,1.0
285,14,1.0681994339470473
285,99,1.0
286,212,1.0
286,197,1.0
286,123,1.0
286,237,1.0
286,192,1.0
286,207,1.0
286,334,1.0
286,329,1.0
286,359,1.0
286,36,1.0
286,166,1.0
286,307,1.0
286,303,1.0
286,218,1.0
286,138,1.0
286,165,1.0
286,269,1.0
286,54,1.0
286,273,1.0
286,130,1.0
287,324,1.0
287,203,2.414213562373095
287,228,1.0
287,189,1.0
287,230,1.0
287,376,1.0
287,284,1.0
287,333,2.414213562373095
287,265,1.0
287,168,1.0
287,339,1.0
287,313,1.0
287,258,1.0
287,180,1.9999999999999998
287,225,1.0
287,243,1.0
287,202,1.1499063377991723
287,159,1.0
287,360,1.0
287,291,1.0
288,151,1.0
288,369,1.0
288,235,1.0
288,349,1.0
288,253,1.0
288,330,1.0
288,242,1.0
288,175,1.0
288,245,1.0
288,181,1.0
288,145,1.0
288,134,1.0
288,311,1.0
288,374,1.0
288,332,1.0
288,310,1.0
288,353,1.0
288,298,1.0
288,139,1.0
288,291,1.0
289,12,1.0
289,82,1.0
289,41,1.0
289,317,1.0
289,133,1.0
289,292,1.0
289,29,1.0
289,379,1.0
289,17,1.0
289,163,1.0
289,108,1.0
289,191,1.0
289,344,1.0
289,18,1.0
289,143,1.0
289,11,1.0
289,268,1.0
289,223,1.0
289,93,1.0
289,105,1.0
290,95,1.0
290,154,1.0808452083454443
290,101,1.0
290,84,1.0
290,97,1.0
290,115,1.0819575774435763
290,285,1.0
290,127,1.0
290,222,1.0
290,358,1.0
290,301,1.0
290,15,1.0
290,31,1.0
290,5,1.0
290,153,1.0
290,3,1.3569664467309368
290,1,1.0
290,351,1.0
290,81,1.0
290,21,1.0
291,216,1.0
291,360,1.0
291,159,1.0
291,313,1.0
291,243,1.0
291,202,1.0
291,230,1.0
291,376,1.0
291,284,1.0
291,333,1.0
291,324,1.0
291,287,1.0
291,203,1.0
291,228,1.0
291,189,1.0
291,339,1.0
291,265,1.0
291,258,1.0
291,168,1.0
291,180,1.0
292,29,1.0
292,82,1.0
292,289,1.0
292,12,1.0
292,317,1.0
292,41,1.0
292,223,1.0
292,379,1.0
292,18,1.0
292,133,1.0
292,344,1.0
292,143,1.0
292,149,1.0
292,55,1.0
292,108,1.0
292,11,1.0
292,17,1.0
292,114,1.0
292,23,1.0
292,224,1.0
293,182,1.0
293,279,1.0
293,50,1.0
293,156,1.0
293,171,1.9999999999999998
293,255,1.0
293,381,1.0
293,248,1.0
293,162,1.0
293,309,1.0
293,210,1.0
293,263,1.0
293,174,1.0
293,383,1.0
293,217,1.0
293,220,1.0
293,142,1.0
293,104,1.0
293,249,1.0
293,201,1.0
294,199,1.0
294,78,1.0
294,79,1.5773502691896257
294,37,1.0
294,126,1.0
294,116,1.0
294,44,1.0
294,236,1.0
294,45,1.0
294,39,1.0
294,34,1.0
294,295,1.0
294,318,1.0
294,38,1.4364357804719847
294,308,1.0
294,47,1.0
294,366,1.0
294,14,1.0
294,21,1.0
294,184,1.0
295,196,1.0
295,157,1.0
295,200,1.0
295,366,1.0
295,21,1.0
295,45,1.0
295,236,1.0
295,40,1.0
295,358,1.0
295,301,1.0
295,222,1.0
295,308,1.0
295,285,1.0
295,42,1.0
295,81,1.0
295,8,1.0
295,140,1.0
295,1,1.0
295,127,1.0
295,38,1.0
296,35,1.0
296,67,1.0
296,234,1.0
296,231,1.0
296,47,1.0
296,187,1.0
296,39,1.0
296,34,1.0
296,195,1.0
296,116,1.0
296,199,1.0
296,113,1.0
296,16,1.0
296,318,1.0
296,226,1.0
296,385,1.0
296,367,1.0
296,294,1.0
296,93,1.0
296,105,1.0
297,111,1.0
297,172,1.0
297,63,1.485071250072666
297,382,1.0
297,60,1.360301879288836
297,274,1.198029508595335
297,319,1.0
297,7,1.0
297,233,1.0
297,68,1.0
297,25,1.0
297,76,1.0
297,241,2.714985851425088
297,283,1.0
297,53,1.0
297,331,1.0
297,94,1.0
297,27,1.0
297,99,1.0
297,52,1.0
298,139,1.0
298,291,1.227921152919276
298,216,1.0
298,360,1.0
298,159,1.0
298,243,1.0
298,202,1.0
298,313,1.0
298,376,1.0
298,284,1.0
298,333,1.0
298,230,1.0
298,324,1.0
298,203,1.0
298,228,1.0
298,287,1.0
298,332,1.0
298,378,1.0
298,189,1.0
298,339,1.0
299,270,1.0
299,213,1.0
299,57,1.0
299,71,1.0
299,229,1.0
299,102,1.0
299,128,1.0
299,282,1.0
299,103,1.0
299,74,1.0
299,267,1.0
299,136,1.0
299,119,1.0
299,46,1.0
299,65,1.0
299,266,1.0
299,48,1.8944271909999157
299,32,1.0
299,155,1.0
299,72,2.9402850002906638
300,122,1.5345224838248488
300,201,1.0
300,246,2.9402850002906638
300,239,1.0
300,314,1.0
300,249,1.0
300,142,1.0
300,104,1.0
300,220,1.0
300,383,1.0
300,174,1.0
300,210,1.0
300,263,1.0
300,309,1.0
300,217,1.0
300,380,1.0
300,162,1.0
300,248,1.0
300,381,1.0
300,171,1.0
301,222,1.5
301,358,1.0
301,154,1.0990147542976674
301,21,1.0
301,285,1.0
301,290,1.0
301,366,1.0
301,95,1.078086880944303
301,157,1.0
301,200,1.0
301,40,1.0
301,127,1.0
301,101,1.0
301,115,1.0
301,153,1.0
301,84,1.0
301,31,1.0
301,5,1.4529108136578381
301,97,1.0
301,3,1.12858612496841
302,261,1.0
302,161,1.0
302,306,1.0
302,238,1.0
302,147,1.0
302,190,1.0
302,9,1.0
302,132,1.0
302,146,1.0
302,211,1.0
302,33,1.0
302,6,1.0
302,73,1.0
302,365,1.0
302,66,1.0
302,240,1.0
302,19,1.0
302,224,1.0
302,58,1.0
302,106,1.0
303,307,2.1547005383792515
303,218,1.0
303,138,1.0
303,269,1.2309401076758504
303,165,1.0
303,54,1.1283000598199169
303,130,1.8164965809277258
303,166,1.0
303,197,1.0
303,123,1.0
303,286,1.0
303,212,1.0
303,237,1.0
303,192,1.0
303,207,1.0
303,36,1.0
303,334,1.0
303,329,1.0
303,359,1.0
303,296,1.0
304,55,1.0
304,143,1.019476311127012
304,344,1.0
304,379,1.0
304,317,1.0
304,223,1.0
304,108,1.0
304,82,1.0
304,268,1.0
304,292,1.0
304,137,1.0
304,12,1.0
304,224,1.0
304,183,1.0
304,29,1.0815129354419202
304,289,1.0
304,214,1.0
304,131,1.0
304,41,1.0
304,335,1.0
305,264,1.0
305,346,1.0
305,167,1.0
305,215,1.0
305,173,1.0
305,176,1.0
305,178,1.0
305,209,1.4758309514308865
305,326,1.0
305,129,1.0
305,260,1.0
305,208,1.0
305,194,1.199888981395831
305,321,1.0
305,278,1.0
305,150,1.0
305,193,1.0
305,244,1.0
305,185,1.0
305,177,1.0
306,147,1.0
306,238,1.0
306,261,1.0
306,132,1.0
306,73,1.0
306,365,1.0
306,66,1.0
306,240,1.0
306,19,1.0
306,161,1.0
306,2,1.0
306,96,1.0
306,33,1.0
306,58,1.0
306,5,1.0
306,153,1.0
306,336,1.0
306,302,1.0
306,97,1.0
306,154,1.0
307,303,2.1547005383792515
307,218,1.0
307,138,1.0
307,269,1.4
307,165,1.0
307,54,1.2222222222222223
307,130,1.0
307,166,1.0
307,197,1.0
307,123,1.0
307,286,1.0
307,212,1.0
307,237,1.0
307,192,1.0
307,207,1.0
307,36,1.0
307,334,1.0
307,329,1.0
307,359,1.0
307,296,1.0
308,81,1.0
308,38,1.0
308,14,1.0340997169735238
308,45,1.5422176684690383
308,1,1.0
308,3,1.077151674981046
308,99,1.0
308,27,1.0
308,31,1.0
308,236,1.0
308,285,1.0
308,21,1.1889822365046137
308,366,1.0
308,127,1.0
308,331,1.0
308,115,1.0752828419842744
308,358,1.0
308,301,1.0
308,25,1.0405553552826907
308,222,1.0
309,263,1.0
309,210,1.0
309,174,1.0
309,162,1.0
309,383,1.0
309,248,1.0
309,381,1.0
309,220,1.0
309,171,1.0
309,255,1.0
309,279,1.0
309,182,1.0
309,293,1.0
309,50,1.0
309,217,1.0
309,104,1.0
309,156,1.0
309,142,1.6666666666666665
309,249,1.0
309,201,1.0
310,288,1.0
310,151,1.5286548803640718
310,369,1.0
310,235,1.0
310,349,3.0
310,253,2.664100588675687
310,337,1.0
310,330,1.0
310,242,1.0
310,175,1.0
310,245,1.0
310,181,2.1547005383792515
310,145,1.0
310,134,1.0
310,311,1.0
310,374,1.0
310,332,1.0
310,353,1.0
310,384,1.0
310,298,1.0
311,145,1.0
311,134,1.0
311,181,1.0
311,245,1.0
311,242,1.0
311,175,1.0
311,374,1.0
311,332,1.0
311,330,1.0
311,353,1.0
311,253,1.0
311,349,1.0
311,235,1.0
311,369,1.0
311,151,1.0
311,139,1.0
311,298,1.0
311,288,1.0
311,216,1.0
311,291,1.0
312,198,1.0
312,251,1.0
312,179,1.0
312,368,1.0
312,380,1.0
312,320,1.0
312,338,1.0
312,350,1.0
312,327,1.0
312,188,1.0
312,363,1.0
312,361,1.0
312,314,1.0
312,217,1.0
312,239,1.0
312,357,1.0
312,249,1.0
312,220,1.0
312,201,1.0
312,104,1.0
313,159,1.0
313,243,1.0
313,376,1.0
313,284,1.0
313,202,1.0
313,230,1.0
313,333,1.0
313,324,1.0
313,203,1.0
313,228,1.0
313,287,1.0
313,189,1.0
313,339,1.0
313,265,1.0
313,168,1.0
313,258,1.0
313,180,1.0
313,225,1.0
313,360,1.0
313,291,1.0
314,239,1.0
314,300,1.0
314,122,1.0
314,201,1.0
314,246,1.0
314,249,1.0
314,104,1.0
314,142,1.0
314,380,1.0
314,220,1.0
314,383,1.0
314,174,1.0
314,217,1.0
314,263,1.0
314,312,1.0
314,210,1.0
314,309,1.0
314,350,1.0
314,198,1.0
314,162,1.0
315,252,1.0
315,348,1.0
315,347,1.0
315,354,1.0
315,355,1.0
315,219,1.0
315,386,1.0
315,124,1.0
315,345,1.0
315,232,2.1547005383792515
315,262,1.0
315,346,1.0
315,305,1.0
315,193,1.0
315,321,1.0
315,129,1.0
315,278,1.0
315,264,1.0
315,167,1.0
315,194,1.0
316,227,1.0
316,260,1.0
316,173,1.0
316,176,1.0
316,209,1.0
316,326,2.711841970043652
316,178,1.0
316,215,1.0
316,167,1.0
316,208,1.0
316,194,1.0
316,353,1.0
316,150,1.0
316,264,1.0
316,177,1.0
316,139,1.0
316,244,1.0
316,185,1.0
316,129,1.0
316,278,1.0
317,379,1.0
317,82,1.0
317,12,1.0
317,344,1.0
317,108,1.0
317,289,1.0
317,143,1.0
317,292,1.0
317,29,1.0
317,268,1.0
317,17,1.0
317,55,1.0
317,41,1.0
317,133,1.0
317,137,1.0
317,304,1.0
317,163,1.0
317,223,1.0
317,191,1.0
317,335,1.0
318,34,1.0
318,116,1.0
318,44,1.0
318,113,1.0
318,39,1.0
318,195,1.0
318,79,1.0
318,144,1.0
318,37,1.0
318,199,1.0
318,206,1.0
318,294,1.0
318,43,1.0
318,343,1.0
318,205,1.0
318,78,1.0
318,47,1.0
318,319,1.0
318,38,1.0
318,231,1.0
319,233,1.0
319,274,1.0
319,172,1.0
319,25,1.0
319,60,1.0
319,7,1.0
319,68,1.0
319,331,1.0
319,297,1.0
319,76,1.0
319,27,1.0
319,283,1.0
319,99,1.0
319,111,1.0
319,53,1.0
319,14,1.0
319,38,1.0
319,63,1.0
319,382,1.0
319,1,1.0
320,338,1.0
320,179,1.0
320,368,1.0
320,251,1.0
320,198,1.0
320,327,1.0
320,312,1.0
320,188,1.0
320,350,1.0
320,363,1.0
320,380,1.0
320,361,1.0
320,357,1.0
320,217,1.0
320,314,1.0
320,254,1.0
320,220,1.0
320,239,1.0
320,249,1.0
320,383,1.0
321,278,1.0
321,129,1.0
321,150,1.0
321,194,1.0
321,244,1.0
321,208,1.0
321,185,1.0
321,177,1.0
321,178,1.0
321,346,1.0
321,326,1.0
321,209,1.0
321,167,2.2786854563771204
321,215,1.0
321,173,1.0
321,176,1.0
321,264,1.0
321,305,1.0
321,260,1.0
321,250,1.0
322,69,1.0
322,247,1.0
322,372,1.0
322,98,1.0
322,314,1.0
322,155,1.0
322,229,1.0
322,282,1.0
322,239,1.0
322,57,1.0
322,103,1.0
322,74,1.0
322,299,1.0
322,160,1.0
322,213,1.0
322,270,1.0
322,266,1.0
322,102,1.0
322,267,1.0
322,119,1.0
323,384,1.0
323,271,1.0
323,121,1.0
323,373,1.0
323,49,1.0
323,83,1.0
323,342,1.0
323,164,1.0
323,90,1.0
323,10,1.2132007163556104
323,92,1.0
323,59,1.0
323,86,1.0
323,352,1.0
323,117,1.0
323,87,1.0
323,364,1.0
323,275,1.0
323,110,1.0
323,276,1.0
324,203,1.0
324,228,1.0
324,287,1.0
324,189,1.0
324,376,1.0
324,230,1.0
324,284,1.0
324,333,1.0
324,265,1.0
324,168,1.0
324,313,1.0
324,339,1.0
324,258,1.0
324,243,1.0
324,202,1.211999576001272
324,225,1.0
324,180,1.0
324,159,1.0
324,360,1.0
324,291,1.0
325,277,1.0
325,100,1.0
325,61,1.0
325,340,1.0
325,186,1.0
325,20,1.0
325,70,1.0
325,51,1.0
325,118,1.0
325,107,1.0
325,66,1.0
325,365,1.0
325,33,1.0
325,2,1.0
325,240,1.0
325,341,1.0
325,80,1.0
325,148,1.0
325,75,1.0
325,19,1.0
326,209,1.0
326,178,1.0
326,173,1.0
326,176,1.0
326,208,1.0
326,167,1.0
326,215,1.0
326,194,1.0
326,129,1.0
326,264,1.0
326,150,1.0
326,260,1.0
326,244,1.0
326,278,1.0
326,321,1.0
326,185,1.0
326,177,1.0
326,346,1.0
326,227,1.0
326,305,1.0
327,188,1.0
327,338,1.0
327,320,1.0
327,363,1.0
327,361,1.0
327,368,1.0
327,179,1.0
327,251,1.0
327,198,1.0
327,312,1.0
327,357,1.0
327,350,1.0
327,380,1.0
327,254,1.0
327,135,1.0
327,170,1.0
327,280,1.0
327,250,1.0
327,217,1.0
327,375,1.0
328,64,1.0
328,377,1.0
328,281,1.0
328,85,1.0
328,89,1.0
328,356,1.0
328,112,1.0
328,152,1.0
328,257,1.0
328,256,1.0
328,6,1.0
328,211,1.0
328,146,1.0
328,9,1.0
328,121,1.0
328,120,1.0
328,271,1.0
328,125,1.0
328,169,1.0
328,221,1.0
329,334,1.0
329,359,1.0
329,36,1.0
329,207,1.0
329,192,1.0
329,237,1.0
329,123,1.0
329,212,1.0
329,286,1.0
329,197,1.0
329,166,1.0
329,307,1.0
329,303,1.0
329,218,1.0
329,279,1.0
329,138,1.0
329,182,1.0
329,293,1.0
329,165,1.0
329,171,1.0
330,242,1.0
330,175,1.0
330,235,1.0
330,253,1.0
330,245,1.0
330,349,1.0
330,374,1.392232270276368
330,181,1.0
330,145,1.0
330,134,1.0
330,369,1.0
330,151,1.0
330,311,1.0
330,288,1.0
330,353,2.9611613513818407
330,332,1.0
330,139,1.0
330,298,1.0
330,316,1.0
330,216,1.0
331,27,1.0
331,99,1.0
331,25,1.031814238148789
331,14,1.0
331,38,1.0
331,233,1.0
331,81,1.0
331,1,1.1240347345892086
331,3,1.0605227532668802
331,319,1.0
331,283,1.0
331,68,1.0
331,31,1.0
331,274,1.0
331,76,1.0
331,308,1.0
331,127,1.0
331,7,1.0
331,53,1.0
331,115,1.0
332,311,1.0
332,145,1.0
332,134,1.0
332,181,1.0
332,298,1.0
332,245,1.0
332,242,1.0
332,175,1.0
332,139,1.0
332,374,1.0
332,369,1.0
332,253,1.0
332,151,1.0
332,349,1.0
332,235,1.0
332,330,1.0
332,353,1.0
332,378,1.0
332,291,1.0
332,216,1.0
333,284,1.0
333,376,1.0
333,203,3.0
333,228,1.0
333,324,1.0
333,287,2.414213562373095
333,189,1.0
333,202,1.211999576001272
333,230,1.0
333,243,1.0
333,313,1.0
333,265,1.0
333,159,1.0
333,168,1.0
333,339,1.0
333,258,1.0
333,225,1.0
333,180,2.414213562373095
333,360,1.0
333,291,1.0
334,329,1.0
334,359,3.0
334,207,1.0
334,36,1.0
334,192,1.0
334,237,1.0
334,123,1.0
334,212,1.0
334,286,1.0
334,197,1.0
334,166,1.0
334,307,1.0
334,303,1.0
334,218,1.0
334,138,1.0
334,279,1.0
334,165,1.0
334,269,1.0
334,182,1.0
334,293,1.0
335,131,1.0032672673436387
335,137,1.0
335,268,1.0
335,108,2.039638102586342
335,17,1.0
335,163,1.0
335,214,1.0
335,183,1.0
335,344,1.0
335,28,1.0
335,379,1.0322120084591966
335,317,1.0
335,191,1.0
335,12,1.0
335,93,1.0
335,143,1.0
335,367,1.0
335,82,1.0
335,289,1.0
335,133,1.0
336,19,1.0
336,96,1.0
336,387,1.0
336,52,1.0
336,62,1.0
336,351,1.0
336,15,1.0
336,2,1.0
336,73,1.0
336,97,1.0
336,80,1.0
336,101,1.0
336,84,1.0
336,5,1.0
336,95,1.0
336,53,1.0
336,240,1.0
336,290,1.0
336,153,1.0
336,154,1.0
337,310,1.0
337,288,1.0
337,151,1.0
337,369,1.0
337,235,1.0
337,349,1.0
337,253,1.0
337,330,1.0
337,242,1.0
337,175,1.0
337,245,1.0
337,181,1.0
337,145,1.0
337,134,1.0
337,332,1.0
337,311,1.0
337,374,1.0
337,384,1.0
337,323,1.0
337,271,1.0
338,320,1.0
338,179,1.0
338,368,1.0
338,251,1.0
338,198,1.0
338,327,1.0
338,312,1.0
338,188,1.0
338,350,1.0
338,363,1.0
338,361,1.0
338,380,1.0
338,357,1.0
338,217,1.0
338,314,1.0
338,254,1.0
338,220,1.0
338,249,1.0
338,239,1.0
338,383,1.0
339,258,1.0
339,180,1.0
339,168,1.0
339,265,1.0
339,225,1.0
339,287,1.0
339,230,3.0
339,189,2.264911064067352
339,324,1.0
339,203,1.0
339,228,1.0
339,376,3.0
339,284,1.0
339,333,1.0
339,313,1.0
339,243,1.0
339,159,1.0
339,202,1.0
339,360,1.0
339,291,1.0
340,100,1.0
340,277,1.0
340,325,1.0
340,186,1.0
340,70,1.0
340,61,1.0
340,20,1.0
340,33,1.0
340,66,1.0
340,365,1.0
340,240,1.0
340,2,1.0
340,51,1.0
340,341,1.0
340,118,1.0
340,161,1.0
340,132,1.0
340,19,1.0
340,336,1.0
340,80,1.0
341,340,1.0
341,325,1.0
341,160,1.0
341,277,1.0
341,100,1.0
341,107,1.0
341,186,1.0
341,61,1.0
341,118,1.0
341,33,1.0
341,20,1.0
341,155,1.0
341,70,1.0
341,51,1.0
341,266,1.0
341,72,1.0
341,119,1.0
341,161,1.0
341,32,1.0
341,46,1.0
342,49,1.0
342,90,1.0
342,86,1.0
342,83,1.0
342,352,1.0
342,87,1.0
342,364,1.0
342,275,1.0
342,164,1.8944271909999157
342,10,1.0
342,59,1.1807015805810503
342,110,1.0
342,92,1.0
342,117,1.0
342,276,1.0
342,22,1.0
342,373,1.0
342,77,1.0
342,256,1.0
342,257,1.0
343,205,1.0
343,206,1.0
343,43,1.0
343,144,1.0
343,63,1.0
343,241,1.0
343,94,1.0
343,158,1.0
343,382,1.0
343,111,1.0
343,297,1.0
343,172,1.0
343,113,1.0
343,44,1.0
343,318,1.0
343,319,1.0
343,60,1.0
343,274,1.0
343,195,1.0
343,233,1.0
344,143,1.0
344,108,1.0
344,379,1.0
344,317,1.0
344,268,1.0
344,82,1.0
344,55,1.0
344,12,1.0
344,137,1.0
344,304,1.0
344,289,1.0
344,292,1.0
344,183,1.0
344,29,1.0
344,131,1.0
344,17,1.0
344,335,1.0
344,223,1.0
344,214,1.0
344,163,1.0
345,262,1.0
345,232,1.0
345,386,1.0
345,124,1.0
345,252,1.0
345,375,1.0
345,219,1.0
345,354,1.0
345,315,1.0
345,348,1.0
345,280,1.0
345,250,1.0
345,347,1.0
345,170,1.0
345,321,1.0
345,346,1.0
345,278,1.0
345,355,1.0
345,129,1.0
345,135,1.0
346,129,1.0
346,305,1.0
346,321,1.0
346,264,1.0
346,167,1.0
346,215,1.0
346,208,1.0
346,178,1.6666666666666665
346,194,1.0
346,278,1.0
346,326,1.0
346,209,1.0
346,150,1.0
346,173,1.0
346,176,1.0
346,244,1.0
346,185,1.0
346,177,1.0
346,260,1.0
346,227,2.5
347,348,1.0
347,315,1.0
347,252,1.0
347,354,1.0
347,355,1.0
347,219,1.0
347,386,1.0
347,124,1.0
347,345,1.0
347,193,1.0
347,305,1.0
347,346,1.0
347,232,1.0
347,262,1.0
347,321,1.0
347,129,1.0
347,264,1.0
347,278,1.0
347,167,1.0
347,215,1.0
348,347,1.0
348,252,1.0
348,315,1.0
348,354,1.0
348,355,1.0
348,219,1.0
348,386,1.0
348,124,1.0
348,345,1.0
348,346,1.0
348,305,1.0
348,193,1.0
348,232,1.0
348,262,1.0
348,321,1.0
348,129,1.0
348,264,1.0
348,278,1.0
348,167,1.0
348,215,1.0
349,253,2.664100588675687
349,235,1.0
349,369,1.0
349,151,1.5286548803640718
349,330,1.0
349,288,1.0
349,242,1.0
349,175,1.0
349,245,1.0
349,181,2.1547005383792515
349,145,1.0
349,134,1.0
349,311,1.0
349,374,1.0
349,332,1.0
349,353,1.0
349,298,1.0
349,139,1.0
349,310,3.0
349,291,1.0
350,198,1.0
350,312,1.0
350,380,1.0
350,179,1.0
350,338,1.0
350,320,1.0
350,368,1.0
350,251,1.0
350,217,1.0
350,327,1.0
350,220,1.0
350,383,1.0
350,188,1.0
350,104,1.0
350,249,1.0
350,263,1.0
350,174,1.0
350,309,1.0
350,314,1.0
350,210,1.0
351,62,1.1865009616480628
351,15,1.0
351,387,1.0
351,53,1.0
351,283,1.0
351,97,1.0
351,84,1.0
351,76,1.0
351,115,1.0897800278486467
351,101,1.0
351,52,1.0
351,68,1.0
351,95,1.0
351,127,1.0
351,31,1.0
351,290,1.0
351,7,1.0
351,3,1.0460043706228237
351,154,1.0
351,1,1.0
352,86,1.0
352,59,1.4082482904638631
352,275,1.0
352,364,1.0
352,117,1.0
352,90,1.0
352,276,1.0
352,10,1.0615457454896664
352,83,1.0
352,164,1.0
352,87,1.0
352,49,1.0
352,92,1.0
352,110,1.0
352,342,1.0
352,22,1.0
352,77,1.0
352,373,1.0
352,256,1.5773502691896257
352,91,1.0
353,374,1.0
353,181,1.0
353,145,1.0
353,134,1.0
353,175,1.0
353,245,1.0
353,242,1.0
353,311,1.0
353,139,1.0
353,330,2.9611613513818407
353,316,1.0
353,298,1.0
353,332,1.0
353,253,1.0
353,349,1.0
353,235,1.0
353,227,2.5
353,216,1.0
353,291,1.0
353,360,1.0
354,355,1.0
354,219,1.0
354,386,1.0
354,124,1.0
354,315,1.0
354,252,1.0
354,348,1.0
354,347,1.0
354,345,1.0
354,232,1.0
354,262,1.0
354,346,1.0
354,305,1.0
354,193,1.0
354,321,1.0
354,129,1.0
354,278,1.0
354,264,1.0
354,194,1.0
354,167,1.0
355,354,1.0
355,219,1.0
355,315,1.0
355,124,1.0
355,386,1.0
355,252,1.0
355,348,1.0
355,347,1.0
355,345,1.0
355,232,1.0
355,262,1.0
355,346,1.0
355,193,1.0
355,305,1.0
355,321,1.0
355,129,1.0
355,278,1.0
355,264,1.0
355,167,1.0
355,194,1.0
356,85,1.0
356,64,1.0
356,328,1.0
356,377,1.0
356,281,1.0
356,89,1.0
356,152,1.0
356,257,1.0
356,112,1.0
356,256,1.0
356,121,1.0
356,271,1.0
356,6,1.0
356,211,1.0
356,146,1.0
356,9,1.0
356,120,1.0
356,125,1.0
356,342,1.0
356,87,1.0
357,188,1.0
357,361,1.0
357,363,1.0
357,254,1.0
357,327,1.0
357,135,1.0
357,170,1.0
357,280,1.0
357,338,1.0
357,320,1.0
357,250,1.0
357,368,1.0
357,179,1.0
357,251,1.0
357,375,1.0
357,198,1.0
357,312,1.0
357,350,1.0
357,380,1.0
357,177,1.0
358,301,1.0
358,222,1.0
358,285,1.0
358,21,1.0
358,154,1.062622429108515
358,366,1.0
358,290,1.0
358,127,1.0
358,95,1.0
358,115,1.0634840665068952
358,31,1.0
358,157,1.0
358,200,1.0
358,101,1.0
358,84,1.0
358,3,1.0
358,1,1.2
358,81,1.0
358,40,1.0
358,308,1.0
359,329,1.0
359,334,3.0
359,36,1.0
359,207,1.0
359,192,1.0
359,237,1.0
359,123,1.0
359,212,1.0
359,286,1.0
359,197,1.0
359,166,1.0
359,279,1.0
359,182,1.0
359,293,1.0
359,171,1.0
359,50,1.0
359,156,1.0
359,255,1.0
359,381,1.0
359,248,1.0
360,216,1.0
360,291,1.0
360,159,1.0
360,313,1.0
360,243,1.0
360,230,1.0
360,202,1.0
360,376,1.0
360,284,1.0
360,324,1.0
360,287,1.0
360,203,1.0
360,228,1.0
360,333,1.0
360,339,1.0
360,189,1.0
360,258,1.0
360,180,1.0
360,265,1.0
360,168,1.0
361,363,3.0
361,188,1.0
361,327,1.0
361,357,1.0
361,338,1.0
361,320,1.0
361,368,1.0
361,179,1.0
361,251,1.0
361,198,1.0
361,312,1.0
361,254,1.0
361,135,1.0
361,380,1.0
361,170,1.0
361,350,1.0
361,280,1.0
361,250,1.0
361,375,1.0
361,217,1.0
362,378,1.0
362,189,1.0
362,333,1.0
362,225,1.0
362,265,1.0
362,168,1.0
362,203,1.0
362,228,1.0
362,284,1.0
362,324,1.0
362,376,1.0
362,287,1.0
362,202,1.211999576001272
362,258,1.0
362,180,1.0
362,339,1.0
362,243,1.0
362,230,1.0
362,313,1.0
362,159,1.0
363,361,3.0
363,188,1.0
363,327,1.0
363,357,1.0
363,338,1.0
363,320,1.0
363,368,1.0
363,179,1.0
363,251,1.0
363,198,1.0
363,312,1.0
363,254,1.0
363,135,1.0
363,380,1.0
363,170,1.0
363,350,1.0
363,280,1.0
363,250,1.0
363,375,1.0
363,217,1.0
364,275,1.0
364,86,1.0
364,87,1.0
364,110,1.0
364,352,1.0
364,276,1.0
364,59,1.1166423687039608
364,342,1.0
364,90,1.0
364,117,1.0
364,49,1.0
364,10,1.0
364,83,1.0
364,164,1.0
364,92,1.0
364,22,1.0
364,77,1.0
364,373,1.0
364,256,1.0
364,91,1.0
365,66,1.0
365,240,1.0
365,2,1.0548821299948452
365,19,1.0
365,132,1.0
365,70,1.0
365,336,1.0
365,73,1.0821994936526786
365,96,1.0
365,186,1.0
365,33,1.0
365,20,1.0
365,100,1.0
365,52,1.0
365,80,1.0
365,387,1.0
365,61,1.0
365,306,1.0
365,147,1.0
365,277,1.0
366,21,1.0
366,45,1.0
366,358,1.0
366,295,1.0
366,157,1.0
366,200,1.0
366,301,1.0
366,236,1.0
366,308,1.0
366,222,1.0
366,285,1.0
366,81,1.0
366,196,1.0
366,1,1.0
366,127,1.0
366,3,1.051434449987364
366,31,1.0608580619450185
366,40,1.0
366,38,1.0
366,115,1.0
367,93,1.0
367,105,1.0
367,191,1.0
367,163,1.0
367,17,1.0
367,133,1.0
367,16,1.0
367,385,1.0
367,289,1.0
367,41,1.0
367,12,1.0
367,335,1.0
367,184,1.0
367,82,1.0
367,317,1.0
367,108,1.0
367,11,1.0
367,131,1.0
367,379,1.0
367,268,1.0
368,179,1.0
368,320,1.0
368,251,1.0
368,338,1.0
368,198,1.0
368,312,1.0
368,327,1.0
368,188,1.0
368,380,1.0
368,350,1.0
368,363,1.0
368,361,1.0
368,357,1.0
368,217,1.0
368,314,1.0
368,239,1.0
368,220,1.0
368,249,1.0
368,254,1.0
368,104,1.0
369,151,1.0
369,349,1.0
369,253,1.0
369,235,1.0
369,288,1.0
369,330,1.0
369,242,1.0
369,245,1.0
369,175,1.0
369,181,1.0
369,145,1.0
369,134,1.0
369,311,1.0
369,374,1.0
369,332,1.0
369,353,1.0
369,298,1.0
369,139,1.0
369,310,1.0
369,291,1.0
370,26,1.0
370,30,1.0
370,4,1.0
370,88,1.0
370,272,1.0
370,13,1.0
370,141,1.0
370,204,1.0
370,109,1.0
370,169,1.0
370,24,1.0
370,221,1.0
370,28,1.0
370,125,1.0
370,214,1.0
370,183,1.0
370,131,1.0
370,137,1.0
370,335,1.0
370,268,1.0
371,273,1.0
371,71,1.0
371,259,1.0
371,270,1.0
371,213,1.0
371,226,1.0
371,299,1.0
371,128,1.0
371,57,1.0
371,102,1.0
371,229,1.0
371,187,1.0
371,136,1.0
371,65,1.0
371,48,1.0
371,75,1.0
371,32,1.0
371,267,1.0
371,46,1.0
371,56,1.0
372,247,1.0
372,98,1.0
372,69,1.0
372,322,1.0
372,155,1.0
372,282,1.0
372,103,1.0
372,74,1.0
372,160,1.0
372,266,1.0
372,299,1.0
372,229,1.0
372,57,1.0
372,267,1.0
372,119,1.0
372,341,1.0
372,213,1.0
372,102,1.0
372,270,1.0
372,128,1.0
373,164,1.0
373,92,1.0
373,83,1.0
373,10,1.0
373,90,1.0
373,49,1.0
373,117,1.0
373,59,1.0
373,342,1.0
373,352,1.0
373,86,1.0
373,276,1.0
373,275,1.0
373,364,1.0
373,87,1.0
373,22,1.0
373,110,1.0
373,77,1.0
373,91,1.0
373,256,1.0
374,175,1.0
374,245,1.0
374,181,1.0
374,242,1.0
374,145,1.0
374,134,1.0
374,311,1.0
374,330,1.392232270276368
374,353,1.0
374,253,1.0
374,349,1.0
374,235,1.0
374,369,1.0
374,151,1.0
374,332,1.0
374,139,1.0
374,288,1.0
374,298,1.0
374,316,1.0
374,216,1.0
375,280,1.0
375,250,1.0
375,170,1.0
375,135,1.0
375,254,1.0
375,232,1.0
375,357,1.0
375,262,1.0
375,177,1.0
375,185,1.0
375,244,1.0
375,278,1.0
375,150,1.0
375,321,1.0
375,129,1.0
375,194,1.0
375,208,1.0
375,361,1.0
375,363,1.0
375,345,1.0
376,284,1.0
376,333,1.0
376,203,1.0
376,228,1.0
376,324,1.0
376,287,1.0
376,230,3.0
376,313,1.0
376,189,2.264911064067352
376,243,1.0
376,202,1.0
376,159,1.0
376,265,1.0
376,168,1.0
376,339,3.0
376,258,1.0
376,225,1.0
376,180,1.0
376,360,1.0
376,291,1.0
377,281,1.0
377,89,1.0
377,328,1.0
377,152,1.0
377,257,1.0
377,64,1.0
377,112,1.0
377,85,1.0
377,256,1.0
377,356,1.0
377,6,1.0
377,211,1.0
377,146,1.0
377,9,1.0
377,121,1.0
377,271,1.0
377,120,1.0
377,87,1.0
377,110,1.0
377,342,1.0
378,362,1.0
378,202,1.0
378,243,1.0
378,333,1.0
378,284,1.0
378,376,1.0
378,159,1.0
378,313,1.0
378,203,1.0
378,228,1.0
378,324,1.0
378,189,1.0
378,287,1.0
378,298,1.0
378,230,1.0
378,265,1.0
378,168,1.0
378,225,1.0
378,291,1.0
378,339,1.0
379,317,1.0
379,344,1.0
379,82,1.0
379,108,1.0
379,12,1.0
379,143,1.0
379,289,1.0
379,292,1.0
379,268,1.0
379,55,1.0
379,29,1.0
379,137,1.0
379,304,1.0
379,17,1.0
379,41,1.0
379,223,1.0
379,133,1.0
379,163,1.0
379,335,1.0322120084591966
379,131,1.040572041296679
380,312,1.0
380,198,1.0
380,251,1.0
380,179,1.0
380,368,1.0
380,350,1.0
380,320,1.0
380,338,1.0
380,314,1.0
380,239,1.0
380,327,1.0
380,249,1.0
380,201,1.0
380,217,1.0
380,188,1.0
380,104,1.0
380,220,1.0
380,300,1.0
380,122,1.5345224838248488
380,383,1.0
381,248,1.0
381,255,1.7559289460184544
381,162,1.0
381,171,1.0
381,50,1.0
381,182,1.0
381,293,1.0
381,279,1.0
381,156,1.0
381,309,1.0
381,263,1.0
381,210,1.0
381,174,1.0
381,383,1.0
381,217,1.0
381,220,1.0
381,104,1.0
381,142,1.0
381,249,1.0
381,201,1.0
382,63,1.0
382,111,1.0
382,297,1.0
382,241,1.0
382,172,1.0
382,60,1.3713906763541037
382,94,1.0
382,274,1.0
382,7,1.0
382,319,1.0
382,233,1.0
382,68,1.0
382,76,1.0
382,53,1.0
382,25,1.0
382,283,1.0
382,80,1.0
382,52,1.0
382,331,1.0
382,158,1.0
383,220,1.0
383,174,1.0
383,263,1.0
383,309,1.0
383,210,1.0
383,104,1.0
383,142,1.0
383,217,1.0
383,162,1.0
383,249,1.0
383,248,1.0
383,381,1.0
383,171,1.0
383,255,1.0
383,279,1.0
383,50,1.0
383,182,1.0
383,293,1.0
383,156,1.0
383,201,1.0
384,323,1.0
384,271,1.0
384,121,1.0
384,373,1.0
384,49,1.0
384,83,1.0
384,164,1.0
384,342,1.0
384,90,1.0
384,10,1.0
384,92,1.0
384,59,1.0
384,86,1.0
384,352,1.0
384,117,1.0
384,87,1.0
384,364,1.0
384,275,1.0
384,110,1.0
384,276,1.0
385,16,1.0
385,184,1.0
385,105,1.0
385,367,1.0
385,93,1.0
385,11,1.0
385,133,1.0
385,191,1.0
385,41,1.0
385,126,1.0
385,163,1.0
385,18,1.0
385,17,1.0
385,114,1.0
385,140,1.0
385,8,1.0
385,289,1.0
385,23,1.0
385,12,1.0
385,42,1.0
386,124,1.0
386,219,1.0
386,354,1.0
386,355,1.0
386,315,1.0
386,252,1.0
386,348,1.0
386,347,1.0
386,345,1.0
386,262,1.0
386,232,1.0
386,346,1.0
386,305,1.0
386,321,1.0
386,129,1.0
386,278,1.0
386,375,1.0
386,193,1.0
386,244,1.0
386,150,1.0
387,62,1.0
387,351,1.0
387,52,1.0
387,15,1.0
387,53,1.0
387,283,1.0
387,76,1.0
387,97,1.0
387,336,1.0
387,68,1.0
387,84,1.0
387,7,1.0
387,101,1.0
387,115,1.0
387,80,1.0
387,95,1.0
387,290,1.0
387,96,1.0
387,127,1.0
387,25,1.0
