61
241
57
230
246
230
29
111
241
116
118
152
152
44
234
239
257
304
150
168
259
151
71
238
293
257
300
38
246
290
152
234
120
234
111
234
150
111
120
238
259
120
290
160
150
120
41
152
35
44
6
70
44
31
239
49
150
33
234
247
241
257
54
111
259
230
105
92
34
234
257
163
151
111
234
158
111
234
41
49
123
49
230
261
71
26
35
211
239
290
153
24
150
230
318
179
38
41
239
243
114
312
32
125
2
389
120
259
150
76
239
155
318
273
114
105
111
304
239
300
106
2
150
150
4
8
230
120
108
49
49
152
40
49
293
33
40
385
159
152
8
49
239
32
31
158
210
239
267
150
22
67
230
120
70
9
34
234
167
116
239
79
109
259
106
307
70
41
234
389
234
29
150
16
6
234
300
95
33
152
294
68
205
160
163
40
239
40
4
159
307
32
95
307
2
108
160
71
40
163
108
254
34
307
120
230
40
293
304
234
105
22
234
151
105
316
307
312
37
70
155
44
8
318
71
318
37
188
70
123
70
150
108
259
92
70
120
125
32
230
70
230
336
106
115
9
154
244
69
16
40
76
230
318
32
108
284
71
160
152
111
230
118
68
40
8
18
334
24
71
22
250
152
173
120
238
284
243
70
70
44
95
270
26
259
293
306
160
188
307
18
70
32
259
238
141
40
125
141
70
206
139
4
70
95
22
34
307
165
151
95
373
230
105
152
389
95
71
323
40
173
308
159
32
9
322
152
158
22
389
40
271
34
140
34
8
95
95
71
307
307
275
318
234
239
105
129
8
323
18
71
24
9
152
92
293
14
8
76
40
43
152
105
8
257
40
118
18
9
32
371
271
359
318
173
67
8
314
230
234
234
25
238
120
152
9
157
157
318
400
92
290
26
188
318
152
160
161
92
26
41
136
22
67
8
234
205
67
120
48
34
120
294
9
9
75
14
318
152
40
22
54
230
160
95
40
22
159
160
304
198
318
324
83
120
140
318
243
32
136
160
263
390
153
150
9
160
40
150
71
200
160
92
105
22
22
137
323
161
40
9
8
187
9
284
307
92
34
70
16
321
321
22
161
33
31
44
234
26
95
298
198
34
55
78
239
284
70
230
160
40
120
160
294
160
243
335
36
9
161
34
10
159
167
136
40
26
133
9
18
78
18
74
207
250
328
32
202
32
310
316
70
161
327
150
116
239
160
241
22
68
376
92
120
202
230
141
150
327
40
120
71
140
160
293
142
173
275
92
120
148
257
136
176
69
41
296
8
35
150
300
120
148
163
240
125
239
321
230
290
