110
67
35
314
300
259
304
8
120
230
120
152
53
71
33
148
239
33
113
78
169
246
300
259
322
150
241
311
168
152
115
271
261
226
246
257
44
14
300
230
120
304
300
246
26
120
139
267
67
41
293
111
120
2
2
300
40
230
16
67
120
230
300
76
259
300
402
38
14
33
115
8
159
398
152
16
318
41
304
26
8
67
90
24
236
40
92
37
405
9
116
67
307
150
8
300
41
259
314
304
205
243
318
23
8
300
75
152
76
152
10
109
84
115
168
238
259
24
152
304
241
20
316
65
300
8
8
236
300
38
246
18
244
65
40
4
73
335
294
26
34
49
230
40
22
284
190
233
41
115
26
10
70
8
259
108
295
291
315
157
233
294
47
43
36
298
307
160
34
238
165
293
154
161
35
315
70
78
233
299
8
89
234
18
71
152
32
353
108
318
22
70
78
152
362
369
244
18
92
33
8
40
244
318
8
37
26
259
120
318
307
155
70
246
37
8
95
26
22
234
230
230
73
111
307
120
161
40
140
111
40
307
309
22
152
230
108
37
31
35
16
120
67
36
18
67
106
63
116
67
315
112
78
307
414
67
53
234
35
309
22
40
70
205
259
24
33
300
8
8
38
318
234
74
241
108
165
318
71
18
18
259
309
300
304
112
40
259
233
293
67
92
301
293
167
311
239
16
71
165
115
148
293
136
16
237
162
151
67
108
108
318
49
304
70
8
239
8
73
26
334
16
304
157
84
18
49
167
132
291
151
43
74
112
92
320
31
304
116
238
8
26
318
70
312
294
161
294
233
49
279
295
79
279
71
16
307
226
70
307
111
414
92
70
92
92
18
70
35
92
284
320
70
120
322
294
271
354
155
131
16
136
170
92
93
34
16
244
294
157
295
318
22
6
4
97
234
92
18
67
80
92
116
259
157
304
283
20
318
184
414
311
311
173
31
