150
54
44
61
50
261
157
283
316
211
307
307
307
307
307
307
307
307
307
307
307
307
307
307
307
307
307
307
91
307
307
307
307
307
307
307
307
307
307
307
307
307
307
307
307
307
307
307
249
307
44
59
274
44
241
44
44
241
44
230
120
398
54
120
230
186
94
87
140
87
132
230
243
33
111
44
251
59
241
147
241
241
44
44
44
44
243
249
241
44
44
44
44
48
44
44
44
269
59
113
241
57
230
230
61
61
132
87
315
183
338
87
88
182
169
184
95
170
90
95
205
170
183
141
131
95
87
141
87
299
95
87
87
87
87
87
95
164
169
263
263
142
169
151
25
123
230
241
257
230
230
33
243
257
33
230
112
230
243
247
257
120
31
230
111
233
111
109
246
148
120
120
35
246
111
241
230
230
239
150
111
243
108
230
243
243
33
33
241
120
241
243
243
119
64
243
233
27
230
120
241
111
35
120
101
101
179
167
167
167
167
171
212
290
181
397
397
101
101
397
14
314
314
304
314
318
318
36
314
12
318
318
28
188
188
188
188
101
101
154
317
67
159
159
212
205
271
271
271
293
271
271
271
263
314
293
51
49
41
41
304
316
314
271
154
271
271
271
271
271
140
148
307
70
54
157
68
118
44
307
44
44
44
61
46
167
44
34
150
308
95
9
120
71
109
230
115
125
41
49
49
105
137
67
230
229
92
44
234
225
230
3
239
150
246
307
70
150
233
70
150
111
239
70
234
150
362
234
118
64
150
318
25
72
234
259
200
44
33
204
115
300
159
120
152
148
148
259
239
120
44
44
120
230
64
276
44
276
398
233
244
269
230
211
29
230
149
259
152
120
230
234
49
49
4
246
115
259
188
230
49
115
230
150
318
398
230
230
120
152
307
243
300
113
44
109
230
22
230
108
112
49
115
59
25
152
241
243
230
109
230
115
112
148
118
230
68
123
73
230
159
8
300
78
33
230
129
57
234
22
159
33
166
239
300
90
152
72
70
247
257
111
41
230
158
111
257
230
150
257
152
46
73
230
95
300
33
246
33
230
265
33
49
70
239
29
230
115
49
68
252
118
153
70
257
92
239
198
227
64
259
65
34
246
158
109
200
16
226
259
160
152
112
159
239
243
259
230
115
49
188
70
57
44
120
18
38
32
318
300
44
211
314
41
57
318
230
230
230
120
120
152
259
233
92
189
172
152
83
40
239
320
120
49
159
230
189
162
70
239
71
300
152
49
152
118
324
49
230
234
167
230
41
259
151
238
151
120
284
150
49
95
292
38
95
159
167
163
57
37
120
259
106
168
238
273
112
120
152
41
230
257
71
150
109
239
111
115
41
259
230
40
234
160
120
272
141
304
73
49
188
234
69
158
259
230
73
150
71
230
40
44
44
230
293
215
173
259
239
120
230
44
241
168
120
40
162
123
233
259
74
261
112
300
152
293
120
300
62
167
230
32
304
293
49
8
230
230
166
33
257
44
49
95
36
230
46
44
49
259
251
158
73
150
152
230
40
49
32
40
307
68
300
18
150
22
64
70
140
70
179
257
152
315
33
300
378
150
153
300
234
40
90
150
22
148
259
168
57
304
49
155
2
259
33
44
335
270
40
22
148
318
230
49
111
44
32
54
48
44
312
70
405
150
120
316
152
73
70
31
8
125
112
259
239
152
92
110
40
259
318
76
246
159
49
95
230
105
115
152
120
67
44
44
22
120
67
120
120
230
241
106
150
239
111
109
57
8
37
95
230
239
150
120
44
123
44
120
238
241
238
106
159
158
111
230
230
40
259
67
246
40
105
151
155
115
257
238
141
106
125
50
198
34
230
39
38
68
50
120
112
111
335
64
230
159
230
318
8
32
16
259
118
44
152
364
49
304
244
287
152
299
152
154
113
299
120
398
65
259
239
116
157
239
32
300
276
364
90
230
152
32
318
40
150
300
26
78
293
230
120
234
71
152
118
61
152
312
236
152
230
9
113
294
318
230
150
8
150
8
61
61
48
230
70
32
307
113
230
152
267
276
38
67
91
304
113
40
111
150
8
120
150
38
33
31
287
123
158
150
312
121
111
405
151
92
49
304
44
72
120
150
152
267
293
109
71
234
24
8
158
49
234
58
120
259
33
113
2
67
243
118
150
230
257
300
159
158
294
40
114
40
120
41
155
230
41
120
49
92
40
290
152
234
257
71
40
111
106
44
150
152
300
158
120
16
233
300
251
155
33
40
230
67
42
40
241
32
33
32
318
2
257
125
125
118
152
233
283
230
120
2
37
300
61
150
120
239
115
230
120
257
230
257
120
300
241
49
44
160
150
2
152
38
152
284
67
49
259
40
296
257
59
62
25
120
95
230
120
142
318
120
38
259
22
49
71
250
89
160
150
70
129
152
312
41
257
40
40
267
78
40
307
211
120
257
62
141
44
111
257
159
152
50
238
120
120
40
22
230
148
230
22
111
32
307
111
257
239
109
22
234
234
38
373
22
33
120
259
120
120
120
300
259
300
230
62
234
22
150
92
90
246
116
26
112
243
293
230
35
64
54
91
259
230
308
95
41
49
40
152
109
300
71
44
32
300
246
40
243
188
335
109
234
293
293
16
239
300
92
41
226
34
95
49
150
304
74
32
120
230
109
234
334
32
239
241
62
230
239
114
160
32
70
152
118
230
32
152
152
307
34
293
71
239
2
46
152
109
259
116
91
257
230
230
40
92
178
71
234
261
241
152
70
67
230
71
294
111
59
31
246
44
106
230
230
160
40
8
108
230
300
71
71
234
304
120
304
152
238
233
241
150
44
152
300
139
98
22
158
67
131
111
307
257
259
32
304
95
33
32
74
239
230
267
249
44
307
38
95
299
120
38
57
239
259
49
32
44
243
243
44
300
54
106
188
259
300
20
67
230
152
29
40
40
152
40
41
40
136
234
120
300
230
204
49
188
215
76
152
76
241
324
189
32
75
113
152
230
306
273
4
65
150
123
215
57
125
151
259
111
152
208
152
40
113
40
234
112
160
40
230
265
239
241
249
276
61
61
61
48
116
152
40
152
49
57
276
152
284
290
22
230
40
120
111
271
32
22
239
230
111
238
257
230
46
108
239
116
230
173
117
238
40
335
201
44
57
230
33
287
257
300
40
106
190
347
92
234
261
257
190
203
14
300
49
152
162
70
211
241
257
152
318
150
120
22
111
26
113
152
307
239
105
106
230
150
243
67
152
95
120
54
152
259
170
22
40
70
106
186
120
257
111
52
152
22
405
259
33
152
230
65
150
33
44
300
250
318
40
200
233
233
71
73
300
152
239
152
335
8
152
152
8
92
2
152
58
67
136
26
230
170
362
150
120
109
170
293
150
36
307
150
170
41
141
106
300
149
150
246
120
300
150
44
109
95
120
49
111
257
120
318
38
67
335
257
118
152
230
170
230
160
2
269
170
257
108
120
120
40
92
243
108
197
40
40
40
152
261
33
257
44
230
210
120
40
234
44
152
108
307
188
243
152
154
234
190
160
234
205
239
238
271
234
226
239
181
241
54
44
40
40
298
70
150
257
34
259
120
152
120
65
307
35
67
118
230
22
120
170
123
123
134
150
318
4
24
244
238
44
167
307
307
307
251
62
170
230
95
40
261
320
35
32
152
67
25
40
160
34
94
150
22
257
44
230
304
71
230
307
70
230
49
188
230
44
234
152
234
246
152
238
113
64
151
70
243
115
117
113
300
239
259
307
164
2
152
150
118
71
230
169
67
39
44
141
70
180
347
152
92
300
150
150
230
33
121
170
150
92
159
26
234
152
40
14
152
111
239
276
230
230
318
49
120
8
108
18
318
71
92
230
234
73
123
155
49
159
57
159
159
158
32
71
226
261
34
106
120
251
83
126
129
44
33
163
243
67
252
90
230
8
188
114
168
141
76
259
76
314
188
287
108
288
111
48
90
22
114
111
229
300
255
71
276
113
44
2
9
159
290
22
32
22
106
170
120
153
259
255
71
173
293
233
293
111
230
123
40
109
238
40
2
152
168
2
302
233
95
116
92
141
113
150
152
315
92
230
188
18
26
92
22
26
59
111
48
70
158
33
44
40
152
261
18
155
188
34
168
151
290
64
230
109
230
123
152
160
24
152
40
230
152
40
40
92
157
34
257
113
390
152
25
294
151
259
152
150
170
263
120
320
120
40
234
25
335
71
257
362
163
275
29
257
230
40
38
405
302
71
362
67
205
239
234
234
239
113
9
92
150
304
4
71
44
257
120
314
73
239
67
48
243
40
66
152
44
159
120
314
105
120
170
34
33
92
299
200
204
190
230
72
26
71
304
26
55
152
44
318
257
113
33
33
111
318
123
300
300
22
40
71
300
152
300
154
29
152
286
33
230
92
69
8
150
40
113
160
257
32
24
78
78
318
88
155
38
33
152
251
70
208
150
71
120
40
155
8
234
36
141
48
84
259
170
150
92
234
120
22
70
44
26
9
243
170
170
44
109
52
80
44
83
211
238
73
70
63
116
159
255
273
275
70
243
71
167
88
152
276
230
173
120
307
40
335
61
42
307
70
230
70
299
111
44
95
44
92
152
48
168
24
114
240
44
67
140
290
33
152
62
152
120
40
95
243
37
234
24
154
250
73
300
44
238
300
40
49
230
22
70
160
71
234
111
92
154
120
279
257
234
307
291
257
112
158
238
120
250
40
230
40
70
29
38
273
234
152
230
67
120
40
307
152
405
160
230
193
22
108
22
150
191
204
16
239
304
188
33
152
67
299
4
22
230
255
40
234
152
92
76
22
362
137
234
241
318
293
120
152
44
140
193
123
259
106
92
40
26
205
40
120
57
24
111
120
40
44
92
152
75
230
215
322
34
22
105
257
152
243
58
141
241
150
120
40
59
44
230
239
243
40
71
141
95
150
236
83
230
200
230
72
70
22
32
9
120
152
302
108
315
32
71
239
40
123
109
159
160
9
70
230
126
229
57
261
32
173
22
9
160
9
191
159
70
198
160
24
239
230
26
160
314
6
44
239
168
40
32
188
70
283
33
208
238
111
230
49
35
230
141
230
70
230
44
40
46
230
137
230
152
140
170
170
259
40
243
40
241
261
67
63
4
64
48
150
150
109
26
300
40
152
67
33
170
71
136
234
234
152
44
230
257
33
150
78
95
152
70
24
40
40
290
108
40
71
26
155
40
230
115
217
150
36
22
234
64
239
125
70
302
160
70
141
2
40
150
161
234
230
34
40
307
106
40
204
150
191
123
40
111
192
8
6
302
40
40
141
44
40
111
279
40
40
335
335
83
70
142
151
34
40
33
250
120
40
40
40
239
141
33
161
34
111
8
44
152
50
44
57
259
239
34
92
304
32
307
8
16
318
40
34
170
273
201
40
191
101
2
243
109
250
150
40
38
230
109
230
28
290
300
71
150
141
71
70
44
14
259
106
236
89
233
70
307
309
91
307
307
307
307
307
307
307
257
307
92
307
28
309
307
309
309
309
257
92
150
150
108
196
307
150
40
101
40
106
150
300
70
189
40
304
230
76
114
160
230
198
317
160
49
32
71
317
324
230
71
90
105
294
190
150
44
70
259
230
299
40
230
318
108
120
315
150
49
227
160
92
320
154
217
290
40
111
44
290
95
40
71
43
44
34
40
168
239
250
299
2
49
244
300
40
36
40
38
9
259
123
257
38
316
121
160
43
215
34
152
44
70
120
70
142
150
290
41
49
90
49
26
150
118
276
188
123
71
157
155
152
148
120
67
32
44
307
22
255
257
257
238
259
118
115
204
120
61
120
152
279
362
40
120
198
293
115
90
73
249
152
51
290
299
120
40
205
234
230
8
40
40
239
120
150
204
244
120
230
44
120
44
230
162
290
230
170
71
76
230
33
112
257
150
26
273
290
244
238
40
239
62
230
120
8
95
234
204
150
230
61
141
202
307
230
230
259
32
40
125
12
74
249
95
190
307
22
257
151
243
307
152
204
307
307
40
44
120
32
230
32
238
307
293
70
230
40
9
214
70
279
108
22
234
92
279
44
187
70
188
38
152
8
71
67
152
6
141
300
53
22
34
116
296
190
230
70
173
257
150
131
230
257
275
40
152
57
398
49
92
307
40
347
347
40
40
120
150
205
40
38
236
290
236
72
111
106
257
307
92
71
253
300
141
65
301
152
120
92
92
108
157
111
40
259
152
120
150
40
244
40
41
95
38
307
230
43
300
151
108
248
22
109
123
150
152
40
259
71
230
307
284
405
335
40
151
230
92
132
234
300
150
150
123
92
318
230
49
95
166
239
239
273
4
300
14
40
9
290
22
71
105
190
111
118
293
92
338
152
234
230
40
152
40
105
141
316
150
230
40
234
40
70
259
239
49
40
120
40
279
111
307
71
16
40
188
160
8
44
106
44
239
158
362
35
288
288
170
170
253
241
150
64
114
230
267
261
67
44
239
230
230
180
40
150
152
283
120
288
271
188
70
26
70
88
150
71
239
364
270
188
267
115
120
239
71
136
335
150
92
40
44
40
158
205
24
40
230
151
239
257
33
335
44
61
188
50
36
141
158
4
173
8
154
40
118
44
44
95
234
283
307
4
336
279
92
49
304
335
152
307
259
259
150
230
205
69
239
39
32
73
92
161
27
243
67
239
44
123
92
152
294
121
318
263
215
255
44
239
239
18
40
244
230
170
257
152
152
170
152
152
152
251
318
92
73
109
160
160
142
250
9
92
95
152
95
265
150
44
150
230
275
141
113
271
22
230
101
118
302
288
141
309
33
40
318
213
170
111
205
43
8
335
158
318
239
333
62
40
152
92
72
16
152
198
290
189
120
32
40
150
176
40
26
205
152
150
263
111
307
28
221
9
116
26
20
170
257
150
49
106
283
26
160
40
136
239
31
159
52
120
398
9
92
40
120
161
299
152
57
44
157
307
32
116
288
22
159
239
318
234
239
239
2
304
152
44
170
67
73
73
314
318
24
275
141
335
230
73
92
108
288
188
108
8
92
265
230
349
95
67
293
170
92
95
290
250
40
347
71
32
259
38
32
261
272
239
4
71
70
70
9
71
307
31
73
9
70
22
32
8
8
136
114
234
70
71
284
8
108
188
150
239
57
120
67
58
239
44
211
70
111
70
152
50
40
70
257
35
239
312
61
338
61
152
6
160
40
50
118
44
261
38
150
49
150
230
171
233
293
314
27
239
265
40
230
159
364
230
159
40
92
38
290
304
199
75
170
92
283
306
349
294
9
40
8
9
70
67
71
307
2
78
230
26
71
230
167
44
269
230
9
111
241
238
136
234
8
118
92
150
180
40
170
299
320
64
64
120
109
82
275
92
290
44
95
244
259
234
123
92
61
141
230
155
111
2
300
300
4
170
335
40
188
49
92
233
230
318
75
307
83
71
190
230
299
9
67
44
146
73
230
243
120
314
8
154
261
332
261
150
159
314
167
230
302
92
318
34
111
44
40
63
233
120
293
230
152
70
188
157
92
234
243
230
40
290
304
8
154
158
199
120
136
70
239
152
73
150
199
92
317
18
167
44
92
44
26
26
230
230
106
71
160
38
106
115
108
92
79
255
167
70
230
95
230
239
318
108
8
318
95
65
44
259
40
136
34
290
18
22
211
199
230
300
40
73
318
306
159
150
92
40
70
101
101
230
106
120
200
70
243
120
120
105
307
61
210
170
134
148
71
300
267
53
170
106
246
239
239
230
167
8
44
78
8
35
40
230
40
65
120
263
230
238
123
152
73
109
136
9
320
69
120
233
230
405
275
324
150
255
71
34
71
74
111
244
170
49
299
304
127
186
33
171
318
238
288
89
290
173
120
71
73
4
120
324
95
152
50
52
70
300
273
156
230
40
95
92
71
70
335
152
285
109
92
173
318
364
40
33
71
159
36
317
314
240
95
92
120
239
239
239
70
32
200
32
70
67
36
92
105
160
259
390
230
10
307
221
173
255
198
40
61
318
72
190
191
194
205
142
299
188
106
70
74
255
95
300
246
92
109
230
40
294
18
26
71
8
120
8
215
67
230
170
259
334
44
57
101
71
92
150
160
92
44
307
92
280
257
123
34
290
215
257
154
156
310
40
18
267
198
92
44
158
40
300
160
207
70
284
8
293
154
67
95
106
239
150
234
191
202
111
190
190
111
106
230
57
70
162
34
64
120
230
230
318
234
301
198
275
152
201
234
197
40
198
217
109
230
152
94
6
8
123
225
111
310
71
8
208
221
49
120
257
290
108
288
317
70
150
49
160
290
151
162
163
106
140
34
320
22
136
191
120
70
160
161
152
44
44
120
95
238
255
54
64
43
206
61
22
167
44
300
61
230
198
248
170
115
188
67
318
59
108
314
9
22
273
44
310
160
83
314
120
24
205
78
78
190
108
105
300
44
70
73
243
220
269
320
251
44
290
296
101
312
188
259
300
317
26
160
92
92
92
44
307
67
67
265
22
198
160
168
89
364
120
398
22
170
125
159
317
34
71
197
271
230
113
161
9
70
22
290
158
67
230
34
208
80
257
34
8
148
120
8
147
95
55
157
73
71
152
70
70
22
125
335
120
205
9
71
294
10
241
307
270
239
318
92
113
120
92
150
225
271
216
52
95
120
284
95
159
4
269
230
91
158
160
70
160
71
239
32
216
71
145
95
230
152
318
92
234
24
95
68
33
230
48
44
388
149
141
95
147
69
230
321
230
205
5
120
140
159
136
76
120
257
273
141
150
152
284
189
120
268
290
71
16
36
270
62
243
159
201
230
159
206
159
160
158
105
34
154
67
154
244
290
299
92
13
158
108
34
111
95
230
230
178
294
263
150
273
318
73
148
67
151
70
120
71
57
40
317
154
154
67
288
111
318
152
73
92
288
95
243
44
307
40
240
52
190
160
230
304
48
92
290
34
92
160
198
307
26
88
166
148
318
98
70
188
150
317
44
302
201
170
67
160
70
290
314
188
314
163
72
6
50
154
54
290
397
132
241
152
95
33
191
53
18
142
212
92
70
54
318
230
230
26
34
127
95
318
141
65
32
259
230
61
190
318
160
34
309
335
243
288
95
336
251
157
335
40
64
44
136
8
241
259
328
327
160
161
273
71
364
283
230
40
327
328
270
267
335
52
105
33
142
234
335
41
161
140
257
221
335
92
2
92
150
74
240
40
239
327
271
22
34
234
239
120
44
304
154
140
307
105
230
78
324
44
40
120
59
35
334
233
205
92
160
246
34
189
159
44
71
241
64
238
167
120
105
120
137
55
247
157
34
188
71
334
72
45
207
246
244
140
170
73
120
337
290
241
118
150
233
8
109
120
241
73
334
230
307
239
148
312
105
70
290
202
230
44
307
159
347
140
92
150
150
145
327
259
233
150
210
241
158
158
158
378
369
48
338
150
120
120
191
208
255
61
243
188
230
299
290
131
59
270
71
414
57
159
109
378
272
127
41
230
44
152
378
168
239
307
59
211
335
40
236
2
373
95
123
161
173
84
61
183
159
247
309
241
259
118
158
25
230
140
44
230
44
259
141
95
92
300
61
49
92
346
317
378
238
160
120
299
290
141
35
338
83
230
239
250
239
64
44
64
299
33
259
324
