44
120
44
267
27
57
66
274
241
44
251
48
44
54
44
48
239
269
44
54
120
54
57
250
44
44
150
150
181
57
251
398
48
250
48
19
48
68
57
129
151
276
48
250
251
398
54
267
57
251
44
48
48
276
249
44
62
251
48
44
250
227
250
94
62
44
48
48
272
44
276
250
44
44
276
250
44
62
48
62
257
44
269
251
276
48
276
48
150
44
44
243
44
201
120
33
109
44
44
59
171
120
44
120
239
239
239
166
44
259
27
259
44
57
169
48
62
54
173
202
42
167
167
259
259
113
19
48
120
166
167
44
44
33
44
129
272
263
279
257
109
101
48
247
98
150
245
317
129
276
167
239
44
48
66
269
8
267
111
148
238
259
230
44
64
259
116
230
304
178
397
44
259
230
259
48
64
61
25
61
113
253
259
259
307
101
101
246
246
259
229
290
109
148
259
151
247
239
120
259
44
151
276
247
120
239
239
44
239
126
28
168
230
257
181
59
148
274
68
31
61
101
129
120
246
151
109
79
120
49
234
40
113
120
108
115
259
49
257
28
300
239
241
57
246
34
29
113
250
109
120
70
151
109
125
49
173
234
33
33
276
162
243
397
239
234
141
259
113
141
148
141
158
90
44
49
115
44
141
307
238
308
230
33
154
144
33
139
271
122
259
234
173
115
246
238
255
109
101
67
103
259
279
259
63
44
125
243
246
142
247
271
139
259
99
101
259
125
233
294
263
109
57
211
141
238
113
116
62
116
239
247
239
307
244
34
230
64
33
44
139
250
239
148
101
33
120
230
49
190
44
150
218
101
246
64
92
44
61
259
239
230
173
111
158
33
25
44
234
113
61
52
61
217
169
154
109
151
152
259
159
128
101
233
109
146
307
307
51
35
90
259
254
112
112
112
112
148
49
42
307
307
49
101
44
148
259
259
41
243
141
263
108
33
398
247
263
148
259
230
241
33
255
239
253
44
213
314
108
42
290
139
106
54
68
151
38
154
239
152
245
307
31
34
115
181
68
44
29
120
115
35
270
61
68
54
62
44
44
44
241
259
308
273
259
129
127
259
239
259
101
68
273
64
116
109
230
241
259
26
109
229
109
70
267
109
29
257
44
116
141
64
238
250
239
44
271
61
230
230
151
284
129
61
120
21
239
115
141
167
110
233
31
56
239
239
159
25
105
116
257
44
34
76
239
129
29
246
105
169
49
269
42
115
238
111
49
259
192
247
259
263
198
70
234
28
129
120
27
254
123
108
307
233
259
263
141
239
31
113
259
129
141
16
259
95
159
230
270
159
153
153
253
108
158
125
54
106
25
208
233
318
259
230
230
109
108
4
120
276
29
43
247
141
120
234
125
116
141
34
25
290
292
150
61
123
25
33
227
120
108
108
42
239
149
259
43
40
49
70
230
123
90
259
101
234
173
169
259
31
28
101
28
158
234
123
92
111
58
44
141
115
61
318
259
230
44
269
35
233
173
270
33
127
263
230
95
34
299
259
273
44
259
49
293
31
246
111
162
238
293
300
173
116
115
234
49
227
73
150
300
70
290
115
112
238
106
115
263
34
44
78
230
152
120
159
41
139
116
307
152
129
307
246
29
131
112
41
290
120
141
8
259
49
49
134
43
125
116
49
116
92
101
141
259
308
43
276
245
238
141
173
173
273
269
108
141
263
259
259
78
141
239
116
49
33
246
101
4
115
84
308
38
2
8
141
49
49
78
78
4
304
271
41
151
44
112
69
188
47
47
307
22
200
221
162
2
33
43
2
62
141
141
154
273
230
41
239
44
246
230
141
5
253
120
143
64
32
244
123
95
255
292
190
89
243
67
151
10
259
39
269
141
116
24
264
132
307
55
230
239
173
70
318
64
141
141
95
49
230
78
129
152
23
141
259
34
300
306
160
31
234
239
141
259
116
139
273
246
4
8
259
140
95
108
151
2
112
152
246
92
238
18
20
173
259
8
76
160
101
129
40
307
70
259
120
26
140
173
304
239
151
148
23
94
111
38
152
22
318
239
211
37
233
67
251
290
259
41
40
273
34
312
239
259
257
5
307
139
30
22
4
95
152
37
155
123
259
108
5
5
234
300
90
259
68
230
70
234
264
113
314
54
61
188
70
246
152
270
59
154
113
65
151
234
38
113
4
58
40
230
95
308
71
61
98
98
191
162
83
70
40
173
251
70
40
259
162
34
108
76
259
70
234
95
92
213
159
155
120
190
259
158
33
173
76
238
140
113
24
4
188
90
259
290
335
158
296
259
125
259
318
40
259
41
78
64
276
111
307
43
8
73
155
42
162
70
173
173
159
122
67
259
148
70
120
51
239
148
120
49
308
405
235
148
49
173
34
95
48
335
335
49
239
246
70
76
37
307
70
239
123
22
173
32
318
70
153
333
70
259
22
291
40
70
32
49
92
22
4
4
248
300
146
218
146
57
28
234
148
190
211
42
196
190
32
259
32
191
190
32
205
155
259
4
234
70
152
249
405
173
140
247
70
259
71
234
324
227
141
101
43
70
188
95
217
152
116
246
71
188
32
70
155
120
73
22
205
259
273
158
152
290
70
259
307
397
257
70
154
140
113
49
142
307
259
132
90
108
65
259
259
70
152
49
234
40
155
76
204
44
188
162
190
208
49
43
64
141
40
18
78
44
307
298
193
155
157
157
49
70
205
318
159
120
335
234
234
239
307
259
25
167
173
204
255
22
214
8
80
311
159
251
311
260
5
270
259
67
152
154
259
263
230
333
190
34
70
68
72
33
238
152
312
49
10
315
141
40
70
259
49
213
108
74
70
70
67
110
22
40
240
120
23
159
152
70
307
120
49
44
290
234
2
40
167
61
22
40
230
78
227
335
32
196
264
70
234
190
190
230
307
148
92
70
152
157
229
189
34
148
40
287
259
22
70
389
40
151
311
80
311
311
80
311
313
95
29
310
173
40
90
190
76
34
55
95
335
213
298
40
72
161
40
70
71
70
335
141
9
40
4
34
259
159
259
70
40
95
70
259
40
335
105
296
92
34
263
57
189
239
259
22
98
239
101
70
18
49
190
33
335
152
125
22
105
34
141
239
56
95
47
70
105
150
148
80
160
234
120
141
189
33
160
120
22
4
259
70
211
14
152
40
315
259
49
5
212
239
64
40
120
22
234
70
120
34
230
239
95
34
4
206
152
153
152
234
70
173
189
72
159
80
72
9
70
152
92
83
201
111
34
205
70
72
38
190
31
239
40
284
92
255
259
141
157
70
42
241
70
141
234
70
189
140
155
201
2
22
239
148
335
241
323
239
315
169
70
270
8
263
140
233
283
160
151
34
70
213
223
259
70
70
40
206
142
203
70
197
234
310
70
347
76
43
215
111
335
8
150
239
40
253
31
234
311
190
318
253
26
169
263
259
120
128
95
155
155
70
335
92
213
239
98
146
230
338
70
190
259
109
60
40
160
34
92
35
92
57
239
71
200
154
210
200
209
208
190
204
16
40
161
159
40
67
112
173
72
24
70
73
26
8
173
107
78
24
40
70
92
288
34
120
3
70
43
111
238
32
157
286
78
270
40
76
304
70
43
323
22
92
40
189
70
234
40
193
259
51
155
284
155
70
111
22
120
129
152
234
92
288
95
2
335
159
120
193
129
70
70
234
356
58
155
234
40
199
111
70
158
134
40
284
263
34
215
197
150
259
71
255
162
70
70
44
288
155
112
120
70
70
234
123
234
230
70
120
33
34
173
40
259
318
158
8
141
105
397
32
307
95
95
55
49
40
8
140
84
312
335
63
70
72
239
197
190
335
70
405
306
111
283
152
160
157
230
92
92
230
34
230
179
70
71
151
259
234
34
67
70
26
108
199
191
120
22
159
240
307
44
9
70
70
201
190
159
53
34
40
239
22
111
61
95
263
143
2
288
40
290
211
43
151
335
40
269
148
105
70
70
161
90
193
234
22
152
92
92
70
273
22
250
106
141
335
152
213
108
290
259
279
41
92
116
202
106
31
157
230
28
190
70
157
259
84
8
301
98
106
180
70
397
244
154
154
173
6
263
259
201
288
152
95
70
152
324
64
246
160
261
70
92
188
310
84
373
6
141
263
95
318
64
191
160
72
312
160
71
166
63
238
40
70
213
26
154
210
70
263
33
287
140
303
32
306
57
288
160
190
259
259
44
159
234
131
120
333
288
92
154
288
34
284
106
92
203
71
73
290
193
109
104
63
9
120
22
259
142
140
70
9
155
111
70
94
323
38
211
6
141
288
95
273
229
270
8
259
279
9
9
234
34
41
141
320
70
108
54
70
288
70
239
70
283
84
34
189
70
259
154
188
108
70
307
72
84
70
288
22
43
44
293
238
306
208
70
234
270
70
201
9
72
70
26
131
5
152
193
157
190
193
107
71
290
34
173
66
279
213
34
120
55
45
34
101
95
234
33
120
4
288
288
108
84
141
70
71
43
143
244
288
188
288
92
273
120
59
288
49
40
288
34
275
179
143
40
34
120
150
307
300
8
132
141
120
92
44
44
40
143
61
288
70
75
161
70
263
154
152
230
70
290
16
259
279
49
141
189
73
131
71
212
279
335
275
70
70
211
9
352
8
201
84
288
263
141
73
32
288
74
273
18
288
263
48
288
159
259
140
270
38
92
49
49
285
40
307
95
320
315
301
111
230
141
259
92
72
293
141
275
109
179
288
288
160
269
288
70
284
283
320
71
279
70
397
111
290
112
59
140
169
288
160
120
75
140
144
179
141
141
288
288
111
283
290
120
211
71
288
92
190
44
44
179
153
92
279
13
40
132
70
40
134
288
288
315
70
264
279
288
288
275
240
255
101
288
154
288
288
323
154
352
281
37
152
70
98
44
248
105
70
139
132
370
160
405
137
307
188
70
160
294
32
210
125
142
95
302
41
288
144
120
140
286
288
92
299
84
336
160
320
104
70
264
288
70
72
230
279
108
182
33
98
288
120
155
92
120
205
211
248
315
233
18
73
33
259
288
279
160
175
92
179
104
154
398
106
269
263
70
140
250
120
26
73
250
34
92
263
188
197
22
167
264
141
213
301
263
253
290
318
238
141
40
288
191
161
80
143
84
288
95
154
273
57
290
92
335
275
301
67
70
201
263
215
139
213
273
288
248
211
70
318
66
251
288
92
170
70
140
160
139
239
26
248
40
70
259
84
105
230
263
288
290
14
10
120
139
108
240
179
288
134
9
234
9
148
234
198
84
157
260
234
307
44
70
189
240
55
213
139
263
92
213
264
109
263
144
26
46
61
140
101
288
157
293
192
95
72
234
229
70
263
70
183
263
273
179
179
259
263
73
84
292
171
117
397
70
26
347
70
230
288
67
246
288
70
73
301
311
151
320
154
22
264
239
187
70
140
34
157
70
70
37
115
176
288
259
269
290
311
249
347
139
11
57
109
70
38
288
120
261
92
307
132
259
70
141
94
73
288
259
111
70
269
288
250
288
181
347
307
140
120
288
283
240
70
140
120
259
111
92
78
67
94
249
140
70
317
140
131
179
157
70
273
318
320
269
44
259
269
318
22
95
284
301
75
251
3
70
171
288
270
311
191
151
105
293
301
307
80
74
70
276
44
288
269
263
288
80
263
245
9
237
251
316
290
159
311
189
72
108
151
288
134
269
233
257
290
148
270
288
154
198
301
307
248
264
288
288
120
240
70
4
345
279
140
121
74
287
240
179
250
125
61
120
179
92
288
288
288
101
211
269
283
189
70
22
151
211
290
304
315
95
49
288
263
290
213
311
248
290
70
70
158
301
288
105
288
66
251
140
111
101
290
269
61
95
288
312
49
276
320
39
299
290
92
139
160
70
66
66
44
269
127
299
46
95
270
144
71
288
169
288
92
95
288
288
154
307
70
290
290
211
335
201
50
29
140
84
40
26
173
31
240
141
248
43
352
301
288
140
43
240
70
234
48
240
240
27
95
181
270
204
154
301
398
211
4
70
292
157
301
31
246
320
140
283
73
34
288
70
250
335
288
301
290
144
398
82
314
142
44
213
140
154
57
248
79
61
48
196
160
179
307
92
108
397
205
54
131
264
320
279
120
70
70
301
151
283
290
70
52
44
230
134
92
141
208
70
150
72
14
26
72
287
290
290
301
127
301
301
230
44
159
70
239
52
61
263
321
321
321
321
321
321
321
321
321
321
321
321
321
321
321
95
70
259
28
108
250
301
281
62
26
44
158
84
118
59
140
92
301
70
398
22
143
61
5
84
188
70
4
290
95
84
70
203
311
288
259
111
190
120
120
93
248
125
259
319
64
151
279
44
171
274
148
103
73
335
84
84
246
245
44
5
44
283
240
250
335
120
248
70
301
120
44
63
113
241
259
72
235
315
95
250
230
92
140
328
154
44
301
54
335
286
144
248
154
127
35
181
127
120
290
112
154
92
269
369
288
44
154
44
112
61
120
317
64
283
156
301
288
61
250
54
48
120
120
61
150
188
