57
57
230
62
61
120
259
62
54
57
44
54
48
234
57
257
44
54
252
44
44
61
113
300
57
314
120
252
243
150
113
54
313
313
283
44
44
398
54
243
307
33
44
127
43
31
239
232
33
120
239
167
44
31
70
150
33
241
313
146
313
112
150
239
158
70
33
239
42
110
259
234
150
68
67
33
149
230
241
230
259
73
44
227
49
115
230
273
41
167
154
111
44
307
307
259
42
259
120
42
245
234
158
335
8
304
8
239
109
148
273
167
113
125
120
111
259
159
151
5
230
246
141
54
230
120
358
26
57
70
151
159
68
162
37
308
112
314
8
106
90
115
49
54
257
234
151
246
44
335
95
239
271
152
181
120
229
313
148
153
40
31
111
259
259
115
313
148
307
251
234
44
257
35
114
38
134
29
67
246
307
141
67
243
234
34
51
234
259
239
123
111
246
150
239
239
246
108
87
21
33
352
49
49
304
238
259
49
150
112
49
298
42
234
70
230
314
158
159
120
308
152
234
335
335
32
313
173
211
120
21
115
73
306
16
18
32
259
304
120
127
230
259
18
18
299
115
307
49
32
307
226
44
307
271
38
54
398
259
120
152
307
307
293
313
234
113
259
304
71
239
243
188
239
116
90
42
71
112
37
159
187
54
313
42
227
92
259
151
32
230
234
313
33
115
42
245
230
307
142
352
352
73
157
246
304
152
230
106
141
227
259
236
70
33
276
265
265
67
125
151
35
150
144
8
318
300
67
41
318
151
261
238
245
142
203
33
34
307
73
243
227
234
161
241
32
313
238
71
33
44
34
116
33
336
150
152
152
49
347
263
70
296
34
31
293
44
259
113
234
245
44
68
324
304
307
259
120
32
42
10
116
250
230
120
51
227
68
314
71
34
50
168
152
230
259
162
239
152
398
32
297
115
287
40
162
42
120
70
31
155
234
234
46
90
26
40
307
159
44
307
49
215
111
22
129
123
120
33
152
211
106
238
40
155
284
335
173
152
335
70
283
4
33
3
259
31
335
318
22
92
155
320
152
225
35
279
146
89
5
32
131
335
336
288
9
32
259
70
49
323
44
211
292
307
40
157
120
229
152
120
22
284
370
154
152
335
26
87
234
307
240
229
73
73
52
336
73
259
125
42
37
8
259
279
40
157
120
72
239
49
162
40
335
241
44
335
336
259
307
92
70
259
259
373
335
336
259
243
40
300
95
68
26
40
314
70
148
32
312
306
300
259
307
307
24
20
335
32
113
92
259
75
83
158
35
152
120
9
92
238
95
115
335
10
92
159
307
87
120
70
73
259
263
313
22
29
159
70
112
324
239
84
34
335
233
335
134
35
230
8
32
141
131
259
26
352
230
307
283
26
307
70
323
26
244
114
73
92
152
26
131
335
335
230
105
211
279
16
26
233
242
117
308
320
270
32
49
100
111
314
169
87
140
120
64
162
279
152
307
49
50
92
42
324
323
115
108
190
155
141
157
230
141
324
238
6
8
40
131
137
26
299
246
230
49
101
158
279
210
155
233
141
49
131
238
241
307
92
26
307
227
284
307
83
92
18
308
239
73
259
246
150
72
141
259
87
273
134
183
141
84
267
54
150
259
32
25
92
347
141
152
142
70
32
10
335
320
22
279
159
115
233
347
73
279
44
34
203
160
233
32
279
288
63
18
288
187
288
73
141
287
70
211
288
4
160
376
92
40
37
14
92
311
157
301
183
270
34
239
287
239
288
288
234
239
140
234
115
288
284
71
40
22
313
335
40
71
134
87
301
92
288
335
288
49
16
288
134
292
284
9
283
112
63
239
101
92
142
151
71
288
288
288
288
288
283
115
294
288
273
335
70
142
154
155
246
70
315
71
288
18
288
288
288
288
313
159
288
140
288
335
44
318
50
54
49
273
288
141
84
159
320
121
149
73
279
140
70
288
67
50
287
304
120
238
288
8
299
314
288
64
150
73
279
141
318
67
44
158
105
95
307
69
313
101
22
92
288
301
287
131
288
270
159
288
95
273
105
22
84
98
307
137
63
265
225
288
336
131
87
313
288
313
127
273
279
70
70
92
50
44
92
262
233
300
288
259
234
314
140
320
146
211
152
123
146
262
70
25
173
140
279
347
318
226
118
270
335
120
66
150
191
288
71
299
288
115
307
239
288
10
134
335
49
5
70
320
95
131
96
87
234
275
299
150
26
335
111
70
141
299
148
283
335
35
120
230
244
158
234
49
9
29
244
131
70
44
414
234
327
238
120
95
70
240
299
44
105
332
311
320
68
63
139
240
315
6
97
325
330
241
269
290
95
332
120
257
46
141
338
44
150
60
150
398
159
57
140
307
163
127
340
230
288
44
259
118
44
230
335
398
140
