61
44
142
272
44
251
61
44
44
250
44
154
61
48
48
251
251
44
44
48
48
52
46
276
272
269
52
272
44
44
44
250
272
276
120
44
44
44
61
44
269
57
44
64
44
44
274
250
163
44
44
101
249
181
62
121
44
239
44
44
44
272
59
44
44
61
251
44
318
44
59
163
251
44
54
44
267
398
48
259
44
48
44
44
272
318
269
44
44
163
44
68
251
109
163
276
230
44
259
229
120
29
44
48
246
87
250
230
120
141
239
35
251
150
44
238
244
121
243
112
234
44
59
44
150
307
49
259
307
44
44
151
163
61
307
165
108
120
73
163
121
211
163
307
307
307
307
307
307
307
307
307
307
307
307
307
307
307
307
307
307
307
307
307
307
307
307
307
307
307
307
307
307
307
307
307
307
307
307
163
44
163
64
44
163
233
120
163
54
272
151
269
44
151
62
25
117
129
25
151
44
243
44
48
129
163
272
150
122
230
233
238
60
115
151
57
230
48
44
61
44
44
276
259
239
44
44
44
151
44
62
44
57
234
163
163
120
243
59
46
246
48
57
120
44
48
236
48
44
44
239
252
44
59
151
44
259
272
33
25
259
163
33
259
109
246
54
44
44
233
163
163
163
151
68
163
257
44
238
42
163
37
61
230
48
269
167
88
141
183
183
141
132
88
141
272
140
142
164
95
140
169
134
263
169
169
164
183
25
120
243
243
111
163
239
243
121
163
243
33
233
239
109
163
163
163
25
241
44
257
121
42
163
112
243
115
237
239
230
243
169
183
169
183
169
182
241
246
246
163
241
121
233
111
25
242
243
116
25
257
25
257
120
120
110
121
243
113
33
121
241
120
163
163
25
163
33
243
120
33
243
229
120
241
243
31
33
35
109
4
41
28
178
397
154
191
44
314
47
69
41
244
314
318
44
8
28
14
47
314
308
318
314
188
176
120
269
68
140
163
44
141
307
70
292
18
239
49
141
49
272
25
44
49
259
44
59
68
307
300
54
109
105
120
54
239
140
204
211
271
239
259
283
259
92
44
44
238
163
151
269
44
259
59
243
307
32
22
141
241
259
246
190
234
239
398
92
113
338
92
115
166
105
22
49
196
273
151
259
207
307
239
163
44
246
33
259
43
120
44
143
163
290
267
246
111
152
44
243
163
151
109
163
10
48
239
44
163
44
64
272
44
259
163
109
46
163
44
61
64
73
70
44
88
70
259
251
22
118
316
54
259
70
334
109
215
257
92
41
56
70
33
233
151
79
152
239
44
109
239
233
42
163
307
59
259
250
208
64
44
292
49
255
44
109
163
251
208
48
155
151
88
78
92
230
71
41
148
239
8
95
49
269
259
61
259
38
259
112
234
239
260
290
261
61
152
230
41
239
261
49
164
71
68
239
152
318
290
44
109
318
307
44
311
273
263
8
151
163
8
318
176
249
161
243
106
234
25
105
167
49
121
263
78
95
49
32
78
116
318
154
263
263
8
8
49
324
49
113
44
73
151
65
54
148
259
40
293
92
40
120
59
202
336
106
336
239
4
92
37
44
32
163
112
44
49
150
109
4
151
88
59
120
44
18
259
307
101
42
293
118
261
299
80
44
50
314
121
32
140
259
33
78
307
48
289
32
159
317
234
116
259
233
129
44
49
307
32
54
134
109
109
57
152
190
70
259
95
239
34
211
49
234
151
44
239
318
116
44
234
243
95
201
307
33
101
204
307
113
152
152
190
55
49
76
193
190
26
322
74
44
259
22
152
239
194
163
22
229
183
234
226
61
9
208
234
205
191
32
32
22
152
18
121
163
32
25
183
121
285
36
311
32
121
310
263
259
307
34
34
163
199
88
38
59
33
312
152
113
163
234
234
142
120
44
263
307
152
44
151
4
160
259
28
311
150
314
188
239
54
152
22
49
2
66
251
40
230
120
307
290
140
158
261
234
239
40
243
139
152
31
44
32
129
163
188
120
22
302
215
209
34
57
307
233
211
259
234
234
239
78
169
61
78
64
16
188
70
22
153
263
70
44
111
44
70
155
307
106
166
249
32
120
120
239
95
259
307
272
208
190
270
284
140
88
41
205
259
160
193
121
225
40
73
71
151
112
112
70
239
201
155
152
70
44
36
8
182
18
234
139
121
151
236
243
44
307
188
106
269
154
251
25
109
32
159
137
49
364
22
215
290
40
84
263
307
307
234
204
61
250
16
140
44
115
141
204
303
311
303
307
269
207
207
212
67
190
43
214
120
250
152
78
163
398
188
44
44
302
25
311
129
88
259
188
134
140
57
307
49
250
276
44
272
307
269
311
154
259
117
276
134
307
142
108
244
32
248
294
120
148
106
233
61
92
309
22
190
272
44
269
211
68
32
272
307
269
48
44
233
139
44
90
214
272
190
263
33
139
318
259
230
318
86
47
158
272
140
246
307
136
44
52
134
166
163
44
44
250
239
22
314
125
44
163
285
117
40
92
276
141
104
29
59
140
307
44
165
243
250
140
140
40
259
78
273
44
257
262
49
234
233
244
216
318
290
299
44
249
120
170
300
44
311
44
251
248
240
83
25
239
88
38
22
16
134
322
67
276
44
308
307
10
44
59
165
243
307
307
140
48
261
251
307
312
255
37
276
59
142
163
59
311
88
44
182
311
68
269
259
243
170
8
290
183
201
263
64
250
87
269
290
44
49
270
59
238
44
48
259
252
311
142
251
44
22
127
144
311
140
109
290
290
290
103
57
57
151
259
140
234
44
249
120
44
44
190
234
272
307
44
44
44
59
61
87
239
322
44
25
311
269
290
120
307
44
265
290
44
276
183
307
299
272
311
113
70
8
163
109
234
163
261
61
239
44
317
109
121
163
364
153
246
120
140
115
163
290
154
251
10
114
78
311
284
57
44
162
299
142
80
87
151
44
127
44
183
54
140
239
364
307
1
290
163
307
311
317
234
317
52
163
127
231
88
140
57
59
165
298
243
290
163
337
317
163
239
