168
150
137
44
314
120
179
176
6
41
300
335
127
314
243
259
141
152
230
241
300
336
261
263
49
293
67
233
113
125
336
259
109
120
49
111
120
300
10
120
76
152
234
8
168
314
243
150
234
68
188
109
38
108
120
8
76
259
300
300
230
246
120
239
398
91
178
307
246
234
246
259
159
234
259
300
67
293
259
41
239
300
49
257
230
25
111
109
185
112
261
44
61
257
159
129
115
234
246
76
405
152
230
120
101
120
155
123
49
80
251
64
54
259
212
239
239
257
125
152
118
120
239
120
120
120
159
168
241
49
239
257
61
300
229
120
233
269
111
243
307
167
152
163
125
264
276
120
230
230
109
44
92
164
71
109
118
29
229
234
310
238
300
67
239
67
40
120
152
49
307
241
307
188
259
109
259
230
211
246
203
65
239
65
314
234
76
300
65
239
279
230
49
49
98
70
95
115
111
151
152
10
49
141
49
33
71
241
31
251
257
44
188
259
259
160
230
239
234
257
230
241
118
188
52
150
259
108
246
225
230
120
64
230
116
336
67
8
238
2
16
76
33
167
246
118
141
44
95
95
162
151
318
226
152
120
35
151
188
71
230
214
259
34
188
288
111
259
35
2
152
259
259
230
120
336
398
120
318
49
61
148
152
152
44
230
65
114
167
40
50
336
113
109
155
95
34
41
120
26
318
148
120
152
38
49
8
300
397
120
152
141
251
140
64
259
33
120
300
300
318
152
241
152
70
300
38
234
152
259
90
152
241
239
129
152
267
70
89
300
191
67
150
111
300
234
33
49
300
32
200
76
304
230
129
71
275
109
120
8
159
40
120
120
49
243
70
120
243
246
49
347
90
25
34
238
241
241
49
229
251
44
160
76
318
49
120
24
67
76
111
307
233
259
41
167
233
8
44
225
314
260
8
230
271
152
141
2
241
230
78
141
109
293
76
336
300
214
70
22
73
150
246
73
152
92
35
120
115
152
109
190
40
257
8
49
32
246
70
33
204
49
118
91
335
109
70
9
92
257
108
152
32
32
57
300
307
70
44
64
88
230
49
111
37
120
49
318
259
35
316
166
120
317
152
44
38
29
95
120
259
159
16
111
234
16
65
2
304
32
318
113
241
150
38
64
48
152
49
304
57
150
118
101
120
35
49
200
109
306
49
34
288
109
152
120
335
398
211
90
257
67
163
188
181
152
38
49
336
141
35
44
141
120
88
49
123
307
61
234
25
188
74
120
152
307
8
259
34
44
44
114
230
109
120
18
336
204
271
123
324
398
234
118
275
109
155
49
164
164
164
188
126
113
141
173
243
241
239
40
152
92
22
40
73
367
304
239
293
95
88
239
304
257
110
118
49
318
188
32
151
40
318
92
160
49
252
108
120
152
259
160
189
189
37
90
67
316
318
42
32
188
230
33
33
33
152
70
33
276
234
152
106
242
2
259
95
120
152
120
239
150
243
54
49
83
40
121
70
120
300
208
114
241
152
310
120
116
288
152
302
140
239
152
239
120
243
234
150
76
143
159
197
211
198
67
78
70
71
229
269
32
241
92
234
38
4
24
307
283
71
152
108
125
47
136
190
92
347
113
120
109
152
40
300
120
257
140
112
34
152
152
151
160
40
113
70
152
73
307
257
67
40
120
32
347
40
259
38
152
238
148
259
40
286
243
190
307
402
259
288
26
68
288
141
268
32
283
290
8
230
152
120
40
302
32
259
159
113
239
279
92
110
159
323
259
40
40
9
308
259
246
71
152
49
259
201
44
162
71
150
49
95
63
44
57
257
31
32
70
112
49
300
22
293
234
120
40
120
40
44
22
239
49
38
257
111
120
167
284
182
49
32
318
76
71
234
300
318
336
111
263
269
120
140
288
8
140
76
244
336
14
140
8
163
200
49
347
49
49
307
307
307
307
265
70
152
75
307
307
307
307
307
307
307
188
70
159
25
293
49
10
318
152
49
223
152
243
283
70
160
71
67
230
229
279
234
9
114
120
257
2
300
294
318
36
136
233
40
230
105
151
71
120
43
96
152
201
269
115
152
49
279
59
140
318
267
265
293
108
300
276
50
283
173
49
40
70
120
238
336
49
125
152
38
243
230
202
288
336
71
293
108
284
271
307
92
261
116
92
105
65
8
173
113
211
109
307
92
71
18
20
307
150
318
279
307
259
26
90
26
71
257
259
44
49
239
32
42
317
101
307
61
239
24
155
40
44
88
44
44
49
40
8
120
50
161
34
275
304
307
92
32
234
152
143
70
239
289
8
239
239
123
9
44
140
157
288
92
288
145
95
335
336
118
243
239
38
288
50
288
70
336
229
269
252
76
191
304
300
44
40
40
160
73
334
246
40
111
74
20
140
43
273
49
230
120
348
234
304
246
111
152
70
152
16
40
300
294
293
260
336
234
335
243
300
239
113
230
150
159
190
34
246
95
230
22
263
288
318
33
152
70
70
92
95
259
164
239
152
40
71
160
70
71
120
71
33
26
276
300
300
18
95
157
41
44
241
336
32
83
298
230
8
26
233
118
66
279
114
32
314
108
257
152
259
95
8
335
335
335
118
269
49
71
215
40
26
246
120
120
290
108
397
40
40
288
18
120
67
246
300
241
109
40
239
8
118
230
118
267
61
44
41
40
40
40
120
92
8
315
234
120
230
264
159
70
92
40
92
140
140
71
362
300
307
264
120
49
79
160
92
18
49
299
120
318
44
190
239
49
288
279
279
279
147
289
300
148
32
293
307
105
8
24
288
198
22
234
26
45
67
4
233
234
71
402
239
160
161
71
288
273
92
255
294
398
300
67
314
70
293
259
150
188
155
26
211
257
140
49
300
157
190
120
84
76
190
298
259
120
49
234
154
347
335
304
320
236
88
120
323
120
52
164
127
201
259
288
190
120
120
190
161
190
33
259
64
70
230
314
267
205
115
304
44
120
139
40
144
26
120
315
190
239
180
9
230
98
105
160
233
259
39
109
35
234
120
293
347
188
110
64
140
398
120
398
73
150
300
307
118
8
185
239
49
160
251
152
95
34
284
143
362
244
152
73
290
40
250
132
118
164
314
26
140
32
188
234
44
239
257
68
120
35
159
95
80
233
159
398
279
230
120
239
106
234
299
129
263
109
137
288
234
71
12
70
54
259
120
141
120
269
120
57
151
33
160
335
