317
72
44
276
259
120
44
230
111
150
120
92
109
67
109
234
150
230
95
120
71
239
246
90
259
32
70
31
95
70
230
234
246
70
125
63
259
120
300
95
2
318
148
259
112
159
47
314
32
293
239
70
335
54
38
310
125
259
58
234
259
239
109
290
307
234
33
49
239
300
79
188
49
95
41
120
259
72
33
120
239
115
323
343
300
44
48
162
111
150
291
44
290
312
120
239
180
109
120
241
230
243
44
120
239
125
148
54
75
49
70
70
38
54
155
271
271
239
57
33
76
246
92
49
160
188
234
239
95
111
150
234
161
226
67
34
71
225
38
362
71
70
328
40
163
239
16
238
238
405
92
152
111
25
34
362
34
120
151
43
49
239
71
318
71
263
263
287
160
152
141
160
70
307
8
71
263
243
362
113
234
71
95
230
398
70
95
20
238
307
210
24
70
317
71
95
70
151
234
152
70
70
70
26
22
234
239
26
220
141
304
307
239
22
160
158
234
205
95
111
71
316
141
150
362
161
284
293
71
249
22
300
141
173
241
307
271
70
112
362
239
111
32
120
70
105
131
290
71
106
188
26
169
51
92
108
137
298
76
307
307
307
73
161
40
284
49
120
159
178
271
32
161
271
293
239
157
284
304
70
292
151
152
160
307
205
293
292
55
70
111
291
92
318
300
120
188
160
190
324
160
234
308
239
70
92
32
105
234
54
284
275
136
33
70
70
40
136
70
70
95
105
70
92
9
148
8
95
161
173
151
132
304
99
98
118
34
70
70
140
26
22
290
40
213
136
74
40
70
160
159
70
190
70
157
189
4
238
26
293
335
67
154
109
160
105
248
123
161
150
70
70
22
159
95
157
133
160
71
150
120
233
263
158
95
153
70
290
106
70
160
75
189
48
299
318
70
70
44
161
290
321
323
240
36
71
105
397
36
141
178
120
18
160
154
292
101
68
160
112
229
225
70
160
160
33
129
351
253
381
351
155
287
398
120
307
54
26
233
34
