307
246
398
246
238
35
283
307
307
264
91
91
44
109
152
65
153
300
49
10
211
67
67
67
120
113
113
244
244
236
244
111
243
168
35
70
300
41
245
246
287
294
318
318
318
70
233
152
152
152
152
113
113
113
113
259
259
259
314
111
44
116
81
87
79
259
113
109
41
44
68
92
233
61
246
245
189
35
108
146
292
307
59
92
120
109
188
314
269
62
246
159
233
49
116
35
108
152
71
314
169
233
162
261
314
307
109
233
171
243
33
87
266
233
33
116
259
154
314
307
152
257
64
44
120
62
266
259
246
51
25
49
120
259
41
49
259
67
300
164
33
307
307
91
91
307
307
307
307
307
307
307
307
307
307
92
307
307
398
44
307
57
108
233
249
46
243
120
238
233
68
120
238
113
57
108
238
151
251
61
120
57
57
44
44
398
59
44
44
44
57
44
109
113
49
44
61
44
44
183
95
338
164
133
104
264
141
140
134
183
87
140
141
141
264
141
264
317
70
87
291
200
182
183
35
164
241
33
230
35
243
108
233
120
120
120
108
116
109
150
230
243
35
259
246
39
243
241
239
115
120
120
35
243
241
120
230
297
108
243
150
109
108
245
239
246
33
241
120
25
233
35
126
243
109
233
233
111
109
233
120
153
35
120
29
245
120
150
240
120
230
109
257
150
233
243
120
150
111
151
397
78
314
318
148
314
142
314
78
8
314
314
306
314
314
314
6
314
314
6
8
300
188
188
188
271
271
271
239
158
259
259
106
249
61
120
49
32
92
32
244
33
151
44
141
109
243
152
314
111
205
112
111
49
32
39
106
318
32
73
108
300
233
8
49
70
233
250
62
259
230
33
233
35
111
83
152
262
239
22
40
152
70
141
239
293
259
38
111
233
49
109
111
336
158
141
76
141
49
75
167
106
105
234
300
39
316
35
150
76
35
300
246
32
64
38
307
125
112
167
18
245
266
32
76
49
249
111
300
154
109
271
243
63
123
300
38
120
300
314
32
39
8
298
314
111
259
271
35
32
259
37
150
233
108
44
123
113
116
314
152
57
49
171
148
357
22
155
234
78
115
115
116
244
155
143
240
150
49
246
35
141
233
152
38
49
43
106
307
49
267
35
108
8
352
115
229
230
148
37
304
259
32
168
10
259
8
92
284
35
33
152
140
39
152
59
244
259
151
293
35
39
152
8
152
152
32
35
121
238
39
49
150
230
20
37
141
32
22
49
39
108
32
33
152
338
35
116
108
239
233
155
167
2
293
109
71
148
154
152
152
398
318
32
129
314
238
115
8
37
294
8
151
291
8
67
35
92
152
233
296
144
264
259
144
111
241
157
158
92
300
35
118
106
33
35
155
188
233
152
109
152
78
67
230
37
151
230
76
152
259
111
152
259
104
49
241
260
22
152
243
233
259
259
324
73
29
120
120
159
307
65
39
246
67
8
236
292
115
259
153
233
109
188
8
109
24
259
152
9
108
24
150
148
20
314
134
120
241
113
78
300
35
264
300
16
38
123
2
39
6
233
259
120
259
259
8
49
131
8
32
211
246
148
111
113
152
108
245
152
37
336
259
293
9
239
259
307
150
120
246
32
226
49
314
233
293
2
243
120
155
2
37
92
40
316
304
244
152
140
71
261
266
78
111
35
115
78
264
257
88
40
131
44
49
300
24
206
115
35
37
249
6
44
152
259
259
44
71
245
111
335
34
259
260
316
160
211
65
259
54
95
111
259
259
44
152
160
204
8
205
111
234
33
314
241
109
155
32
239
155
22
158
150
70
78
141
113
190
405
131
214
159
40
306
39
61
233
94
150
71
259
70
148
233
115
152
152
9
308
259
131
131
26
152
90
318
304
334
114
245
152
141
40
306
2
239
8
284
141
190
44
209
272
259
259
259
259
151
113
243
76
141
259
233
49
71
49
318
92
92
307
39
44
210
190
259
49
148
236
211
92
37
49
22
259
158
230
39
246
306
389
259
308
335
234
22
111
38
63
39
157
10
55
120
259
152
106
294
148
33
18
296
261
67
246
41
265
49
336
158
70
92
39
92
151
18
26
245
6
70
18
8
8
40
190
204
26
37
35
39
44
44
111
49
8
64
152
134
143
290
269
300
57
238
243
347
32
257
8
259
79
314
240
111
63
39
233
111
315
143
152
62
318
241
116
116
245
37
318
168
40
239
64
152
314
233
24
22
38
243
233
253
151
62
71
152
314
71
20
314
318
36
22
20
271
38
243
49
230
354
25
115
95
233
120
201
22
113
260
120
26
162
336
257
39
264
238
51
271
49
16
49
49
8
259
35
241
307
292
70
36
40
264
405
264
111
244
142
120
307
264
307
318
95
283
245
244
111
49
259
238
249
35
61
307
143
35
318
259
116
18
67
239
240
397
243
56
251
398
264
49
35
183
152
70
233
189
70
141
111
111
10
22
10
148
291
40
140
290
131
11
92
79
323
8
261
239
234
67
39
39
34
111
111
271
39
143
243
120
35
120
266
307
299
143
264
307
243
78
78
135
233
78
244
152
152
71
234
8
111
49
8
249
188
109
108
398
65
120
131
191
44
230
266
264
92
190
159
259
264
79
308
108
63
259
264
314
67
307
136
8
35
281
169
338
142
144
264
63
285
347
300
111
70
152
31
300
293
336
70
92
120
240
315
257
314
300
318
241
131
244
35
239
61
44
120
314
91
264
259
22
266
109
307
275
352
226
260
44
259
264
264
37
160
283
115
34
188
314
239
88
246
34
238
307
299
306
286
39
131
303
141
120
238
112
238
189
193
192
221
201
201
189
206
212
203
320
302
16
155
115
160
32
108
111
44
8
148
87
39
92
16
246
120
307
264
109
264
266
120
37
279
120
264
264
62
233
307
307
307
141
266
49
71
331
140
111
257
152
35
307
307
307
307
307
307
307
264
307
309
307
347
155
206
92
8
54
279
288
306
250
88
63
239
246
143
264
41
64
279
121
299
245
292
241
314
288
230
40
140
230
288
307
22
201
259
71
239
88
293
83
40
288
91
188
120
264
43
307
257
151
318
35
95
92
264
307
44
266
314
288
120
49
241
44
141
120
76
16
233
120
296
255
336
70
234
318
246
314
244
35
257
266
71
136
297
140
352
170
63
233
287
150
279
35
260
131
55
233
95
239
315
155
236
73
18
239
47
143
296
288
120
39
22
136
290
10
33
40
266
338
314
288
41
120
35
236
101
283
91
300
288
116
142
234
92
152
288
306
73
70
230
347
145
259
132
190
314
73
239
233
108
35
205
238
36
307
288
92
307
300
40
243
44
307
266
65
398
307
108
320
71
320
299
266
111
111
236
106
64
91
300
92
414
70
35
26
288
73
40
120
152
264
233
288
150
131
320
10
238
148
238
266
241
143
22
352
389
152
141
273
173
264
92
230
70
32
132
161
233
290
92
44
352
151
288
120
283
264
308
307
347
208
191
91
241
233
288
140
26
243
188
136
142
159
187
95
245
44
257
139
270
160
70
92
283
141
33
106
9
264
141
120
44
300
141
264
318
318
283
249
120
236
131
35
266
131
18
44
35
244
151
63
264
266
44
152
44
311
131
306
288
137
398
49
22
13
143
263
259
141
150
157
336
148
173
259
32
259
61
25
246
108
264
113
151
151
57
245
283
38
314
105
279
88
238
318
279
266
288
44
263
26
62
279
35
120
264
266
44
35
338
251
239
233
39
131
233
59
143
91
40
269
266
140
260
308
120
336
307
260
121
108
44
108
249
143
299
320
61
154
120
109
112
20
63
9
300
44
127
245
238
264
18
120
