269
259
80
80
300
120
200
152
168
25
308
239
79
38
259
44
398
111
251
259
246
257
150
31
22
259
31
158
120
49
300
148
257
153
283
150
95
300
314
113
230
141
188
111
73
234
153
49
300
35
44
32
40
67
152
300
111
33
234
111
159
152
259
116
123
188
211
71
246
48
150
246
230
49
120
155
230
33
230
259
150
234
49
234
239
118
233
49
230
32
22
90
24
318
152
118
120
152
125
150
49
300
35
257
78
18
26
244
6
12
233
334
16
18
108
78
38
40
230
151
40
40
109
152
40
39
259
40
32
32
22
259
71
111
120
2
114
37
234
49
230
234
151
211
204
40
33
201
106
40
40
22
159
70
336
22
153
22
141
95
259
152
108
324
230
108
239
239
230
92
125
140
32
238
230
9
230
67
120
318
336
71
67
74
241
20
108
115
18
16
152
238
70
114
109
115
257
4
44
92
116
206
215
152
112
211
71
152
362
210
318
271
111
336
271
290
116
290
230
106
111
111
230
151
71
307
307
116
309
309
307
40
373
22
2
40
32
22
26
322
210
371
239
246
106
44
123
141
39
154
257
207
193
230
101
192
191
120
230
67
198
161
239
25
116
255
238
32
50
273
234
40
230
40
65
294
80
259
191
49
59
234
371
37
318
238
335
191
92
40
34
188
211
70
271
239
95
40
300
62
141
71
71
106
336
41
108
157
70
153
120
336
151
318
92
111
76
120
95
49
275
173
152
132
34
140
296
38
230
71
230
238
215
106
257
113
89
152
150
263
234
234
83
153
152
52
92
111
95
113
120
67
234
151
83
71
157
151
40
290
40
71
217
215
141
109
257
239
304
123
251
209
120
248
31
161
120
287
152
95
111
49
140
141
32
262
234
61
230
140
44
390
49
189
71
190
70
40
3
290
141
243
26
70
225
324
109
16
230
248
190
262
131
40
190
92
318
41
239
70
114
40
92
5
116
209
71
2
92
239
324
215
157
120
113
34
92
71
204
273
173
105
190
193
155
246
40
294
120
189
34
157
157
120
6
261
154
71
230
70
187
239
239
304
22
32
230
38
105
118
158
92
70
113
114
201
160
70
191
161
40
108
121
95
259
4
230
49
70
148
34
44
105
159
95
173
79
73
250
108
40
259
95
314
37
92
308
71
95
335
312
105
275
70
112
239
335
49
26
35
215
63
55
95
178
55
234
187
269
150
34
262
148
92
34
335
70
67
338
322
263
294
320
151
199
314
140
320
160
84
240
299
