1,186,1.0
1,12,2.834986592678766
1,188,1.0
1,165,1.0
1,256,1.0
1,302,1.0
1,287,1.0
1,359,1.0
1,141,1.0222016746244653
1,347,1.0
1,368,1.0
1,307,1.0
1,270,1.0
1,18,2.4139521308961642
1,130,1.0
1,60,1.9998151400298467
1,95,1.0
1,319,1.0
1,325,1.0
1,229,1.0
2,102,1.324442842261525
2,225,1.324442842261525
2,226,1.324442842261525
2,41,1.0
2,55,1.324442842261525
2,56,1.0
2,34,1.0
2,261,1.0
2,50,1.0
2,376,1.0
2,22,1.0
2,196,1.0
2,191,1.0
2,136,1.0
2,106,1.0
2,3,1.0533380747062666
2,348,1.0
2,184,1.0
2,375,1.0
2,349,1.0
3,348,1.3287979746107146
3,36,1.0
3,375,1.3287979746107146
3,349,1.3287979746107146
3,136,1.0
3,106,1.0
3,191,1.0
3,22,1.4026936331284148
3,196,1.0
3,41,1.0
3,226,1.3287979746107146
3,55,1.3287979746107146
3,225,1.3287979746107146
3,56,1.0
3,102,1.0
3,2,1.0533380747062666
3,34,1.0
3,50,1.0
3,261,1.0
3,376,1.0
4,373,1.0
4,258,1.0
4,107,2.352246807565626
4,183,1.0
4,96,1.0
4,200,2.3093073414159546
4,25,1.7559289460184544
4,164,2.511857892036909
4,92,1.5345224838248486
4,210,1.0
4,144,1.0
4,113,1.0
4,88,1.0
4,15,1.5714285714285714
4,253,1.7559289460184544
4,59,1.4040610178208843
4,344,1.7559289460184544
4,47,1.0
4,10,1.2585068193613558
4,260,1.4364357804719847
5,21,1.0
5,20,1.3202563076101743
5,178,1.0
5,171,1.0
5,114,1.0
5,189,1.0
5,43,1.0
5,236,1.5773502691896257
5,13,1.0
5,293,2.05409255338946
5,244,1.0
5,291,1.0
5,146,1.0
5,374,1.0
5,39,1.0
5,179,1.0
5,232,1.0
5,277,1.0
5,28,1.0
5,19,1.0
6,355,1.0
6,245,1.0
6,69,1.0
6,218,1.0
6,63,2.143323900950059
6,243,1.0
6,42,1.8164965809277263
6,309,1.8164965809277263
6,266,1.0
6,248,1.0
6,242,1.0
6,177,1.8164965809277263
6,105,1.0
6,346,1.8164965809277263
6,250,1.0
6,212,1.0
6,71,1.0
6,198,1.0
6,364,1.0
6,297,1.0
7,30,1.4714045207910316
7,28,1.1721325931647741
7,39,1.0
7,19,1.0
7,291,1.0
7,250,1.0
7,26,1.0
7,13,1.0
7,236,1.0
7,179,1.0
7,43,1.0
7,177,1.0
7,232,1.0
7,193,1.0
7,171,1.0
7,169,1.0
7,29,1.0
7,264,1.0
7,178,1.0
7,11,1.0
8,45,1.0
8,87,1.0
8,128,1.0
8,217,1.9999999999999998
8,85,1.0
8,84,1.6974858324629158
8,257,1.0
8,259,1.0
8,211,1.2773500981126147
8,132,1.632455532033676
8,328,1.0
8,203,1.0
8,341,1.0
8,335,1.0
8,131,1.0
8,163,1.0
8,147,1.0
8,267,2.414213562373095
8,182,2.2792042981336627
8,195,1.0
9,360,1.5547001962252291
9,47,1.0
9,77,1.98058067569092
9,223,1.392232270276368
9,59,1.6671243849949913
9,260,1.3202563076101743
9,253,1.5547001962252291
9,124,1.392232270276368
9,113,1.3721042037676254
9,306,1.0
9,15,1.4193139346887673
9,88,1.0
9,275,1.392232270276368
9,210,1.0
9,144,1.0
9,277,1.0
9,24,1.5547001962252291
9,92,1.7844645405527362
9,11,1.0
9,193,1.0
10,201,1.0
10,67,1.056410812732652
10,109,1.3058693935634202
10,111,1.0
10,207,1.0690888535853467
10,110,2.8564214812349196
10,14,1.025227682387244
10,366,1.0
10,187,1.0977063937492062
10,138,1.0
10,126,2.8564214812349196
10,17,1.0
10,371,1.0
10,118,1.0977063937492062
10,58,1.0977063937492062
10,66,1.048853196874603
10,339,1.0
10,31,1.0
10,183,1.0
10,15,1.3692954562305082
11,193,1.0
11,24,1.0
11,232,1.0
11,306,1.0
11,275,1.0
11,26,1.0
11,277,1.0
11,223,1.0
11,169,1.0
11,29,1.0
11,264,1.0
11,43,1.0
11,236,1.0
11,171,1.0
11,13,1.0
11,77,1.0
11,178,1.0
11,124,1.0
11,33,1.0
11,291,1.0
12,165,1.0
12,186,1.0
12,256,1.0
12,188,1.324442842261525
12,1,2.834986592678766
12,141,1.2649064714130087
12,307,1.0
12,18,2.2977713690461004
12,359,1.0
12,302,1.0
12,130,1.0
12,368,1.0
12,287,1.0
12,95,1.0
12,190,1.324442842261525
12,347,1.0
12,174,1.0
12,319,1.0
12,325,1.0
12,270,1.0
13,236,1.0
13,43,1.3651483716701107
13,291,1.0
13,171,1.0
13,178,1.8164965809277263
13,39,1.0
13,26,1.0
13,7,1.0
13,30,1.0
13,232,1.0
13,28,1.8432740427115677
13,19,1.7698003589195013
13,193,1.0
13,11,1.0
13,20,1.4529108136578384
13,179,1.0
13,24,1.0
13,250,1.0
13,5,1.0
13,306,1.0
14,366,1.0
14,109,1.4618802153517005
14,17,1.0
14,371,1.0
14,118,1.5163977794943222
14,207,1.7302967433402214
14,339,1.0
14,31,1.0
14,201,1.0
14,52,1.0
14,94,1.0
14,121,1.6454972243679027
14,10,1.025227682387244
14,111,1.0
14,221,1.0
14,110,1.0
14,358,1.0
14,67,1.5962847939999438
14,333,1.0
14,265,1.0
15,88,1.0
15,59,1.2020305089104422
15,253,2.511857892036909
15,210,1.0
15,144,1.0
15,113,1.0
15,92,2.069044967649697
15,260,1.8728715609439694
15,47,1.0
15,164,1.0
15,9,1.4193139346887673
15,360,1.0
15,77,1.5345224838248486
15,124,1.0
15,223,1.0
15,277,1.0
15,275,1.0
15,306,1.0
15,67,1.4364357804719847
15,146,1.0
16,161,1.0
16,345,1.0
16,197,1.0
16,32,1.0
16,296,1.0
16,332,1.0
16,64,1.0
16,175,1.0
16,90,1.0
16,289,1.0
16,234,1.0
16,354,1.0
16,104,1.0
16,140,1.0
16,240,1.0
16,72,1.0
16,224,1.0
16,241,1.0
16,238,1.0
16,134,1.0
17,118,1.0
17,339,1.0
17,371,1.0
17,366,1.0
17,14,1.0
17,31,1.0
17,52,1.0
17,109,1.0
17,94,1.0
17,121,1.0
17,207,1.0
17,201,1.0
17,221,1.0
17,358,1.0
17,10,1.0
17,265,1.0
17,333,1.0
17,111,1.0
17,73,1.0
17,110,1.0
18,307,1.0
18,130,1.0
18,141,1.0
18,95,1.0
18,190,1.0
18,174,1.0
18,256,1.0
18,188,1.0
18,165,1.0
18,12,2.2977713690461004
18,186,1.0
18,192,2.414213562373095
18,1,2.4139521308961642
18,368,1.0
18,319,1.0
18,325,1.0
18,359,1.0
18,302,1.0
18,287,1.0
18,362,1.0
19,28,1.0
19,39,1.0
19,30,1.0
19,7,1.0
19,291,1.0
19,179,1.0
19,250,1.0
19,13,1.7698003589195013
19,26,1.0
19,236,1.0
19,43,1.0
19,177,1.0
19,20,1.522976360368491
19,232,1.0
19,171,1.0
19,178,1.0
19,193,1.0
19,169,1.0
19,29,1.0
19,264,1.0
20,5,1.3202563076101743
20,178,1.0
20,43,1.4961389383568338
20,236,1.0
20,13,1.4529108136578384
20,21,1.392232270276368
20,291,1.0
20,179,1.0
20,171,1.0
20,39,1.0
20,19,1.522976360368491
20,28,1.4296689244236598
20,30,1.0
20,7,1.1849000654084096
20,114,1.5547001962252291
20,189,1.0
20,26,1.0
20,232,1.0
20,193,1.0
20,250,1.0
21,5,1.0
21,114,1.0
21,189,1.0
21,20,1.392232270276368
21,178,1.0
21,293,1.0
21,244,2.414213562373095
21,171,1.0
21,146,1.0
21,374,1.0
21,43,1.0
21,236,1.0
21,13,1.0
21,277,1.0
21,275,1.0
21,291,1.0
21,126,1.0
21,58,1.0
21,66,1.0
21,232,1.0
22,196,1.0
22,50,1.0
22,56,1.0
22,34,1.0
22,55,1.0
22,261,1.0
22,41,1.0
22,376,2.6329931618554525
22,225,1.0
22,226,1.0
22,102,1.0
22,2,1.0
22,136,1.0
22,106,1.0
22,191,1.0
22,184,1.0
22,3,1.4026936331284148
22,36,1.8164965809277263
22,348,1.0
22,375,1.0
23,229,1.0
23,58,1.0
23,66,1.1428571428571428
23,21,1.0
23,5,1.0
23,187,1.0
23,110,1.0
23,114,1.2857142857142856
23,189,1.0
23,126,1.0
23,111,1.2857142857142856
23,293,1.0521640530957301
23,374,1.2857142857142856
23,20,1.1584857703500655
23,146,1.0
23,138,2.1664236870396087
23,244,1.0
23,178,1.0
23,171,1.0
23,368,1.2857142857142856
24,306,1.0
24,11,1.0
24,193,1.0
24,232,1.0
24,275,1.0
24,223,1.0
24,277,1.0
24,77,1.0
24,26,1.0
24,169,1.0
24,29,1.0
24,264,1.0
24,124,1.0
24,360,1.0
24,171,1.0
24,43,1.0
24,236,1.0
24,9,1.5547001962252291
24,178,1.0
24,13,1.0
25,200,2.1547005383792515
25,258,1.0
25,96,1.0
25,4,1.7559289460184544
25,373,1.0
25,183,1.0
25,107,1.0
25,164,1.0
25,333,3.0
25,10,1.4885319687460314
25,239,1.0
25,92,2.414213562373095
25,210,1.0
25,144,1.0
25,88,1.0
25,113,1.0
25,15,2.511857892036909
25,214,1.0
25,253,3.0
25,59,1.0
26,232,1.0
26,193,1.0
26,7,1.0
26,13,1.0
26,291,1.0
26,11,1.0
26,236,1.0
26,169,1.0
26,29,1.5720775535473552
26,264,1.0
26,30,1.0
26,39,1.0
26,43,1.0
26,28,1.0
26,24,1.0
26,19,1.0
26,33,1.0
26,250,1.0
26,171,1.0
26,177,1.0
27,40,1.0
27,361,1.0
27,44,1.0
27,60,1.0
27,304,1.0
27,100,1.0
27,352,1.0
27,270,1.0
27,347,1.0
27,135,1.0
27,287,1.0
27,302,1.0
27,166,1.0
27,142,1.0
27,76,1.0
27,112,1.0
27,1,1.0
27,359,1.0
27,129,1.0
27,74,1.0
28,19,1.0
28,30,1.7302967433402214
28,39,1.0
28,7,1.1721325931647741
28,291,1.0
28,250,1.0
28,179,1.0
28,13,1.8432740427115677
28,26,1.0
28,236,1.0
28,43,1.0
28,177,2.0327955589886444
28,232,1.0
28,20,1.4296689244236598
28,171,1.0
28,178,1.0
28,193,1.0
28,169,1.0
28,29,1.0
28,264,1.0
29,169,2.5678589918043704
29,264,2.348399724926484
29,33,1.0
29,273,1.0
29,26,1.5720775535473552
29,193,1.0
29,11,1.0
29,177,1.0
29,232,1.269679944985297
29,24,1.0
29,306,1.0
29,7,1.0
29,13,1.0
29,30,1.0
29,250,1.0
29,236,1.0
29,291,1.0
29,223,1.0
29,39,1.0
29,28,1.0
30,28,1.7302967433402214
30,7,1.4714045207910316
30,39,1.0
30,19,1.0
30,291,1.0
30,250,1.0
30,13,1.0
30,179,1.0
30,26,1.0
30,236,1.0
30,43,1.0
30,177,2.414213562373095
30,232,1.0
30,193,1.0
30,171,1.0
30,178,1.0
30,20,1.0
30,169,1.0
30,29,1.0
30,264,1.0
31,371,1.0
31,339,1.0
31,118,1.0
31,94,1.0
31,17,1.0
31,52,1.0
31,121,1.0
31,366,1.8164965809277263
31,14,1.0
31,109,1.0
31,207,1.0
31,221,1.0
31,358,1.0
31,265,1.0
31,201,1.0
31,73,1.0
31,333,1.0
31,10,1.0
31,111,1.0
31,110,1.0
32,296,1.5
32,332,1.0
32,345,2.5
32,161,1.5
32,16,1.0
32,197,1.0
32,90,1.7071067811865475
32,64,1.5
32,289,1.5
32,234,1.0
32,104,1.0
32,175,1.0
32,240,1.5
32,241,1.0
32,354,1.0
32,238,1.5
32,117,1.0
32,216,1.0
32,224,1.0
32,199,1.0
33,273,1.0
33,169,1.0
33,29,1.0
33,264,1.0
33,177,1.0
33,26,1.0
33,193,1.0
33,11,1.0
33,232,1.0
33,24,1.0
33,7,1.0
33,250,1.0
33,306,1.0
33,30,1.0
33,28,1.0
33,39,1.0
33,291,1.0
33,13,1.0
33,19,1.0
33,236,1.0
34,261,1.0
34,50,1.0
34,56,1.0
34,55,1.0
34,102,1.0
34,2,1.0
34,225,1.0
34,41,1.0
34,226,1.0
34,376,1.0
34,22,1.0
34,196,1.0
34,184,1.0
34,191,1.0
34,136,1.0
34,106,1.0
34,3,1.0
34,348,1.0
34,375,1.0
34,36,1.0
35,99,2.6329931618554516
35,155,2.0327955589886444
35,73,1.8164965809277258
35,265,1.0
35,358,1.960768922830523
35,263,1.0
35,120,1.0
35,221,1.8164965809277258
35,121,1.2886751345948129
35,94,1.0
35,52,1.6666666666666667
35,333,2.1547005383792515
35,339,1.0
35,31,1.0
35,101,1.0
35,118,1.0
35,17,1.0
35,371,1.0
35,366,1.0
35,14,1.5962847939999438
36,3,1.0
36,349,1.0
36,348,1.0
36,375,1.0
36,136,1.0
36,106,1.0
36,191,1.0
36,22,1.8164965809277263
36,196,1.0
36,41,1.0
36,55,1.0
36,226,1.0
36,225,1.0
36,56,1.0
36,102,1.0
36,2,1.0
36,34,1.0
36,50,1.0
36,261,1.0
36,376,1.0
37,172,1.0
37,195,2.8973665961010275
37,167,1.0
37,163,2.8
37,147,1.0
37,79,1.0
37,314,1.0
37,203,2.716232660642066
37,129,1.0
37,182,1.0
37,341,1.0
37,335,1.0
37,132,1.0
37,112,1.0
37,131,1.0
37,76,1.0
37,259,1.9486832980505138
37,142,1.0
37,62,1.0
37,308,1.0
38,300,1.9206713457011118
38,237,1.0
38,299,1.9206713457011118
38,285,1.0
38,219,1.0
38,157,1.0
38,122,1.0
38,278,1.0
38,70,1.0
38,279,1.223295600282661
38,230,1.0
38,315,1.0
38,266,1.0
38,284,1.0
38,176,1.0
38,48,1.0
38,80,1.8369739506373746
38,251,1.0
38,231,1.0
38,313,1.0
39,28,1.0
39,30,1.0
39,19,1.0
39,7,1.0
39,291,1.0
39,179,1.0
39,13,1.0
39,250,1.0
39,26,1.0
39,236,1.0
39,43,1.0
39,20,1.0
39,232,1.0
39,171,1.0
39,178,1.0
39,193,1.0
39,177,1.0
39,11,1.0
39,169,1.0
39,29,1.0
40,27,1.0
40,60,1.0
40,361,1.0
40,44,1.0
40,270,1.0
40,347,1.0
40,304,1.0
40,100,1.0
40,352,1.0
40,287,1.0
40,302,1.0
40,135,1.0
40,1,1.0
40,166,1.0
40,359,1.0
40,142,1.0
40,186,1.0
40,188,1.0
40,76,1.0
40,12,1.0
41,226,1.0
41,55,1.0
41,225,1.0
41,56,1.0
41,102,1.0
41,2,1.0
41,34,1.0
41,50,1.0
41,261,1.0
41,376,1.0
41,22,1.0
41,196,1.0
41,191,1.0
41,136,1.0
41,106,1.0
41,3,1.0
41,348,1.0
41,375,1.0
41,349,1.0
41,36,1.0
42,309,3.0
42,242,1.0
42,212,1.0
42,105,1.0
42,71,1.0
42,198,1.0
42,286,2.414213562373095
42,78,1.0
42,133,2.1547005383792515
42,303,1.0
42,181,1.0
42,65,2.414213562373095
42,336,1.0
42,297,1.0
42,346,3.0
42,103,1.0
42,254,1.8164965809277263
42,68,1.0
42,248,1.0
42,362,3.0
43,236,1.0
43,171,1.0
43,178,1.0
43,13,1.3651483716701107
43,291,1.0
43,232,1.0
43,193,1.0
43,26,1.0
43,11,1.0
43,39,1.0
43,7,1.0
43,30,1.0
43,20,1.4961389383568338
43,5,1.0
43,28,1.0
43,24,1.0
43,275,1.0
43,277,1.0
43,19,1.0
43,306,1.0
44,361,1.0
44,100,1.0
44,27,1.0
44,40,1.0
44,304,1.0
44,135,1.0
44,60,1.0
44,166,1.0
44,352,2.414213562373095
44,270,1.0
44,142,1.0
44,347,1.0
44,76,1.0
44,112,1.0
44,74,1.0
44,129,1.0
44,252,1.0
44,167,1.0
44,287,1.0
44,372,1.0
45,87,1.0
45,85,1.0
45,8,1.0
45,84,1.0
45,128,1.0
45,259,1.0
45,217,1.7071067811865475
45,132,1.0
45,257,1.0
45,341,1.0
45,335,1.0
45,203,1.0
45,131,1.0
45,211,1.0
45,163,1.0
45,147,1.0
45,328,1.0
45,182,1.0
45,79,1.0
45,195,1.0
46,194,1.0
46,235,1.0
46,89,1.0
46,262,1.0
46,159,2.414213562373095
46,158,1.0
46,305,1.0
46,228,2.414213562373095
46,288,1.0
46,330,1.0
46,116,1.0
46,125,1.0
46,185,1.0
46,149,1.4588314677411236
46,150,1.0
46,322,1.0
46,206,1.0
46,249,1.0
46,208,1.0
46,233,1.0
47,9,1.0
47,360,1.0
47,59,1.0
47,253,1.0
47,260,1.0
47,77,1.0
47,113,1.0
47,15,1.0
47,88,1.0
47,210,1.0
47,144,1.0
47,223,1.0
47,124,1.0
47,92,1.0
47,275,1.0
47,277,1.0
47,306,1.0
47,24,1.0
47,164,1.0
47,11,1.0
48,80,1.0
48,251,1.0
48,68,1.0
48,230,1.0
48,103,1.0
48,254,1.0
48,297,1.0
48,70,1.0
48,181,1.0
48,279,1.0
48,78,1.7559289460184544
48,65,1.0
48,336,1.0
48,278,1.0
48,303,1.0
48,105,1.0
48,71,1.0
48,242,1.0
48,212,1.0
48,309,1.0
49,354,1.0
49,199,1.0
49,241,1.0
49,337,1.0
49,290,1.0
49,140,1.0
49,134,1.0
49,72,1.0
49,86,1.0
49,175,1.0
49,327,1.0
49,197,1.0
49,117,1.0
49,148,1.12876455599593
49,272,1.0
49,296,1.0
49,16,1.0
49,32,1.0
49,269,1.0
49,143,1.0
50,261,1.0
50,34,1.0
50,376,1.0
50,56,1.0
50,55,1.0
50,225,1.0
50,41,1.0
50,226,1.0
50,102,1.0
50,2,1.0
50,22,1.0
50,196,1.0
50,184,1.0
50,191,1.0
50,136,1.0
50,106,1.0
50,3,1.0
50,348,1.0
50,375,1.0
50,36,1.0
51,211,1.0
51,328,1.0
51,267,1.0
51,350,1.0
51,217,1.0
51,257,1.0
51,357,1.0
51,356,1.0
51,128,1.0
51,8,1.0
51,45,1.0
51,97,1.0
51,87,1.0
51,85,1.0
51,75,1.0
51,84,1.0
51,259,1.0
51,318,1.0
51,312,1.0
51,203,1.0
52,121,1.0
52,339,1.0
52,94,1.0
52,118,1.0
52,31,1.0
52,17,1.0
52,371,1.0
52,221,1.0
52,358,1.0
52,366,1.0
52,14,1.0
52,265,1.0
52,109,1.0
52,73,1.0
52,333,1.0
52,207,1.0
52,201,1.0
52,99,1.8164965809277258
52,10,1.0
52,35,1.6666666666666667
53,160,1.9258200997725514
53,269,1.0
53,272,1.0
53,327,1.0
53,148,1.0
53,86,1.0
53,72,1.0
53,134,2.414213562373095
53,140,1.0
53,325,1.0
53,98,1.0
53,319,1.0
53,283,1.0
53,143,2.341640786499874
53,246,1.0
53,359,1.0
53,175,1.0
53,165,1.0
53,12,1.324442842261525
53,186,1.0
54,173,1.0
54,274,1.0
54,340,1.0
54,367,1.0
54,115,1.0
54,209,1.0
54,204,1.0
54,82,1.0
54,208,1.0
54,206,1.0
54,343,1.0
54,154,1.0
54,127,1.0
54,149,1.0
54,276,1.0
54,145,1.0
54,282,1.0
54,323,1.0
54,61,1.0
54,356,1.0
55,41,1.0
55,225,3.0
55,226,3.0
55,56,1.0
55,102,1.0
55,2,1.324442842261525
55,34,1.0
55,50,1.0
55,261,1.0
55,376,1.0
55,22,1.0
55,196,1.0
55,191,1.0
55,136,1.0
55,106,1.0
55,3,1.3287979746107146
55,348,1.0
55,375,1.0
55,349,1.0
55,36,1.0
56,55,1.0
56,41,1.0
56,225,1.0
56,226,1.0
56,102,1.0
56,2,1.0
56,34,1.0
56,50,1.0
56,261,1.0
56,376,1.0
56,22,1.0
56,196,1.0
56,191,1.0
56,136,1.0
56,106,1.0
56,184,1.0
56,3,1.0
56,348,1.0
56,375,1.0
56,349,1.0
57,205,1.0
57,123,1.0
57,311,1.0
57,247,1.0
57,292,1.0
57,331,1.0
57,316,1.0
57,329,1.0
57,101,2.0
57,372,1.0
57,222,1.0
57,119,1.0
57,227,1.0
57,268,1.0
57,317,1.0
57,255,1.0
57,120,1.0
57,263,1.0
57,326,1.0
57,281,1.0
58,66,1.0
58,187,1.0
58,110,1.0
58,126,1.0
58,111,1.0
58,138,1.0
58,67,1.0
58,374,1.0
58,293,1.0
58,146,1.0
58,244,1.0
58,23,1.0
58,114,1.0
58,189,1.0
58,21,1.0
58,201,1.0
58,229,1.0
58,207,1.0
58,5,1.0
58,10,1.0977063937492062
59,253,1.0
59,15,1.2020305089104422
59,113,1.2390457218668787
59,88,1.0
59,210,1.5345224838248488
59,144,1.0
59,47,1.0
59,260,1.0
59,92,1.7559289460184544
59,9,1.6671243849949913
59,360,1.0
59,77,1.3779644730092273
59,164,1.5345224838248488
59,124,1.0
59,223,1.7559289460184544
59,277,1.0
59,275,1.0
59,306,1.0
59,24,1.0
59,146,1.0
60,40,1.0
60,270,1.0
60,347,1.0
60,27,1.0
60,287,1.0
60,361,1.0
60,302,1.0
60,44,1.0
60,304,1.0
60,352,1.0
60,100,1.0
60,1,1.9998151400298467
60,359,1.0
60,186,1.0
60,188,1.0
60,12,1.917662935482247
60,165,1.0
60,256,1.0
60,368,1.0
60,135,1.0
61,323,1.0
61,93,2.414213562373095
61,145,1.0
61,282,1.0
61,154,1.0
61,276,1.0
61,127,1.0
61,83,1.0
61,271,1.0
61,338,1.0
61,340,1.0
61,82,1.0
61,139,1.0
61,367,1.0
61,274,1.0
61,209,1.0
61,238,1.0
61,343,1.0
61,162,1.0
61,370,1.0
62,308,1.0
62,195,1.0
62,172,1.0
62,37,1.0
62,163,1.0
62,167,1.0
62,203,1.0
62,112,1.0
62,147,1.0
62,129,1.0
62,259,1.0
62,341,1.0
62,335,1.0
62,132,1.0
62,76,1.0
62,79,1.5163977794943222
62,142,1.0
62,314,1.0
62,182,1.0
62,131,1.0
63,218,1.2800560168056019
63,69,1.228664780190012
63,245,1.0
63,355,1.2800560168056019
63,177,1.2800560168056019
63,250,1.0
63,33,1.0
63,273,1.0
63,30,1.1980295085953347
63,7,1.0
63,19,2.584236068762679
63,28,1.1446203052124375
63,169,1.0
63,29,1.0
63,264,1.0
63,39,1.0
63,26,1.0
63,179,1.0
63,291,1.0
63,13,1.6859943405700353
64,197,1.0
64,161,1.0
64,16,1.0
64,345,1.0
64,175,1.0
64,32,1.5
64,296,1.0
64,332,1.0
64,90,2.414213562373095
64,289,1.0
64,224,1.0
64,234,1.0
64,352,1.0
64,304,1.0
64,334,1.0
64,148,1.0
64,72,1.0
64,140,1.0
64,327,1.0
64,272,1.0
65,336,2.414213562373095
65,303,2.414213562373095
65,78,1.0
65,181,1.0
65,71,1.0
65,297,1.0
65,105,1.0
65,212,1.0
65,254,1.5773502691896257
65,103,1.0
65,242,1.0
65,133,1.8164965809277258
65,309,2.414213562373095
65,68,1.0
65,42,2.414213562373095
65,251,1.0
65,198,1.0
65,286,1.9999999999999998
65,80,1.7071067811865475
65,48,1.0
66,58,1.0
66,187,2.0
66,110,1.0
66,126,1.0
66,111,1.0
66,138,1.0
66,67,2.1547005383792515
66,374,2.0
66,293,1.0
66,146,1.0
66,244,1.0
66,23,1.1428571428571428
66,114,1.0
66,189,1.0
66,21,1.0
66,201,2.0
66,229,1.0
66,207,1.7071067811865475
66,5,1.0
66,10,1.048853196874603
67,138,1.0
67,110,1.0
67,126,1.0
67,187,2.1547005383792515
67,10,1.056410812732652
67,111,1.0
67,201,1.0
67,58,1.0
67,66,2.1547005383792515
67,374,1.0
67,146,1.0
67,260,1.0
67,293,1.0
67,244,1.0
67,15,1.4364357804719847
67,88,1.0
67,207,1.8164965809277258
67,109,2.0327955589886444
67,124,1.0
67,59,1.3086066999241839
68,103,1.0
68,254,1.0
68,251,1.0
68,297,1.0
68,181,1.0
68,78,1.0
68,65,1.0
68,48,1.0
68,336,1.0
68,80,1.0
68,303,1.0
68,105,1.0
68,71,1.0
68,242,1.0
68,212,1.0
68,309,1.0
68,42,1.0
68,230,1.0
68,133,1.0
68,198,1.0
69,245,1.0
69,218,2.6329931618554525
69,355,2.6329931618554525
69,63,1.228664780190012
69,6,1.0
69,177,1.0
69,250,1.0
69,19,1.0
69,28,1.0
69,30,1.0
69,33,1.0
69,7,1.0
69,179,1.0
69,39,1.0
69,273,1.0
69,169,1.0
69,29,1.0
69,264,1.0
69,291,1.0
69,26,1.0
70,279,1.0
70,278,1.0
70,230,1.0
70,157,2.1547005383792515
70,48,1.0
70,80,1.0
70,122,2.1547005383792515
70,251,1.0
70,68,1.0
70,103,2.0
70,254,1.0
70,237,1.0
70,299,1.0
70,297,2.1547005383792515
70,181,1.0
70,38,1.0
70,266,1.0
70,300,1.0
70,78,1.0
70,65,1.0
71,212,1.0
71,105,1.0
71,242,1.0
71,303,1.0
71,309,1.0
71,78,1.0
71,65,1.0
71,42,1.0
71,336,1.0
71,181,1.0
71,133,1.0
71,297,1.0
71,198,1.0
71,286,1.0
71,103,1.0
71,254,1.0
71,68,1.0
71,346,1.0
71,251,1.0
71,248,1.0
72,86,2.8973665961010275
72,140,2.8973665961010275
72,134,1.0
72,327,1.0
72,148,1.6311433822135166
72,272,1.0
72,269,1.0
72,160,1.0
72,53,1.0
72,98,1.0
72,175,1.0
72,283,1.0
72,143,1.0
72,325,1.0
72,319,1.0
72,246,1.0
72,199,1.0
72,359,1.0
72,354,1.0
72,197,1.0
73,265,1.0
73,358,2.176696810829104
73,221,1.9999999999999998
73,99,1.0
73,35,1.8164965809277258
73,155,1.0
73,121,1.3535533905932737
73,52,1.0
73,94,1.0
73,333,2.414213562373095
73,339,1.0
73,31,1.0
73,118,1.0
73,17,1.0
73,371,1.0
73,263,1.0
73,366,1.0
73,14,1.0
73,120,1.0
73,109,1.632455532033676
74,252,1.0
74,255,1.0
74,326,1.0
74,268,1.0
74,314,1.0
74,79,1.0
74,129,1.0
74,76,1.0
74,182,1.0
74,166,1.0
74,142,1.0
74,222,1.0
74,372,1.0
74,167,1.0
74,119,1.0
74,112,1.0
74,147,1.0
74,131,1.0
74,172,1.0
74,37,1.0
75,312,1.0
75,153,1.0
75,180,1.0
75,267,2.414213562373095
75,202,1.0
75,328,1.0
75,152,1.0
75,350,2.414213562373095
75,211,1.2773500981126147
75,51,1.0
75,257,1.0
75,217,1.9999999999999998
75,128,1.0
75,8,1.9999999999999998
75,357,2.414213562373095
75,356,2.414213562373095
75,45,1.0
75,85,1.0
75,87,1.0
75,84,1.6974858324629158
76,142,1.0
76,129,1.0
76,112,1.0
76,167,1.0
76,172,1.0
76,37,1.0
76,314,1.0
76,79,1.0
76,195,1.0
76,166,1.0
76,252,1.0
76,147,1.0
76,182,1.0
76,135,1.0
76,74,1.0
76,163,1.0
76,341,1.0
76,335,1.0
76,203,1.0
76,131,1.0
77,223,1.0
77,360,1.0
77,9,1.98058067569092
77,124,1.0
77,47,1.0
77,306,1.0
77,275,1.0
77,277,1.0
77,24,1.0
77,260,1.0
77,11,1.0
77,59,1.3779644730092273
77,253,1.0
77,193,1.0
77,232,1.0
77,15,1.5345224838248486
77,113,1.0
77,88,1.0
77,210,1.0
77,144,1.0
78,181,1.0
78,297,1.0
78,65,1.0
78,336,1.0
78,105,1.0
78,303,1.0
78,71,1.0
78,242,1.0
78,212,1.0
78,103,1.0
78,254,1.0
78,309,1.0
78,68,1.0
78,42,1.0
78,133,1.6172133998483678
78,251,1.0
78,198,1.0
78,286,1.0
78,48,1.7559289460184544
78,80,1.0
79,314,1.0
79,182,1.0778498944161523
79,147,1.0
79,172,1.258198889747161
79,37,1.0
79,131,1.7514691493021792
79,163,1.0
79,195,1.0
79,335,1.0
79,341,1.0
79,167,1.0
79,129,1.0
79,132,1.0
79,203,1.0
79,252,1.0
79,76,1.0
79,112,1.0
79,259,1.0
79,142,1.0
79,74,1.0
80,48,1.0
80,251,1.0
80,68,1.0
80,254,1.4082482904638631
80,103,1.0
80,230,1.0
80,297,1.0
80,70,1.0
80,181,1.0
80,279,1.242535625036333
80,78,1.0
80,65,1.7071067811865475
80,336,1.0
80,278,1.0
80,303,1.0
80,105,1.0
80,71,1.0
80,242,1.0
80,212,1.0
80,309,2.0
81,239,1.0
81,353,1.0
81,324,1.0
81,215,1.0
81,151,2.8382900600361154
81,310,1.0
81,281,1.0
81,227,1.0
81,369,1.0
81,108,1.0
81,342,1.0
81,363,1.0
81,214,1.0
81,333,1.0
81,170,1.0
81,213,1.0
81,263,1.0
81,120,1.0
81,155,1.0
81,99,1.0
82,367,1.8164965809277263
82,127,1.0
82,209,1.0
82,139,1.0
82,276,1.0
82,343,1.0
82,115,1.0
82,145,1.5773502691896257
82,274,1.0
82,208,2.6329931618554525
82,149,1.749268649265355
82,340,1.0
82,323,1.0
82,154,2.6329931618554525
82,206,1.0
82,61,1.0
82,204,1.8164965809277263
82,330,1.0
82,282,1.0
82,93,1.0
83,93,1.9999999999999998
83,338,1.0
83,61,1.0
83,323,1.0
83,282,2.414213562373095
83,271,1.8164965809277258
83,145,1.9999999999999998
83,154,1.0
83,276,1.9999999999999998
83,127,2.414213562373095
83,238,2.414213562373095
83,240,2.414213562373095
83,370,1.0
83,340,1.0
83,139,1.0
83,82,1.0
83,162,1.0
83,351,1.0
83,367,1.0
83,274,1.9999999999999998
84,85,1.9299811099505542
84,87,1.0
84,45,1.0
84,259,1.4931969619160719
84,8,1.6974858324629158
84,132,2.0293004709313305
84,131,1.63796177826312
84,335,1.0
84,341,1.6575959492214292
84,128,1.9863939238321437
84,203,2.1896358330318635
84,217,1.6974858324629158
84,182,1.8922268747738975
84,147,1.0
84,257,2.162476387438193
84,163,1.9357754408380656
84,79,1.2546858159868053
84,314,1.0
84,195,1.9863939238321437
84,172,1.0
85,87,1.0
85,84,1.9299811099505542
85,45,1.0
85,8,1.0
85,128,2.414213562373095
85,259,1.7071067811865475
85,132,1.0
85,217,1.0
85,131,1.0
85,335,1.0
85,341,1.0
85,257,1.9999999999999998
85,203,2.7056057308448835
85,182,1.0
85,147,1.0
85,163,2.341640786499874
85,211,2.386750490563073
85,79,1.0
85,328,1.0
85,314,1.0
86,72,2.8973665961010275
86,134,1.0
86,140,3.0
86,327,1.0
86,148,1.0
86,272,1.0
86,269,1.0
86,160,1.0
86,53,1.0
86,98,1.0
86,283,1.0
86,143,1.0
86,175,1.0
86,325,1.0
86,319,1.0
86,246,1.0
86,199,1.0
86,359,1.0
86,354,1.0
86,197,1.0
87,45,1.0
87,85,1.0
87,84,1.0
87,8,1.0
87,259,1.0
87,128,1.0
87,132,1.0
87,217,1.0
87,335,1.0
87,341,1.0
87,131,1.0
87,257,1.0
87,203,1.0
87,147,1.0
87,163,1.0
87,182,1.0
87,211,1.0
87,328,1.0
87,79,1.0
87,314,1.0
88,15,1.0
88,253,1.0
88,59,1.0
88,210,1.0
88,144,1.0
88,113,1.0
88,92,1.0
88,260,1.0
88,47,1.0
88,164,1.0
88,9,1.0
88,360,1.0
88,77,1.0
88,124,1.0
88,223,1.0
88,277,1.0
88,275,1.0
88,306,1.0
88,67,1.0
88,146,1.0
89,262,1.0
89,159,1.0
89,158,1.0
89,305,1.0
89,46,1.0
89,194,1.0
89,116,1.0
89,125,1.0
89,235,1.0
89,228,1.0
89,288,1.0
89,330,1.0
89,149,1.0
89,139,1.0
89,343,1.0
89,206,1.0
89,208,1.0
89,204,1.0
89,209,1.0
89,115,1.0
90,289,1.0
90,234,1.0
90,345,1.0
90,240,1.0
90,161,2.414213562373095
90,332,1.0
90,238,1.0
90,32,1.7071067811865475
90,296,1.0
90,16,1.0
90,104,1.0
90,64,2.414213562373095
90,370,1.0
90,338,1.0
90,197,1.0
90,224,1.0
90,83,1.9999999999999998
90,162,1.0
90,351,1.0
90,216,1.0
91,246,1.0
91,362,1.0
91,283,1.0
91,192,3.0
91,98,1.0
91,143,1.0
91,133,2.1547005383792515
91,286,1.0
91,346,1.0
91,198,1.0
91,190,1.0
91,248,1.0
91,174,1.0
91,95,1.0
91,303,1.0
91,319,1.0
91,336,1.0
91,325,1.0
91,65,1.0
91,71,1.0
92,210,1.0
92,144,1.0
92,113,1.0
92,164,1.0
92,88,1.0
92,253,2.414213562373095
92,15,2.069044967649697
92,59,1.7559289460184544
92,47,1.0
92,260,1.8164965809277258
92,9,1.7844645405527362
92,360,1.0
92,77,1.0
92,223,1.0
92,124,1.0
92,183,1.0
92,275,1.0
92,277,1.0
92,306,1.0
92,107,1.0
93,61,2.414213562373095
93,323,1.0
93,83,1.9999999999999998
93,282,1.0
93,145,1.0
93,154,1.0
93,276,1.0
93,338,1.0
93,127,2.414213562373095
93,271,1.0
93,340,1.0
93,82,1.0
93,238,1.0
93,139,1.0
93,240,1.0
93,370,1.0
93,367,1.0
93,162,1.0
93,351,1.0
93,274,1.0
94,121,1.0
94,52,1.0
94,339,1.0
94,31,1.0
94,118,1.0
94,371,1.0
94,17,1.0
94,221,1.0
94,366,1.0
94,358,1.0
94,14,1.0
94,265,1.0
94,109,1.0
94,73,1.0
94,207,1.0
94,333,1.0
94,201,1.0
94,99,1.0
94,35,1.0
94,10,1.0
95,190,1.9999999999999998
95,174,1.0
95,192,1.0
95,130,1.0
95,18,1.0
95,307,1.0
95,141,1.0
95,256,1.0
95,188,1.0
95,165,1.0
95,12,1.0
95,186,2.414213562373095
95,362,2.414213562373095
95,248,1.0
95,368,1.7071067811865475
95,1,1.0
95,346,2.414213562373095
95,319,1.0
95,325,1.0
95,286,1.9999999999999998
96,258,1.0
96,200,1.0
96,25,1.0
96,183,1.0
96,4,1.0
96,373,1.0
96,107,1.0
96,164,1.0
96,10,1.0
96,92,1.0
96,210,1.0
96,144,1.0
96,88,1.0
96,15,1.0
96,333,1.0
96,113,1.0
96,67,1.0
96,253,1.0
96,59,2.0690449676496976
96,201,1.0
97,318,1.0
97,351,1.0
97,162,1.0
97,356,1.0
97,357,1.0
97,334,1.0
97,51,1.0
97,370,1.0
97,350,1.0
97,224,1.0
97,308,1.0
97,62,1.0
97,8,2.414213562373095
97,211,1.392232270276368
97,217,2.414213562373095
97,328,1.0
97,128,1.0
97,257,1.0
97,259,1.0
97,45,1.0
98,283,1.0
98,143,1.0
98,246,1.0
98,160,1.0
98,53,1.0
98,325,1.0
98,319,1.0
98,269,1.0
98,86,1.0
98,272,1.0
98,134,1.0
98,327,1.0
98,148,1.0
98,72,1.0
98,140,1.0
98,91,1.0
98,359,1.0
98,190,1.0
98,192,1.0
98,95,1.0
99,35,2.6329931618554516
99,155,2.264911064067352
99,73,1.0
99,265,1.0
99,358,1.0
99,221,1.0
99,263,1.0
99,120,1.0
99,121,1.0
99,52,1.8164965809277258
99,94,1.0
99,333,1.0
99,339,1.0
99,31,1.0
99,118,1.0
99,17,1.0
99,371,1.0
99,101,1.0
99,366,1.0
99,14,1.7302967433402214
100,361,1.0
100,44,1.0
100,135,1.0
100,304,2.7888543819998315
100,27,1.0
100,166,1.0
100,352,1.0
100,40,1.0
100,142,1.0
100,76,1.0
100,112,2.0690449676496976
100,129,1.0
100,60,1.0
100,74,1.0
100,167,1.0
100,252,1.0
100,172,1.0
100,37,1.0
100,314,1.0
100,195,1.0
101,120,1.0
101,263,1.0
101,247,1.0
101,316,1.0
101,123,1.0
101,331,1.0
101,292,1.0
101,311,1.0
101,227,1.0
101,57,2.0
101,155,1.0
101,205,1.0
101,35,1.0
101,99,1.0
101,372,1.0
101,222,1.0
101,73,1.0
101,324,1.0
101,353,1.0
101,265,1.0
102,2,1.324442842261525
102,225,1.0
102,226,1.0
102,41,1.0
102,55,1.0
102,56,1.0
102,34,1.0
102,261,1.0
102,50,1.0
102,376,1.0
102,22,1.0
102,196,1.0
102,191,1.0
102,136,1.0
102,106,1.0
102,3,1.0
102,348,1.0
102,184,1.0
102,375,1.0
102,349,1.0
103,254,1.0
103,68,1.0
103,297,1.0
103,181,1.5773502691896257
103,251,1.0
103,78,1.0
103,65,1.0
103,336,1.0
103,303,1.0
103,105,1.0
103,71,1.0
103,48,1.0
103,80,1.0
103,242,1.5773502691896257
103,212,1.5773502691896257
103,309,1.0
103,42,1.0
103,133,1.3333333333333335
103,198,1.0
103,230,1.0
104,216,1.0
104,234,1.0
104,289,1.0
104,90,1.0
104,240,1.0
104,332,1.0
104,238,1.0
104,296,1.0
104,32,1.0
104,345,1.0
104,338,3.0
104,161,1.0
104,271,1.0
104,83,1.0
104,16,1.0
104,117,1.0
104,93,1.0
104,370,1.0
104,61,1.0
104,323,1.0
105,242,1.0
105,212,1.0
105,71,1.0
105,309,1.0
105,78,1.0
105,42,1.0
105,303,1.0
105,181,1.0
105,65,1.0
105,336,1.0
105,297,1.0
105,133,1.0
105,198,1.0
105,286,1.0
105,103,1.0
105,254,1.0
105,68,1.0
105,251,1.0
105,346,1.0
105,248,1.0
106,136,2.0886621079036347
106,191,1.0
106,348,1.0
106,375,1.0
106,3,1.0
106,349,1.0
106,36,1.0
106,41,1.0
106,226,1.0
106,55,1.0
106,225,1.0
106,56,1.0
106,102,1.0
106,2,1.0
106,22,1.0
106,196,1.0
106,34,1.0
106,50,1.0
106,261,1.0
106,376,1.0
107,373,1.0
107,4,2.352246807565626
107,183,1.0
107,258,1.0
107,164,2.7888543819998315
107,96,1.0
107,92,1.0
107,200,2.0327955589886444
107,210,1.0
107,144,1.0
107,113,1.0
107,25,1.0
107,88,1.0
107,15,1.0
107,253,1.0
107,344,1.0
107,59,1.4780914437337573
107,47,1.0
107,260,1.0
107,9,2.2403473458920846
108,369,1.0
108,310,1.0
108,151,1.0
108,215,1.0
108,281,1.0
108,353,1.0
108,324,1.0
108,213,1.0
108,363,1.0
108,227,1.0
108,170,1.0
108,81,1.0
108,280,1.0036348619375028
108,247,1.0
108,239,1.0
108,57,1.0
108,205,1.0
108,101,1.0
108,123,1.0
108,120,1.0
109,14,1.4618802153517005
109,366,1.0
109,207,2.264911064067352
109,201,1.0
109,17,1.0
109,371,1.0
109,118,2.7888543819998315
109,339,1.0
109,31,1.0
109,10,1.3058693935634202
109,52,1.0
109,111,1.0
109,94,1.0
109,121,2.5652475842498528
109,110,1.0
109,67,2.0327955589886444
109,187,2.7888543819998315
109,221,1.632455532033676
109,58,1.0
109,66,1.8944271909999157
110,111,1.0
110,187,1.0
110,58,1.0
110,66,1.0
110,138,1.0
110,67,1.0
110,126,3.0
110,201,1.0
110,10,2.8564214812349196
110,207,1.0
110,374,1.0
110,146,1.0
110,293,1.0
110,244,1.0
110,109,1.0
110,114,1.0
110,189,1.0
110,14,1.0
110,366,1.0
110,260,1.0
111,110,1.0
111,187,1.0
111,201,1.0
111,58,1.0
111,66,1.0
111,67,1.0
111,207,1.0
111,138,1.0
111,126,1.0
111,10,1.0
111,109,1.0
111,14,1.0
111,366,1.0
111,374,1.0
111,146,1.0
111,293,1.0
111,371,1.0
111,244,1.0
111,17,1.0
111,23,1.2857142857142856
112,76,1.0
112,129,1.0
112,142,1.0
112,167,1.0
112,172,1.0
112,37,1.0
112,195,1.0
112,79,1.0
112,314,1.0
112,147,1.0
112,163,1.0
112,182,1.9669875568304565
112,135,1.0
112,166,1.0
112,252,1.0
112,203,1.0
112,341,1.0
112,335,1.0
112,62,1.0
112,74,1.0
113,210,1.0
113,144,1.0
113,253,1.0
113,59,1.2390457218668787
113,88,1.0
113,15,1.0
113,92,1.0
113,47,1.0
113,164,1.0
113,260,1.0
113,9,1.3721042037676254
113,360,1.0
113,77,1.0
113,223,1.632455532033676
113,124,1.632455532033676
113,275,1.0
113,277,1.0
113,306,1.8944271909999157
113,24,1.0
113,11,1.0
114,189,1.0
114,244,1.0
114,293,1.0
114,146,1.0
114,374,1.0
114,21,1.0
114,178,1.0
114,171,1.0
114,277,1.0
114,5,1.0
114,275,1.0
114,124,1.0
114,43,1.0
114,126,1.0
114,236,1.0
114,138,1.0
114,232,1.0
114,13,1.0
114,306,1.0
114,11,1.0
115,209,1.0
115,208,1.0
115,343,1.0
115,204,1.0
115,206,1.0
115,149,1.0
115,367,1.0
115,330,1.0
115,274,1.0
115,82,1.0
115,139,1.0
115,127,1.0
115,276,1.0
115,340,1.0
115,185,1.0
115,54,1.0
115,145,1.0
115,154,1.0
115,249,1.0
115,150,1.0
116,125,1.0
116,158,1.0
116,159,1.0
116,262,1.0
116,305,1.0
116,89,1.0
116,216,1.0
116,271,2.1547005383792515
116,139,1.0
116,46,1.0
116,194,1.0
116,104,1.0
116,330,1.0
116,276,2.414213562373095
116,127,1.0
116,83,2.414213562373095
116,145,2.414213562373095
116,149,2.3764944032233704
116,82,1.0
116,343,3.0
117,290,1.0
117,241,1.0
117,296,1.0
117,332,1.0
117,104,1.0
117,32,1.0
117,337,1.0
117,354,1.0
117,49,1.0
117,345,1.0
117,216,1.0
117,16,1.0
117,161,1.0
117,90,1.0
117,197,1.0
117,234,1.0
117,289,1.0
117,199,1.0
117,175,1.0
117,64,1.0
118,17,1.0
118,339,1.0
118,371,1.0
118,31,1.0
118,52,1.0
118,366,1.0
118,94,1.0
118,14,1.5163977794943222
118,121,2.5
118,109,2.7888543819998315
118,207,2.414213562373095
118,221,1.0
118,358,1.0
118,201,1.0
118,265,1.0
118,333,1.0
118,10,1.0977063937492062
118,73,1.0
118,111,1.0
118,110,1.0
119,222,1.0
119,268,1.0
119,255,1.0
119,326,1.0
119,372,3.0
119,74,1.0
119,252,1.0
119,131,1.0
119,182,2.8090680674665816
119,314,1.0
119,79,1.0
119,292,1.0
119,311,1.0
119,331,1.0
119,84,1.9863939238321437
119,335,1.0
119,341,1.0
119,147,1.0
119,132,1.8944271909999157
119,85,1.0
120,263,1.0
120,101,1.0
120,155,1.0
120,35,1.0
120,99,1.0
120,73,1.0
120,227,1.0
120,265,1.0
120,247,1.0
120,358,1.0
120,316,1.0
120,221,1.0
120,123,1.0
120,331,1.0
120,324,1.0
120,353,1.0
120,333,1.0
120,121,1.0
120,292,1.0
120,311,1.0
121,52,1.0
121,94,1.0
121,339,1.0
121,118,2.5
121,31,1.0
121,221,1.3535533905932737
121,17,1.0
121,358,1.4160251471689218
121,371,1.0
121,265,1.0
121,366,1.0
121,14,1.6454972243679027
121,73,1.3535533905932737
121,109,2.5652475842498528
121,333,1.5
121,207,2.767766952966369
121,99,1.0
121,201,1.0
121,35,1.2886751345948129
121,155,1.4472135954999579
122,157,1.0
122,278,1.0
122,70,2.1547005383792515
122,279,1.0
122,285,1.0
122,237,1.0
122,38,1.0
122,299,1.0
122,300,1.0
122,230,1.0
122,80,1.0
122,48,1.0
122,219,1.0
122,251,1.0
122,68,1.0
122,254,1.0
122,103,2.7320508075688776
122,297,1.0
122,181,1.0
122,266,1.0
123,316,3.0
123,331,1.0
123,247,1.0
123,292,1.0
123,311,1.0
123,57,1.0
123,205,3.0
123,101,1.0
123,372,1.0
123,222,1.0
123,329,1.0
123,119,1.0
123,120,1.0
123,227,1.0
123,263,1.0
123,268,1.0
123,255,1.0
123,326,1.0
123,74,1.0
123,252,1.0
124,277,1.0
124,275,1.0
124,77,1.0
124,223,1.9999999999999998
124,360,1.0
124,260,1.0
124,9,1.392232270276368
124,306,1.0
124,47,1.0
124,244,1.0
124,146,1.0
124,24,1.0
124,374,1.0
124,293,1.0
124,11,1.0
124,114,1.0
124,189,1.0
124,59,1.0
124,253,1.0
124,193,1.0
125,116,1.0
125,158,1.0
125,159,1.0
125,262,1.0
125,89,1.0
125,305,1.0
125,216,1.0
125,271,1.0
125,46,1.0
125,139,1.0
125,194,1.0
125,104,1.0
125,330,1.0
125,276,1.0
125,127,1.0
125,83,1.0
125,149,1.0
125,145,1.0
125,343,1.0
125,82,1.0
126,138,1.0
126,187,1.0
126,374,1.0
126,146,1.0
126,110,3.0
126,58,1.0
126,66,1.0
126,67,1.0
126,293,1.0
126,244,1.0
126,114,1.0
126,189,1.0
126,111,1.0
126,260,1.0
126,124,1.0
126,21,1.0
126,277,1.0
126,275,1.0
126,201,1.0
126,15,1.0
127,276,1.0
127,145,1.0
127,323,1.0
127,61,1.0
127,82,1.0
127,154,1.0
127,139,1.0
127,367,1.0
127,93,2.414213562373095
127,282,1.0
127,271,1.0
127,340,1.0
127,83,2.414213562373095
127,209,1.0
127,274,1.0
127,343,1.0
127,115,1.0
127,338,1.0
127,149,1.0
127,208,1.0
128,217,1.0
128,257,2.414213562373095
128,8,1.0
128,45,1.0
128,211,2.9611613513818407
128,87,1.0
128,85,2.414213562373095
128,328,1.0
128,84,1.9863939238321437
128,267,1.0
128,259,2.0
128,132,1.0
128,335,1.0
128,341,1.0
128,203,2.8090680674665816
128,131,1.0
128,51,1.0
128,163,2.8973665961010275
128,147,1.0
128,182,1.0
129,76,1.0
129,112,1.0
129,167,3.0
129,142,1.0
129,172,1.0
129,37,1.0
129,314,1.0
129,79,1.0
129,195,1.0
129,147,1.0
129,182,1.0
129,163,1.0
129,252,1.0
129,74,1.0
129,341,1.0
129,335,1.0
129,203,1.0
129,131,1.0
129,166,1.0
129,132,1.0
130,18,1.0
130,307,1.0
130,141,1.0
130,95,1.0
130,190,1.0
130,174,1.0
130,256,1.0
130,192,1.0
130,188,1.0
130,186,1.0
130,12,1.0
130,165,1.0
130,368,1.0
130,1,1.0
130,302,1.0
130,362,1.0
130,248,1.0
130,359,1.0
130,319,1.0
130,325,1.0
131,335,1.0
131,341,1.0
131,182,1.0
131,132,1.0
131,147,1.0
131,79,1.7514691493021792
131,314,1.0
131,203,1.0
131,259,1.0
131,163,1.0
131,84,1.63796177826312
131,172,1.0
131,37,1.0
131,195,1.0
131,85,1.0
131,87,1.0
131,167,1.0
131,45,1.0
131,326,1.0
131,129,1.0
132,341,1.0
132,335,1.0
132,203,1.5393598899705938
132,259,1.0
132,131,1.0
132,147,1.0
132,163,1.0
132,182,1.8090398349558905
132,79,1.0
132,84,2.0293004709313305
132,195,1.0
132,172,1.0
132,37,1.0
132,314,1.0
132,87,1.0
132,85,1.0
132,45,1.0
132,167,1.0
132,8,1.632455532033676
132,129,1.0
133,286,1.8164965809277258
133,198,1.0
133,71,1.0
133,212,2.1547005383792515
133,303,1.0
133,105,1.0
133,242,2.1547005383792515
133,336,1.0
133,65,1.8164965809277258
133,42,2.1547005383792515
133,309,2.1547005383792515
133,78,1.6172133998483678
133,346,2.1547005383792515
133,181,1.0
133,297,1.0
133,362,2.1547005383792515
133,254,1.4714045207910318
133,103,1.3333333333333335
133,248,1.0
133,68,1.0
134,140,1.0
134,72,1.0
134,86,1.0
134,327,1.0
134,148,1.0
134,272,1.0
134,269,1.0
134,160,2.3093073414159546
134,53,2.414213562373095
134,98,1.0
134,143,2.8973665961010275
134,283,1.0
134,175,1.0
134,325,1.0
134,319,1.0
134,199,1.0
134,246,1.0
134,354,1.0
134,359,1.0
134,197,3.0
135,166,1.0
135,142,1.0
135,76,1.0
135,112,1.0
135,100,1.0
135,129,3.0
135,167,3.0
135,74,1.0
135,252,1.0
135,172,1.0
135,37,1.0
135,314,1.0
135,79,1.0
135,195,1.0
135,44,1.0
135,147,1.0
135,182,1.0
135,163,1.0
135,361,1.0
135,255,1.0
136,106,2.0886621079036347
136,191,1.0
136,348,1.0
136,375,1.0
136,3,1.0
136,349,1.0
136,36,1.0
136,41,1.0
136,226,1.0
136,55,1.0
136,225,1.0
136,56,1.0
136,102,1.0
136,2,1.0
136,22,1.0
136,196,1.0
136,34,1.0
136,50,1.0
136,261,1.0
136,376,1.0
137,295,1.0
137,317,1.0
137,329,1.0
137,153,1.0
137,156,1.0
137,220,1.0
137,168,1.0
137,205,1.0
137,57,1.0
137,119,1.0
137,311,1.0
137,292,1.0
137,267,1.0
137,75,1.0
137,257,1.0
137,331,1.0
137,222,1.0
137,328,1.0
137,128,1.0
137,211,1.0
138,126,1.0
138,187,1.0
138,67,1.0
138,110,1.0
138,374,1.0
138,58,1.0
138,66,1.0
138,146,1.0
138,293,1.74535599249993
138,244,1.0
138,111,1.0
138,114,1.0
138,189,1.0
138,260,1.0
138,124,1.0
138,201,1.0
138,277,1.0
138,10,1.0
138,21,1.0
138,275,1.0
139,82,1.0
139,127,1.0
139,276,1.0
139,367,1.0
139,343,1.0
139,145,1.0
139,209,1.0
139,149,1.0
139,271,1.0
139,115,1.0
139,330,1.0
139,323,1.0
139,61,1.0
139,208,1.0
139,206,1.0
139,154,1.0
139,204,1.0
139,274,1.0
139,93,1.0
139,282,1.0
140,134,1.0
140,72,2.8973665961010275
140,86,3.0
140,327,1.0
140,148,1.0
140,272,1.0
140,269,1.0
140,160,1.0
140,53,1.0
140,175,1.0
140,98,1.0
140,143,1.0
140,283,1.0
140,325,1.0
140,199,1.0
140,319,1.0
140,246,1.0
140,354,1.0
140,197,1.0
140,359,1.0
141,307,1.0
141,18,1.0
141,256,1.0
141,130,1.0
141,188,1.8164965809277258
141,186,1.0
141,12,1.2649064714130087
141,165,1.0
141,95,1.0
141,1,1.0222016746244653
141,190,1.8164965809277258
141,174,1.0
141,368,1.0
141,192,1.0
141,302,1.0
141,359,1.0
141,287,1.0
141,319,1.0
141,325,1.0
141,347,1.0
142,76,1.0
142,112,1.0
142,129,1.0
142,167,1.0
142,166,1.0
142,135,1.0
142,172,1.0
142,37,1.0
142,314,1.0
142,79,1.0
142,252,1.0
142,195,1.0
142,74,1.0
142,147,1.0
142,182,1.0
142,163,1.0
142,341,1.0
142,335,1.0
142,203,1.4264014327112209
142,131,1.0
143,283,1.0
143,98,1.0
143,246,1.0
143,160,2.242118006816238
143,53,2.341640786499874
143,269,1.0
143,134,2.8973665961010275
143,86,1.0
143,325,1.0
143,319,1.0
143,327,1.0
143,272,1.0
143,72,1.0
143,140,1.0
143,148,1.0
143,91,1.0
143,199,1.0
143,359,1.0
143,190,2.341640786499874
143,192,1.0
144,210,1.0
144,113,1.0
144,92,1.0
144,253,1.0
144,88,1.0
144,15,1.0
144,59,1.0
144,164,1.0
144,47,1.0
144,260,1.0
144,9,1.0
144,360,1.0
144,77,1.0
144,124,1.0
144,223,1.0
144,277,1.0
144,275,1.0
144,306,1.0
144,24,1.0
144,183,1.0
145,276,1.9999999999999998
145,127,1.0
145,323,1.0
145,61,1.0
145,154,1.0
145,93,1.0
145,282,2.414213562373095
145,82,1.5773502691896257
145,83,1.9999999999999998
145,271,1.8164965809277258
145,139,1.0
145,340,1.0
145,367,2.414213562373095
145,338,1.0
145,274,1.9999999999999998
145,209,1.0
145,343,2.414213562373095
145,115,1.0
145,208,1.0
145,149,2.622214211307625
146,374,1.0
146,293,1.0
146,244,1.0
146,114,1.0
146,189,1.0
146,126,1.0
146,124,1.0
146,277,1.0
146,138,1.0
146,275,1.0
146,21,1.0
146,178,1.0
146,171,1.0
146,260,1.0
146,187,1.0
146,5,1.0
146,223,1.0
146,77,1.0
146,43,1.0
146,306,1.0
147,163,1.0
147,79,1.0
147,172,1.0
147,37,1.0
147,341,1.0
147,335,1.0
147,182,1.0
147,195,1.0
147,314,1.0
147,203,1.0
147,132,1.0
147,131,1.0
147,167,1.0
147,259,1.0
147,129,1.0
147,112,1.0
147,76,1.0
147,84,1.0
147,252,1.0
147,142,1.0
148,327,1.0
148,272,1.0
148,269,1.0
148,86,1.0
148,72,1.6311433822135166
148,134,1.0
148,140,1.0
148,160,1.0
148,53,1.0
148,325,1.0
148,319,1.0
148,98,1.0
148,283,1.0
148,175,1.0
148,143,1.0
148,246,1.0
148,359,1.0
148,199,1.0
148,197,1.0
148,165,1.0
149,206,1.0
149,208,1.4588314677411236
149,330,1.0
149,343,2.3764944032233704
149,115,1.0
149,204,1.917662935482247
149,209,1.0
149,367,1.917662935482247
149,82,1.749268649265355
149,139,1.0
149,274,2.2977713690461004
149,185,1.0
149,127,1.0
149,276,1.973328526784575
149,249,1.0
149,150,1.9051771436856568
149,322,1.917662935482247
149,145,2.622214211307625
149,288,1.0
149,340,1.0
150,322,2.9727878476642875
150,249,1.0
150,365,2.9727878476642875
150,233,1.0
150,185,1.0
150,288,1.0
150,228,1.0
150,204,2.9727878476642875
150,206,1.0
150,208,1.0
150,330,1.0
150,149,1.9051771436856568
150,115,1.0
150,343,1.0
150,209,1.0
150,320,2.8715508816761313
150,274,1.0
150,367,2.9727878476642875
150,54,1.0
150,82,1.8053872662568293
151,310,1.0
151,215,1.0
151,108,1.0
151,369,1.0
151,281,1.0
151,353,1.0
151,324,1.0
151,81,2.8382900600361154
151,227,1.0
151,363,1.0
151,213,1.0
151,170,1.0
151,239,1.0
151,280,1.0
151,247,1.0
151,120,1.0
151,263,1.0
151,342,1.0
151,101,1.0
151,57,1.0
152,202,1.0
152,180,1.0
152,312,1.0
152,75,1.0
152,153,1.0
152,350,1.0
152,267,1.0
152,357,1.0
152,356,1.0
152,168,1.0
152,328,1.0
152,51,1.0
152,156,1.0
152,211,1.0
152,173,1.0
152,257,1.0
152,220,1.0
152,298,1.0
152,217,2.414213562373095
152,128,1.0
153,75,1.0
153,312,1.0
153,267,1.0
153,180,1.0
153,202,1.0
153,328,1.0
153,152,1.0
153,211,1.0
153,257,1.0
153,217,1.0
153,128,1.0
153,350,1.0
153,51,1.0
153,137,1.0
153,8,1.2324952774876385
153,168,1.0
153,45,1.0
153,85,1.0
153,87,1.0
153,156,1.0
154,282,1.0
154,323,1.0
154,61,1.0
154,145,1.0
154,93,1.0
154,276,1.0
154,127,1.0
154,340,1.0
154,83,1.0
154,82,2.6329931618554525
154,367,1.0
154,271,1.0
154,338,1.0
154,274,1.0
154,139,1.0
154,209,1.0
154,162,1.0
154,351,1.0
154,343,1.0
154,370,1.0
155,99,2.264911064067352
155,35,2.0327955589886444
155,73,1.0
155,265,1.0
155,263,1.0
155,358,1.0
155,120,1.0
155,221,1.0
155,121,1.4472135954999579
155,333,1.0
155,52,2.0327955589886444
155,94,1.0
155,339,1.0
155,101,1.0
155,31,1.0
155,118,1.0
155,17,1.0
155,371,1.0
155,366,1.0
155,14,1.2309401076758504
156,168,3.0
156,220,2.980295085953349
156,137,1.0
156,153,1.0
156,295,1.0
156,202,3.0
156,180,3.0
156,312,1.0
156,152,1.0
156,75,1.0
156,317,3.0
156,267,1.0
156,329,1.0
156,328,1.0
156,211,2.9611613513818407
156,257,2.414213562373095
156,128,3.0
156,217,1.0
156,350,1.0
156,85,2.414213562373095
157,122,1.0
157,278,1.0
157,70,2.1547005383792515
157,279,1.0
157,237,1.0
157,38,1.0
157,299,1.0
157,285,1.0
157,300,1.0
157,230,1.0
157,219,1.0
157,80,1.0
157,48,1.0
157,251,1.0
157,68,1.0
157,103,1.0
157,254,1.0
157,266,1.0
157,297,1.0
157,181,1.0
158,159,1.0
158,262,1.0
158,89,1.0
158,305,1.0
158,125,1.0
158,116,1.0
158,46,1.0
158,194,1.0
158,235,1.0
158,228,1.0
158,330,1.0
158,288,1.0
158,139,1.0
158,149,1.0
158,343,1.0
158,206,1.0
158,271,1.0
158,208,1.0
158,216,1.0
158,209,1.0
159,158,1.0
159,262,1.0
159,89,1.0
159,305,1.0
159,125,1.0
159,46,2.414213562373095
159,116,1.0
159,194,1.0
159,235,1.0
159,228,1.9999999999999998
159,288,1.0
159,330,1.0
159,139,1.0
159,149,1.324442842261525
159,343,1.0
159,206,1.0
159,271,1.0
159,208,1.0
159,216,1.0
159,209,1.0
160,53,1.9258200997725514
160,269,1.0
160,272,1.0
160,327,1.0
160,148,1.0
160,86,1.0
160,72,1.0
160,134,2.3093073414159546
160,140,1.0
160,325,1.0
160,98,1.0
160,319,1.0
160,283,1.0
160,143,2.242118006816238
160,246,1.0
160,359,1.0
160,175,1.0
160,165,1.0
160,12,1.7008766440504623
160,186,1.0
161,16,1.0
161,345,1.0
161,32,1.5
161,296,1.0
161,332,1.0
161,197,1.0
161,64,1.0
161,90,2.414213562373095
161,175,1.0
161,289,1.0
161,234,1.0
161,104,1.0
161,240,1.0
161,238,1.0
161,224,1.0
161,354,1.0
161,140,1.0
161,241,1.0
161,72,1.0
161,148,1.0
162,351,1.0
162,370,1.0
162,318,1.0
162,97,1.0
162,282,1.0
162,356,1.0
162,154,1.0
162,334,1.0
162,357,1.0
162,93,1.0
162,338,1.0
162,83,1.0
162,238,1.0
162,240,1.0
162,61,1.0
162,323,1.0
162,340,1.0
162,224,1.0
162,145,1.0
162,276,1.0
163,195,2.8973665961010275
163,147,1.0
163,203,2.716232660642066
163,172,1.0
163,37,2.8
163,341,1.0
163,335,1.0
163,132,1.0
163,79,1.0
163,167,1.0
163,182,1.0
163,314,1.0
163,259,1.9486832980505138
163,131,1.0
163,129,1.0
163,112,1.0
163,76,1.0
163,84,1.9357754408380656
163,62,1.0
163,308,1.0
164,92,1.0
164,210,1.0
164,144,1.0
164,113,1.0
164,88,1.0
164,15,1.0
164,253,1.0
164,59,1.5345224838248488
164,47,1.0
164,260,1.0
164,183,1.0
164,9,2.386750490563073
164,360,1.0
164,77,2.414213562373095
164,107,2.7888543819998315
164,373,1.0
164,124,1.0
164,223,1.0
164,67,2.1547005383792515
164,277,1.0
165,12,1.0
165,186,1.0
165,256,1.0
165,188,1.0
165,1,1.0
165,141,1.0
165,307,1.0
165,18,1.0
165,359,1.0
165,302,1.0
165,130,1.0
165,287,1.0
165,368,1.0
165,95,1.0
165,190,1.0
165,347,1.0
165,174,1.0
165,319,1.0
165,325,1.0
165,270,1.0
166,135,1.0
166,142,1.0
166,76,1.0
166,74,1.0
166,252,1.0
166,129,1.0
166,112,1.0
166,167,1.0
166,314,1.0
166,79,1.0
166,100,1.0
166,255,3.0
166,172,1.0
166,37,1.0
166,326,1.0
166,268,1.0
166,182,1.0
166,195,1.0
166,147,1.0
166,163,1.0
167,172,1.0
167,37,1.0
167,195,1.0
167,129,3.0
167,112,1.0
167,163,1.0
167,147,1.0
167,79,1.0
167,76,1.0
167,314,1.0
167,142,1.0
167,182,1.0
167,203,1.0
167,341,1.0
167,335,1.0
167,132,1.0
167,131,1.0
167,252,1.0
167,259,1.0
167,62,1.0
168,156,3.0
168,220,2.980295085953349
168,137,1.0
168,153,1.0
168,202,3.0
168,180,3.0
168,295,1.0
168,312,1.0
168,152,1.0
168,75,1.0
168,317,3.0
168,267,1.0
168,329,1.0
168,328,1.0
168,211,2.9611613513818407
168,257,2.414213562373095
168,128,3.0
168,217,1.0
168,350,1.0
168,85,2.414213562373095
169,29,2.5678589918043704
169,264,2.7888543819998315
169,33,1.0
169,273,1.0
169,26,1.0
169,193,1.0
169,11,1.0
169,177,1.0
169,232,1.0
169,24,1.0
169,306,1.0
169,7,1.0
169,13,1.0
169,30,1.0
169,250,1.0
169,236,1.0
169,291,1.0
169,223,1.0
169,39,1.0
169,28,1.0
170,363,3.0
170,213,1.0
170,369,1.0
170,310,1.0
170,151,1.0
170,108,1.0
170,215,1.0
170,81,1.0
170,342,1.0
170,281,1.0
170,353,1.0
170,324,1.0
170,280,2.9998843897221494
170,214,1.0
170,227,1.0
170,239,1.0
170,263,1.0
170,120,1.0
170,247,1.0
170,333,3.0
171,178,1.0
171,43,1.0
171,236,1.0
171,13,1.0
171,232,1.0
171,193,1.0
171,114,1.0
171,189,1.0
171,11,1.0
171,291,1.0
171,277,1.0
171,275,1.0
171,5,1.0
171,26,1.0
171,24,1.0
171,20,1.0
171,306,1.0
171,244,1.0
171,21,1.0
171,293,1.0
172,37,1.0
172,195,1.0
172,167,1.0
172,163,1.0
172,147,1.0
172,79,1.258198889747161
172,314,1.0
172,203,1.0
172,129,1.0
172,182,1.0
172,341,1.0
172,335,1.0
172,132,1.0
172,112,1.0
172,131,1.0
172,76,1.0
172,259,1.0
172,142,1.0
172,62,1.0
172,308,1.0
173,54,1.0
173,274,1.0
173,340,1.0
173,367,1.0
173,115,1.0
173,204,1.0
173,209,1.0
173,208,1.0
173,82,1.0
173,356,1.0
173,357,1.0
173,206,1.0
173,154,1.0
173,350,1.0
173,343,1.0
173,149,1.0
173,127,1.0
173,276,1.0
173,145,1.0
173,282,1.0
174,190,1.0
174,95,1.0
174,192,1.0
174,130,1.0
174,18,1.0
174,307,1.0
174,141,1.0
174,362,1.0
174,248,1.0
174,256,1.0
174,188,1.0
174,165,1.0
174,12,1.0
174,186,1.0
174,346,1.0
174,368,1.0
174,286,1.0
174,198,1.0
174,319,1.0
174,1,1.0
175,197,1.0
175,64,1.0
175,140,1.0
175,72,1.0
175,16,1.0
175,148,1.0
175,327,1.0
175,86,1.0
175,134,1.0
175,272,1.0
175,161,1.0
175,269,1.0
175,345,1.0
175,160,1.0
175,53,1.0
175,32,1.0
175,296,1.0
175,354,1.0
175,332,1.0
175,199,1.0
176,315,1.0
176,231,1.0
176,284,1.0
176,313,1.0
176,219,1.0
176,364,1.0
176,299,1.0
176,300,1.0
176,237,1.0
176,266,1.0
176,38,1.0
176,243,1.0
176,285,1.0
176,157,1.0
176,279,1.0
176,70,1.0
176,122,1.0
176,278,1.0
176,230,1.0
176,48,1.0
177,33,1.0
177,250,1.0
177,169,1.0
177,29,1.0
177,264,1.0
177,273,1.0
177,26,1.0
177,7,1.0
177,30,2.414213562373095
177,28,2.0327955589886444
177,19,1.0
177,39,1.0
177,291,1.0
177,193,1.0
177,232,1.0
177,13,1.0
177,11,1.0
177,236,1.0
177,24,1.0
177,179,1.0
178,171,1.0
178,43,1.0
178,236,1.0
178,13,1.8164965809277263
178,5,1.0
178,232,1.0
178,114,1.0
178,189,1.0
178,291,1.0
178,193,1.0
178,20,1.0
178,277,1.0
178,275,1.0
178,11,1.0
178,21,1.0
178,26,1.0
178,244,1.0
178,24,1.0
178,293,1.0
178,306,1.0
179,19,1.0
179,28,1.0
179,39,1.0
179,30,1.0
179,291,1.0
179,7,1.0
179,250,1.0
179,20,1.0
179,13,1.0
179,236,1.0
179,43,1.0
179,26,1.0
179,178,1.0
179,171,1.0
179,5,1.0
179,177,1.0
179,232,1.0
179,193,1.0
179,11,1.0
179,21,1.0
180,202,3.0
180,152,1.0
180,312,1.0
180,75,1.0
180,153,1.0
180,350,1.0
180,267,1.0
180,328,1.0
180,51,1.0
180,211,2.9611613513818407
180,357,1.0
180,168,3.0
180,356,1.0
180,156,3.0
180,257,2.414213562373095
180,217,1.0
180,220,2.9802950859533484
180,128,3.0
180,173,1.0
180,8,1.0
181,297,1.0
181,78,1.0
181,65,1.0
181,103,1.5773502691896257
181,254,1.0
181,336,1.0
181,303,1.0
181,105,1.0
181,68,1.0
181,71,1.0
181,242,1.0
181,212,1.0
181,309,1.0
181,251,1.0
181,42,1.0
181,133,1.0
181,198,1.0
181,286,1.0
181,48,1.0
181,80,1.0
182,79,1.0778498944161523
182,314,1.0
182,131,1.0
182,147,1.0
182,335,1.0
182,341,1.0
182,132,1.8090398349558905
182,163,1.0
182,172,1.0
182,37,1.0
182,203,1.0
182,195,1.0
182,167,1.0
182,129,1.0
182,259,1.0
182,252,1.0
182,326,1.6030226891555273
182,76,1.0
182,84,1.8922268747738975
182,74,1.0
183,373,1.0
183,96,1.0
183,4,1.0
183,107,1.0
183,258,1.0
183,164,1.0
183,92,1.0
183,200,1.0
183,210,1.0
183,144,1.0
183,88,1.0
183,25,1.0
183,15,1.0
183,113,1.0
183,253,1.0
183,59,1.0
183,10,1.0
183,67,1.0
183,260,1.0
183,47,1.0
184,231,1.0
184,294,1.0
184,176,1.0
184,315,1.0
184,313,1.0
184,376,1.0
184,364,1.0
184,284,1.0
184,321,1.0
184,243,1.0
184,50,1.0
184,261,1.0
184,266,1.0
184,34,1.0
184,219,1.0
184,196,1.8944271909999157
184,22,1.0
184,6,1.0
184,299,1.0
184,300,1.0
185,150,1.0
185,249,1.0
185,322,1.0
185,365,1.0
185,233,1.0
185,288,1.0
185,204,1.0
185,206,1.0
185,208,1.0
185,228,1.0
185,330,1.0
185,149,1.0
185,115,1.0
185,343,1.0
185,209,1.0
185,274,1.0
185,367,1.0
185,82,1.0
185,54,1.0
185,320,1.0
186,256,1.0
186,188,1.0
186,12,1.0
186,165,1.0
186,1,1.0
186,141,1.0
186,307,1.0
186,18,1.0
186,302,1.0
186,368,1.0
186,130,1.0
186,287,1.0
186,359,1.0
186,95,2.414213562373095
186,347,1.0
186,190,2.414213562373095
186,174,1.0
186,270,1.0
186,319,1.0
186,325,1.0
187,110,1.0
187,138,1.0
187,126,1.0
187,58,1.0
187,66,2.0
187,111,1.0
187,67,2.1547005383792515
187,374,1.0
187,146,1.0
187,293,1.0
187,244,1.0
187,201,1.0
187,114,1.0
187,189,1.0
187,10,1.0977063937492062
187,21,1.0
187,207,2.414213562373095
187,260,1.0
187,124,1.0
187,23,1.0
188,256,1.0
188,186,1.0
188,12,1.324442842261525
188,165,1.0
188,1,1.0
188,141,1.8164965809277258
188,307,1.0
188,18,1.0
188,368,1.0
188,130,1.0
188,302,2.414213562373095
188,287,1.0
188,359,1.0
188,95,1.0
188,190,1.9999999999999998
188,347,1.0
188,174,1.0
188,270,1.0
188,192,1.0
188,319,1.0
189,114,1.0
189,244,1.0
189,293,1.0
189,146,1.0
189,374,1.0
189,21,1.0
189,178,1.0
189,171,1.0
189,277,1.0
189,5,1.0
189,275,1.0
189,124,1.0
189,43,1.632455532033676
189,126,1.0
189,236,1.0
189,138,1.0
189,232,1.0
189,13,1.5773502691896257
189,306,1.0
189,11,1.0
190,174,1.0
190,95,1.9999999999999998
190,192,1.0
190,130,1.0
190,18,1.0
190,307,1.0
190,141,1.8164965809277258
190,362,1.0
190,248,1.0
190,256,1.0
190,165,1.0
190,188,1.9999999999999998
190,12,1.324442842261525
190,186,2.414213562373095
190,346,1.0
190,368,1.0
190,319,1.0
190,325,1.0
190,1,1.0
190,286,1.0
191,136,1.0
191,106,1.0
191,348,1.0
191,375,1.0
191,3,1.0
191,349,1.0
191,36,1.0
191,41,1.0
191,226,1.0
191,55,1.0
191,225,1.0
191,56,1.0
191,102,1.0
191,2,1.0
191,22,1.0
191,196,1.0
191,34,1.0
191,50,1.0
191,261,1.0
191,376,1.0
192,174,1.0
192,190,1.0
192,95,1.0
192,130,1.0
192,18,2.414213562373095
192,362,1.0
192,307,1.0
192,248,1.0
192,141,1.0
192,346,1.0
192,286,1.0
192,198,1.0
192,256,1.0
192,165,1.0
192,12,2.835325870964494
192,188,1.0
192,133,2.1547005383792515
192,186,1.0
192,91,3.0
192,42,1.0
193,232,1.0
193,11,1.0
193,24,1.0
193,306,3.0
193,26,1.0
193,236,1.0
193,43,1.0
193,275,1.0
193,13,1.0
193,169,1.0
193,29,1.0
193,264,1.0
193,277,1.0
193,171,1.0
193,178,1.0
193,223,1.0
193,291,1.0
193,7,1.0
193,33,1.0
193,77,1.0
194,46,1.0
194,235,1.0
194,89,1.0
194,262,1.0
194,159,1.0
194,158,1.0
194,305,1.0
194,228,1.0
194,288,1.0
194,330,1.0
194,185,1.0
194,116,1.0
194,149,1.0
194,125,1.0
194,150,1.0
194,322,1.0
194,206,1.0
194,249,1.0
194,233,1.0
194,208,1.0
195,172,1.0
195,37,2.8973665961010275
195,163,2.8973665961010275
195,167,1.0
195,147,1.0
195,203,2.8090680674665816
195,79,1.0
195,341,1.0
195,335,1.0
195,314,1.0
195,129,1.0
195,182,1.0
195,132,1.0
195,112,1.0
195,131,1.0
195,259,2.0
195,76,1.0
195,142,1.0
195,62,1.0
195,308,1.0
196,22,1.0
196,50,1.0
196,56,1.0
196,34,1.0
196,261,1.0
196,376,1.0
196,55,1.0
196,41,1.0
196,225,1.0
196,226,1.0
196,102,1.0
196,2,1.0
196,136,1.0
196,106,1.0
196,191,1.0
196,184,1.8944271909999157
196,3,1.0
196,36,1.0
196,348,1.0
196,375,1.0
197,16,1.0
197,161,1.0
197,64,1.0
197,175,1.0
197,345,1.0
197,32,1.0
197,296,1.0
197,332,1.0
197,90,1.0
197,140,1.0
197,72,1.0
197,148,1.0
197,134,3.0
197,86,1.0
197,354,1.0
197,327,1.0
197,272,1.0
197,289,1.0
197,234,1.0
197,269,1.0
198,286,1.0
198,133,1.0
198,346,1.0
198,42,1.0
198,212,1.0
198,71,1.0
198,242,1.0
198,309,1.0
198,105,1.0
198,303,1.0
198,362,1.0
198,248,1.0
198,336,1.0
198,65,1.0
198,78,1.0
198,181,1.0
198,297,1.0
198,254,1.0
198,103,1.0
198,68,1.0
199,354,1.0
199,49,1.0
199,140,1.0
199,134,1.0
199,72,1.0
199,86,1.0
199,327,1.0
199,241,1.0
199,148,1.0
199,272,1.0
199,175,1.0
199,269,1.0
199,160,1.0
199,53,1.0
199,143,1.0
199,98,1.0
199,283,1.0
199,197,1.0
199,337,1.0
199,290,1.0
200,25,2.1547005383792515
200,258,1.0
200,96,1.0
200,4,2.3093073414159546
200,373,1.0
200,183,1.0
200,107,2.0327955589886444
200,164,2.1547005383792515
200,10,1.338464876395911
200,333,2.1547005383792515
200,92,1.8164965809277258
200,210,1.0
200,144,1.0
200,239,1.0
200,88,1.0
200,113,1.0
200,15,1.8728715609439694
200,253,2.1547005383792515
200,59,1.3086066999241839
200,67,1.6666666666666667
201,207,1.0
201,109,1.0
201,10,1.0
201,111,1.0
201,110,1.0
201,14,1.0
201,366,1.0
201,67,1.0
201,187,1.0
201,17,1.0
201,371,1.0
201,118,1.0
201,138,1.0
201,58,1.0
201,66,2.0
201,126,1.0
201,31,1.0
201,339,3.0
201,52,1.0
201,94,1.0
202,152,1.0
202,180,3.0
202,312,1.0
202,75,1.0
202,153,1.0
202,350,1.0
202,267,1.0
202,168,3.0
202,156,3.0
202,328,1.0
202,51,1.0
202,357,1.0
202,356,1.0
202,211,2.9611613513818407
202,220,2.9802950859533484
202,257,2.414213562373095
202,217,1.0
202,173,1.0
202,128,3.0
202,298,3.0
203,132,1.5393598899705938
203,341,1.0
203,335,1.0
203,163,2.716232660642066
203,259,1.9045340337332908
203,147,1.0
203,195,2.8090680674665816
203,172,1.0
203,37,2.716232660642066
203,131,1.0
203,182,1.0
203,79,1.0
203,314,1.0
203,167,1.0
203,84,2.1896358330318635
203,87,1.0
203,45,1.0
203,85,2.7056057308448835
203,129,1.0
203,8,1.0
204,208,1.0
204,206,1.0
204,115,1.0
204,149,1.917662935482247
204,209,1.0
204,343,1.0
204,330,1.0
204,367,3.0
204,274,1.0
204,82,1.8164965809277263
204,185,1.0
204,139,1.0
204,249,1.0
204,150,2.9727878476642875
204,322,3.0
204,365,3.0
204,54,1.0
204,127,1.0
204,276,1.0
204,340,1.0
205,57,1.0
205,311,1.0
205,292,1.0
205,123,3.0
205,331,1.0
205,247,1.0
205,316,3.0
205,329,1.0
205,222,1.0
205,372,1.0
205,101,1.0
205,119,1.0
205,227,1.0
205,268,1.0
205,317,3.0
205,255,1.0
205,326,1.0
205,120,1.0
205,295,1.0
205,263,1.0
206,208,1.0
206,204,1.0
206,149,1.0
206,115,1.0
206,343,1.0
206,209,1.0
206,330,1.0
206,367,1.0
206,274,1.0
206,82,1.0
206,185,1.0
206,139,1.0
206,249,1.0
206,150,1.0
206,322,1.0
206,127,1.0
206,365,1.0
206,276,1.0
206,54,1.0
206,288,1.0
207,109,2.264911064067352
207,201,1.0
207,366,1.0
207,14,1.7302967433402214
207,371,1.0
207,111,1.0
207,17,1.0
207,118,2.414213562373095
207,31,1.0
207,10,1.0690888535853467
207,110,1.0
207,339,1.0
207,94,1.0
207,52,1.0
207,67,1.8164965809277258
207,187,2.414213562373095
207,121,2.767766952966369
207,58,1.0
207,66,1.7071067811865475
207,138,1.0
208,206,1.0
208,204,1.0
208,115,1.0
208,149,1.4588314677411236
208,343,1.0
208,209,1.0
208,330,1.0
208,367,1.0
208,274,1.0
208,82,2.6329931618554525
208,139,1.0
208,185,1.0
208,127,1.0
208,249,1.0
208,276,1.0
208,150,1.0
208,322,1.0
208,340,1.0
208,54,1.0
208,365,1.0
209,115,1.0
209,343,1.0
209,208,1.0
209,367,1.0
209,204,1.0
209,206,1.0
209,149,1.0
209,82,1.0
209,274,1.0
209,330,1.0
209,139,1.0
209,127,1.0
209,276,1.0
209,340,1.0
209,145,1.0
209,54,1.0
209,154,1.0
209,323,1.0
209,185,1.0
209,61,1.0
210,144,1.0
210,113,1.0
210,92,1.0
210,253,1.0
210,88,1.0
210,15,1.0
210,59,1.5345224838248488
210,164,1.0
210,47,1.0
210,260,1.0
210,9,1.0
210,360,1.0
210,77,1.0
210,124,1.0
210,223,1.0
210,277,1.0
210,275,1.0
210,306,1.0
210,24,1.0
210,183,1.0
211,328,1.0
211,257,2.386750490563073
211,217,1.2773500981126147
211,267,1.392232270276368
211,128,2.9611613513818407
211,8,1.2773500981126147
211,45,1.0
211,87,1.0
211,85,2.386750490563073
211,51,1.0
211,84,2.1606865843944902
211,259,1.9805806756909203
211,132,1.1754116038614058
211,75,1.2773500981126147
211,203,2.773937187967248
211,341,1.0
211,335,1.0
211,131,1.0
211,153,1.0
211,163,2.860521018838127
212,71,1.0
212,105,1.0
212,242,3.0
212,309,1.0
212,42,1.0
212,303,1.0
212,78,1.0
212,65,1.0
212,336,1.0
212,133,2.1547005383792515
212,181,1.0
212,198,1.0
212,297,1.0
212,286,1.0
212,103,1.5773502691896257
212,254,1.0
212,68,1.0
212,346,1.0
212,251,1.0
212,248,1.0
213,363,1.0
213,170,1.0
213,369,1.0
213,310,1.0
213,108,1.0
213,151,1.0
213,215,1.0
213,281,1.0
213,280,1.0
213,81,1.0
213,353,1.0
213,324,1.0
213,342,1.0
213,227,3.0
213,214,1.0
213,239,1.0
213,247,1.0
213,263,1.0
213,120,1.0
213,57,1.0
214,342,1.0
214,25,1.0
214,239,1.0
214,81,1.0
214,200,1.0
214,258,1.0
214,96,1.0
214,363,1.0
214,170,1.0
214,4,1.0
214,373,1.0
214,213,1.0
214,107,1.0
214,151,1.0
214,310,1.0
214,183,1.0
214,333,1.0
214,215,1.0
214,353,1.0
214,324,1.0
215,281,1.0
215,353,1.0
215,324,1.0
215,151,1.0
215,310,1.0
215,108,1.0
215,227,1.0
215,369,1.0
215,81,1.0
215,363,1.0
215,213,1.0
215,239,1.0
215,170,1.0
215,120,1.0
215,263,1.0
215,247,1.0
215,101,1.0
215,57,1.0
215,123,1.0
215,205,1.0
216,104,1.0
216,116,1.0
216,271,2.1547005383792515
216,125,1.0
216,240,1.0
216,238,1.0
216,338,1.0
216,234,1.0
216,289,1.0
216,83,1.0
216,90,1.0
216,93,1.0
216,61,1.0
216,323,1.0
216,145,1.0
216,139,1.0
216,276,1.0
216,127,1.0
216,332,1.0
216,282,1.0
217,128,1.0
217,257,1.0
217,211,1.2773500981126147
217,8,1.9999999999999998
217,328,1.0
217,45,1.7071067811865475
217,87,1.0
217,85,1.0
217,267,2.414213562373095
217,84,1.6974858324629158
217,259,1.0
217,132,1.632455532033676
217,51,1.0
217,341,1.0
217,335,1.0
217,203,1.0
217,131,1.0
217,163,1.0
217,147,1.0
217,182,2.2792042981336627
218,63,1.2800560168056019
218,69,2.6329931618554525
218,245,1.0
218,355,3.0
218,177,1.0
218,250,1.0
218,6,1.0
218,33,1.0
218,273,1.0
218,19,1.0
218,30,1.0
218,28,1.0
218,7,1.0
218,39,1.0
218,169,1.0
218,29,1.0
218,264,1.0
218,179,1.0
218,26,1.0
218,291,1.0
219,300,1.0
219,299,1.0
219,237,1.0
219,38,1.0
219,285,1.4264014327112209
219,157,1.0
219,122,1.0
219,278,1.0
219,315,1.0
219,176,1.0
219,279,1.0
219,70,1.0
219,284,1.4264014327112209
219,266,1.0
219,231,1.0
219,230,1.0
219,313,1.0
219,364,1.0
219,48,1.0
219,80,1.0
220,156,2.980295085953349
220,168,2.980295085953349
220,137,1.0
220,295,1.0
220,153,1.0
220,202,2.9802950859533484
220,180,2.9802950859533484
220,317,2.980295085953349
220,312,1.0
220,152,1.0
220,75,1.140028008402801
220,329,1.0
220,267,1.198029508595335
220,328,1.0
220,211,2.9806758753205744
220,257,2.40028008402801
220,128,2.980295085953349
220,217,1.140028008402801
220,350,1.0
220,85,2.40028008402801
221,358,2.176696810829104
221,265,1.0
221,73,1.9999999999999998
221,121,1.3535533905932737
221,52,1.0
221,94,1.0
221,339,1.0
221,118,1.0
221,31,1.0
221,333,2.414213562373095
221,17,1.0
221,99,1.0
221,371,1.0
221,35,1.8164965809277258
221,155,1.0
221,366,1.0
221,14,1.0
221,109,1.632455532033676
221,207,1.0
221,201,1.0
222,372,1.0
222,268,1.0
222,119,1.0
222,255,1.0
222,326,1.0
222,74,1.0
222,292,1.0
222,311,1.0
222,331,1.0
222,252,1.0
222,316,1.0
222,123,1.0
222,314,1.0
222,182,1.0
222,205,1.0
222,57,1.0
222,79,1.0
222,131,1.0
222,247,1.0
222,166,1.0
223,77,1.0
223,360,1.0
223,306,1.0
223,9,1.392232270276368
223,275,1.0
223,124,1.9999999999999998
223,277,1.0
223,24,1.0
223,47,1.0
223,11,1.0
223,193,1.0
223,260,1.0
223,232,1.0
223,59,1.7559289460184544
223,253,1.0
223,171,1.0
223,169,1.0
223,29,1.0
223,264,1.0
223,15,1.0
224,334,1.0
224,318,1.0
224,308,1.0
224,62,1.0
224,97,1.0
224,370,1.0
224,162,1.0
224,351,1.113592366849413
224,112,1.0
224,195,1.0
224,167,1.0
224,172,1.0
224,37,1.0
224,163,1.0
224,64,1.0
224,203,1.0
224,352,1.0
224,129,1.0
224,142,1.0
224,76,1.0
225,226,3.0
225,41,1.0
225,55,3.0
225,102,1.0
225,2,1.324442842261525
225,56,1.0
225,34,1.0
225,261,1.0
225,50,1.0
225,376,1.0
225,22,1.0
225,196,1.0
225,191,1.0
225,136,1.0
225,106,1.0
225,3,1.3287979746107146
225,348,1.0
225,375,1.0
225,349,1.0
225,36,1.0
226,225,3.0
226,41,1.0
226,55,3.0
226,102,1.0
226,2,1.324442842261525
226,56,1.0
226,34,1.0
226,261,1.0
226,50,1.0
226,376,1.0
226,22,1.0
226,196,1.0
226,191,1.0
226,136,1.0
226,106,1.0
226,3,1.3287979746107146
226,348,1.0
226,375,1.0
226,349,1.0
226,36,1.0
227,324,1.0
227,353,1.0
227,281,1.0
227,215,1.0
227,101,1.0
227,247,1.0
227,120,1.0
227,263,1.0
227,151,1.0
227,310,1.0
227,108,1.0
227,123,1.0
227,81,1.0
227,57,1.0
227,316,1.0
227,205,1.0
227,369,1.0
227,331,1.0
227,311,1.0
227,292,1.0
228,288,1.0
228,185,1.0
228,150,1.0
228,322,1.0
228,249,1.0
228,233,1.0
228,330,1.0
228,365,1.0
228,149,1.6488856845230502
228,206,1.0
228,194,1.0
228,46,2.414213562373095
228,208,1.0
228,204,1.0
228,305,1.0
228,235,1.0
228,343,1.0
228,115,1.0
228,89,1.0
228,209,1.0
229,23,1.0
229,21,1.0
229,58,1.0
229,66,1.0
229,5,1.0
229,187,1.0
229,20,1.0
229,114,1.0
229,189,1.0
229,293,1.0
229,368,1.0
229,110,1.0
229,126,1.0
229,374,1.0
229,111,1.0
229,146,1.0
229,244,1.0
229,138,1.0
229,178,1.0
229,171,1.0
230,279,1.0
230,70,1.0
230,48,1.0
230,80,1.0
230,251,1.0
230,278,1.0
230,68,1.0
230,103,1.0
230,254,1.0
230,297,1.0
230,181,1.0
230,78,1.0
230,157,1.0
230,266,1.0
230,65,1.0
230,336,1.0
230,122,1.0
230,105,1.0
230,303,1.0
230,242,1.0
231,176,1.0
231,315,1.0
231,284,1.0
231,313,1.0
231,364,1.0
231,219,1.0
231,266,1.0
231,243,1.0
231,299,1.0
231,300,1.0
231,237,1.0
231,38,1.0
231,285,1.0
231,279,1.0
231,157,1.0
231,70,1.0
231,230,3.0
231,278,1.0
231,122,1.0
231,48,1.0
232,193,1.0
232,11,1.0
232,24,1.0
232,26,1.0
232,306,1.0
232,236,1.0
232,43,1.0
232,13,1.0
232,171,1.0
232,275,1.0
232,277,1.0
232,178,1.0
232,169,1.0
232,29,1.269679944985297
232,264,1.0
232,291,1.0
232,223,1.0
232,7,1.0
232,30,1.0
232,39,1.0
233,365,1.0
233,322,1.0
233,150,1.0
233,249,1.0
233,185,1.0
233,288,1.0
233,228,1.0
233,320,1.0
233,204,1.0
233,206,1.0
233,208,1.0
233,330,1.0
233,149,1.0
233,115,1.0
233,343,1.0
233,209,1.0
233,274,1.0
233,367,1.0
233,54,1.0
233,173,1.0
234,289,1.0
234,90,1.0
234,240,1.0
234,238,1.0
234,345,1.0
234,104,1.0
234,338,1.0
234,332,1.0
234,370,3.0
234,32,1.0
234,161,1.0
234,296,1.0
234,16,1.0
234,83,1.0
234,64,1.0
234,162,1.0
234,93,1.0
234,351,1.0
234,224,1.0
234,216,1.0
235,194,1.0
235,46,1.0
235,228,1.0
235,89,1.0
235,288,1.0
235,262,1.0
235,159,1.0
235,158,1.0
235,305,1.0
235,185,1.0
235,150,2.9727878476642875
235,322,3.0
235,233,1.0
235,330,1.0
235,249,1.0
235,365,3.0
235,149,1.917662935482247
235,206,1.0
235,208,1.0
235,204,3.0
236,43,1.0
236,13,1.0
236,171,1.0
236,178,1.0
236,291,1.0
236,232,1.0
236,26,1.0
236,193,1.0
236,39,1.0
236,7,1.0
236,30,1.0
236,11,1.0
236,28,1.0
236,19,1.0
236,20,1.0
236,24,1.0
236,5,1.5773502691896257
236,275,1.0
236,277,1.0
236,306,1.0
237,299,1.0
237,300,1.0
237,38,1.0
237,219,1.0
237,285,1.0
237,157,1.0
237,122,1.0
237,278,1.0
237,70,1.0
237,279,1.0
237,230,1.0
237,266,1.0
237,284,1.0
237,315,1.0
237,48,1.0
237,176,1.0
237,80,1.0
237,251,1.0
237,313,1.0
237,231,1.0
238,240,3.0
238,338,1.0
238,234,1.0
238,83,2.414213562373095
238,289,3.0
238,370,1.0
238,93,1.0
238,90,1.0
238,282,3.0
238,271,2.1547005383792515
238,61,1.0
238,162,1.0
238,323,1.0
238,351,1.0
238,154,1.0
238,145,2.414213562373095
238,104,1.0
238,276,2.414213562373095
238,127,1.0
238,216,1.0
239,81,1.0
239,333,1.0
239,25,1.0
239,353,1.0
239,324,1.0
239,73,1.0
239,155,1.0
239,200,1.0
239,221,1.0
239,265,1.0
239,358,1.0
239,99,1.0
239,215,1.0
239,96,1.0
239,35,1.0
239,263,1.0
239,227,1.0
239,121,1.0
239,214,1.0
239,120,1.0
240,238,3.0
240,338,1.0
240,234,1.0
240,289,3.0
240,83,2.414213562373095
240,370,1.0
240,90,1.0
240,93,1.0
240,282,3.0
240,271,2.1547005383792515
240,162,1.0
240,61,1.0
240,351,1.0
240,323,1.0
240,104,1.0
240,154,1.0
240,145,2.414213562373095
240,276,2.414213562373095
240,127,1.0
240,216,1.0
241,290,1.0
241,49,1.0
241,354,1.0
241,337,1.0
241,117,1.0
241,199,1.0
241,296,1.0
241,32,1.0
241,332,1.0
241,16,1.0
241,161,1.0
241,197,1.0
241,345,1.0
241,175,1.0
241,140,1.0
241,104,1.0
241,134,1.0
241,72,1.0
241,86,1.0
241,64,1.0
242,105,1.0
242,212,3.0
242,309,1.0
242,71,1.0
242,42,1.0
242,78,1.0
242,303,1.0
242,181,1.0
242,65,1.0
242,336,1.0
242,297,1.0
242,133,2.1547005383792515
242,198,1.0
242,286,1.0
242,103,1.5773502691896257
242,254,1.0
242,68,1.0
242,346,1.0
242,251,1.0
242,248,1.0
243,364,1.0
243,313,1.0
243,266,1.0
243,284,1.0
243,6,1.0
243,230,1.0
243,279,1.0
243,315,1.0
243,70,1.0
243,176,1.0
243,231,1.0
243,48,1.0
243,68,1.0
243,251,1.0
243,278,1.0
243,297,1.0
243,299,1.0
243,80,1.0
243,103,1.0
243,181,1.0
244,293,1.0
244,146,1.0
244,374,1.0
244,114,1.0
244,189,1.0
244,277,1.0
244,124,1.0
244,275,1.0
244,126,1.0
244,21,2.414213562373095
244,178,1.0
244,171,1.0
244,138,1.0
244,5,1.0
244,260,1.0
244,43,1.0
244,223,2.414213562373095
244,77,1.0
244,306,1.0
244,187,1.0
245,69,1.0
245,355,1.0
245,218,1.0
245,63,1.0
245,6,1.0
245,177,1.0
245,250,1.0
245,19,1.0
245,28,1.0
245,30,1.0
245,33,1.0
245,7,1.0
245,179,1.0
245,39,1.0
245,273,1.0
245,169,1.0
245,29,1.5393598899705938
245,264,1.0
245,291,1.0
245,26,1.0
246,283,1.0
246,98,1.0
246,143,1.0
246,91,1.0
246,319,1.0
246,325,1.0
246,160,1.0
246,53,1.0
246,269,1.0
246,272,1.0
246,327,1.0
246,86,1.0
246,134,1.0
246,148,1.0
246,72,1.0
246,140,1.0
246,192,1.0
246,190,1.0
246,174,1.0
246,95,1.0
247,123,1.0
247,316,1.0
247,57,1.0
247,331,1.0
247,205,1.0
247,311,1.0
247,292,1.0
247,101,1.0
247,227,1.0
247,372,1.0
247,120,1.0
247,263,1.0
247,222,1.0
247,329,1.0
247,119,1.0
247,268,1.0
247,324,1.0
247,353,1.0
247,255,1.0
247,281,1.0
248,362,1.0
248,346,1.0
248,198,1.0
248,286,1.0
248,133,1.0
248,42,1.0
248,309,1.0
248,212,1.0
248,242,1.0
248,71,1.0
248,105,1.0
248,192,1.0
248,303,1.0
248,78,1.0
248,65,1.0
248,336,1.0
248,181,1.0
248,297,1.0
248,174,1.0
248,190,1.0
249,150,1.0
249,322,1.0
249,365,1.0
249,233,1.0
249,185,1.0
249,288,1.0
249,204,1.0
249,206,1.0
249,228,1.0
249,208,1.0
249,149,1.0
249,330,1.0
249,115,1.0
249,343,1.0
249,209,1.0
249,320,1.0
249,274,1.0
249,367,1.0
249,54,1.0
249,82,1.0
250,30,1.0
250,28,1.0
250,7,1.0
250,19,1.0
250,39,1.0
250,177,1.0
250,291,3.0
250,179,1.0
250,26,1.0
250,13,1.0
250,33,1.0
250,236,1.0
250,169,1.0
250,29,1.0
250,264,1.0
250,43,1.0
250,232,1.0
250,193,1.0
250,273,1.0
250,11,1.0
251,68,1.0
251,103,1.0
251,254,1.0
251,48,1.0
251,80,1.0
251,297,1.0
251,181,1.0
251,78,1.0
251,65,1.0
251,336,1.0
251,303,1.0
251,105,1.0
251,230,1.0
251,71,1.0
251,242,1.0
251,212,1.0
251,309,1.0
251,42,1.0
251,133,1.0
251,70,1.0
252,74,1.0
252,326,1.0
252,255,1.0
252,314,1.0
252,268,1.0
252,79,1.0
252,182,1.0
252,129,1.0
252,76,1.0
252,142,1.0
252,147,1.0
252,131,1.0
252,166,1.0
252,167,1.0
252,112,1.0
252,172,1.0
252,37,1.0
252,195,1.0
252,335,1.0
252,341,1.0
253,59,1.0
253,113,1.0
253,15,2.511857892036909
253,88,1.0
253,210,1.0
253,144,1.0
253,47,1.0
253,92,2.414213562373095
253,260,2.1547005383792515
253,9,1.5547001962252291
253,360,1.0
253,164,1.0
253,77,1.0
253,124,1.0
253,223,1.0
253,275,1.0
253,277,1.0
253,306,1.0
253,24,3.0
253,146,1.0
254,103,1.0
254,68,1.0
254,297,1.0
254,181,1.0
254,251,1.0
254,78,1.0
254,65,1.5773502691896257
254,336,1.0
254,303,1.0
254,105,1.0
254,71,1.0
254,48,1.0
254,80,1.4082482904638631
254,212,1.0
254,242,1.0
254,309,1.8164965809277263
254,42,1.8164965809277263
254,133,1.4714045207910318
254,198,1.0
254,286,1.5773502691896257
255,268,1.0
255,326,1.0
255,74,1.0
255,222,1.0
255,119,1.0
255,252,1.0
255,372,1.0
255,314,1.0
255,182,1.0
255,79,1.0
255,131,1.0
255,129,1.0
255,147,1.0
255,76,1.0
255,166,3.0
255,335,1.0
255,341,1.0
255,142,1.0
255,132,1.0
255,37,1.0
256,188,1.0
256,186,1.0
256,12,1.0
256,165,1.0
256,141,1.0
256,1,1.0
256,307,1.0
256,18,1.0
256,368,1.0
256,130,1.0
256,302,1.0
256,287,1.0
256,359,1.0
256,95,1.0
256,190,1.0
256,174,1.0
256,347,1.0
256,270,1.0
256,192,1.0
256,319,1.0
257,217,1.0
257,128,2.414213562373095
257,211,2.386750490563073
257,328,1.0
257,8,1.0
257,267,1.0
257,45,1.0
257,87,1.0
257,85,1.9999999999999998
257,84,2.162476387438193
257,259,1.7071067811865475
257,51,1.0
257,132,2.264911064067352
257,335,1.0
257,341,1.0
257,203,2.7056057308448835
257,131,1.0
257,163,2.341640786499874
257,147,1.0
257,182,1.0
258,200,1.0
258,25,1.0
258,96,1.0
258,4,1.0
258,373,1.0
258,183,1.0
258,107,1.0
258,164,1.0
258,92,1.0
258,210,1.0
258,144,1.0
258,10,1.0
258,88,1.0
258,113,1.0
258,15,1.0
258,253,1.0
258,59,1.0
258,67,1.0
258,333,1.0
258,260,1.0
259,132,1.0
259,203,1.9045340337332908
259,341,1.0
259,335,1.0
259,84,1.4931969619160719
259,87,1.0
259,131,1.0
259,163,1.9486832980505138
259,45,1.0
259,147,1.0
259,85,1.7071067811865475
259,8,1.0
259,182,1.0
259,195,2.0
259,172,1.0
259,37,1.9486832980505138
259,79,1.0
259,314,1.0
259,167,1.0
259,128,2.0
260,47,1.0
260,59,1.0
260,360,1.0
260,15,1.8728715609439694
260,124,1.0
260,253,2.1547005383792515
260,88,1.0
260,9,1.3202563076101743
260,77,1.0
260,113,1.0
260,210,1.0
260,144,1.0
260,223,1.0
260,277,1.0
260,275,1.0
260,92,1.8164965809277258
260,146,1.0
260,374,1.0
260,244,1.0
260,306,1.0
261,50,1.0
261,34,1.0
261,376,1.0
261,56,1.0
261,55,1.0
261,102,1.0
261,2,1.0
261,225,1.0
261,41,1.0
261,226,1.0
261,22,1.0
261,196,1.0
261,184,1.0
261,191,1.0
261,136,1.0
261,106,1.0
261,3,1.0
261,348,1.0
261,375,1.0
261,36,1.0
262,89,1.0
262,158,1.0
262,159,1.0
262,305,1.0
262,46,1.0
262,194,1.0
262,116,1.0
262,125,1.0
262,228,1.0
262,235,1.0
262,330,1.0
262,288,1.0
262,139,1.0
262,149,1.0
262,343,1.0
262,206,1.0
262,208,1.0
262,271,1.0
262,209,1.0
262,115,1.0
263,120,1.0
263,155,1.0
263,101,1.0
263,35,1.0
263,99,1.0
263,73,1.0
263,265,1.0
263,227,1.0
263,358,1.0
263,247,1.0
263,221,1.0
263,316,1.0
263,123,1.0
263,333,1.0
263,324,1.0
263,353,1.0
263,331,1.0
263,121,1.0
263,52,1.0
263,292,1.0
264,169,2.7888543819998315
264,29,2.348399724926484
264,33,1.0
264,273,1.0
264,26,1.0
264,193,1.0
264,11,1.0
264,177,1.0
264,232,1.0
264,24,1.0
264,306,1.0
264,7,1.0
264,13,1.0
264,30,1.0
264,250,1.0
264,236,1.0
264,291,1.0
264,223,1.0
264,39,1.0
264,28,1.0
265,358,1.0
265,73,1.0
265,221,1.0
265,99,1.0
265,121,1.0
265,35,1.0
265,52,1.0
265,155,1.0
265,94,1.0
265,339,1.0
265,31,1.0
265,333,1.0
265,118,1.0
265,17,1.0
265,371,1.0
265,366,1.0
265,14,1.0
265,109,1.0
265,263,1.0
265,120,1.0
266,243,1.0
266,284,1.0
266,364,1.0
266,313,1.0
266,230,1.0
266,279,1.0
266,70,1.0
266,278,1.0
266,48,1.0
266,299,1.0
266,80,1.0
266,157,1.0
266,251,1.0
266,68,1.0
266,237,1.0
266,315,1.0
266,297,1.0
266,103,1.0
266,300,1.0
266,219,1.0
267,328,1.0
267,211,1.392232270276368
267,257,1.0
267,217,2.414213562373095
267,128,1.0
267,51,1.0
267,8,2.414213562373095
267,75,2.414213562373095
267,45,1.0
267,87,1.0
267,85,1.0
267,153,1.0
267,84,1.9863939238321437
267,312,1.0
267,259,1.0
267,350,1.0
267,132,1.8944271909999157
267,341,1.0
267,335,1.0
267,203,1.0
268,255,1.0
268,326,1.0
268,222,1.0
268,119,1.0
268,74,1.0
268,252,1.0
268,372,1.0
268,314,1.0
268,182,1.0
268,79,1.0
268,131,1.0
268,129,1.0
268,147,1.0
268,76,1.0
268,335,1.0
268,341,1.0
268,166,1.0
268,142,1.0
268,132,1.0
268,37,1.0
269,272,1.0
269,327,1.0
269,148,1.0
269,160,1.0
269,53,1.0
269,86,1.0
269,72,1.0
269,134,1.0
269,140,1.0
269,325,1.0
269,319,1.0
269,98,1.0
269,283,1.0
269,143,1.0
269,246,1.0
269,175,1.0
269,359,1.0
269,165,1.0
269,12,1.0
269,199,1.0
270,347,1.0
270,60,1.0
270,287,1.0
270,302,1.0
270,40,1.0
270,27,1.0
270,1,1.0
270,361,1.0
270,359,1.0
270,44,1.0
270,186,1.0
270,188,1.0
270,12,1.0
270,256,1.0
270,165,1.0
270,368,1.0
270,304,1.0
270,352,1.0
270,229,1.0
270,100,1.0
271,83,1.8164965809277258
271,93,1.0
271,61,1.0
271,145,1.8164965809277258
271,323,1.0
271,276,1.8164965809277258
271,127,1.0
271,338,1.0
271,139,1.0
271,282,2.1547005383792515
271,154,1.0
271,82,1.0
271,238,2.1547005383792515
271,367,1.0
271,240,2.1547005383792515
271,340,1.0
271,343,2.1547005383792515
271,209,1.0
271,115,1.0
271,274,1.8164965809277258
272,148,1.0
272,327,3.0
272,269,1.0
272,86,1.0
272,72,1.0
272,160,1.0
272,53,1.0
272,134,1.0
272,140,1.0
272,325,1.0
272,319,1.0
272,98,1.0
272,283,1.0
272,143,1.0
272,175,1.0
272,246,1.0
272,359,1.0
272,199,1.0
272,197,1.0
272,165,1.0
273,33,1.0
273,169,1.0
273,29,1.0
273,264,1.0
273,177,1.0
273,26,1.0
273,193,1.0
273,11,1.0
273,24,1.0
273,232,1.0
273,306,1.0
273,7,1.0
273,250,1.0
273,223,1.0
273,30,1.0
273,13,1.0
273,77,1.0
273,291,1.0
273,28,1.0
273,39,1.0
274,367,1.0
274,209,1.0
274,115,1.0
274,82,1.0
274,340,1.0
274,54,1.0
274,204,1.0
274,343,2.414213562373095
274,208,1.0
274,206,1.0
274,149,2.2977713690461004
274,127,1.0
274,276,1.9999999999999998
274,173,1.0
274,154,1.0
274,145,1.9999999999999998
274,139,1.0
274,330,1.0
274,323,1.0
274,61,1.0
275,277,1.0
275,306,1.0
275,124,1.0
275,223,1.0
275,24,1.0
275,11,1.0
275,77,1.0
275,232,1.0
275,193,1.0
275,360,2.414213562373095
275,171,1.0
275,244,1.0
275,178,1.0
275,9,1.392232270276368
275,114,1.0
275,189,1.0
275,146,1.0
275,43,1.0
275,293,1.0
275,374,1.0
276,127,1.0
276,145,1.9999999999999998
276,323,1.0
276,61,1.0
276,154,1.0
276,82,1.0
276,93,1.0
276,139,1.0
276,282,2.414213562373095
276,367,1.0
276,271,1.8164965809277258
276,83,1.9999999999999998
276,340,1.0
276,209,1.0
276,274,1.9999999999999998
276,343,2.414213562373095
276,115,1.0
276,338,1.0
276,149,1.973328526784575
276,208,1.0
277,275,1.0
277,124,1.0
277,306,1.0
277,223,1.0
277,24,1.0
277,77,1.0
277,11,1.0
277,232,1.0
277,193,1.0
277,360,1.0
277,171,1.0
277,244,1.0
277,114,1.0
277,189,1.0
277,178,1.0
277,146,1.0
277,293,1.0
277,9,1.0
277,374,1.0
277,43,1.0
278,70,1.0
278,279,1.0
278,157,1.0
278,122,1.0
278,230,1.0
278,48,1.0
278,80,1.0
278,251,1.0
278,237,1.0
278,299,1.0
278,68,1.0
278,38,1.0
278,285,1.0
278,103,1.0
278,254,1.0
278,300,1.0
278,297,1.0
278,181,1.0
278,219,1.0
278,78,1.0
279,70,1.0
279,278,1.0
279,230,1.0
279,157,1.0
279,48,1.0
279,80,1.242535625036333
279,122,1.0
279,251,1.0
279,68,1.0
279,103,1.0
279,254,1.198029508595335
279,237,1.0
279,299,1.485071250072666
279,266,1.0
279,297,1.0
279,181,1.0
279,38,1.223295600282661
279,78,1.0
279,300,1.485071250072666
279,65,1.3429971702850176
280,369,1.0
280,108,1.0036348619375028
280,213,1.0
280,310,1.0
280,151,1.0
280,363,2.9998843897221494
280,170,2.9998843897221494
280,281,1.0
280,215,1.0
280,353,1.0
280,324,1.0
280,317,1.0
280,227,1.0
280,329,1.0
280,81,1.0
280,57,1.0
280,205,1.0
280,295,1.0
280,247,1.0
280,137,1.0
281,215,1.0
281,353,1.0
281,324,1.0
281,151,1.0
281,227,1.0
281,310,1.0
281,108,1.0
281,369,1.0
281,81,1.0
281,247,1.0
281,120,1.0
281,263,1.0
281,363,1.0
281,101,1.0
281,239,1.0
281,213,1.0
281,57,1.0
281,170,1.0
281,205,1.0
281,123,1.0
282,154,1.0
282,93,1.0
282,323,1.0
282,61,1.0
282,145,2.414213562373095
282,83,2.414213562373095
282,276,2.414213562373095
282,127,1.0
282,340,1.0
282,338,1.0
282,271,2.1547005383792515
282,82,1.0
282,162,1.0
282,351,1.0
282,370,1.0
282,367,1.0
282,139,1.0
282,238,3.0
282,274,2.414213562373095
282,240,3.0
283,98,1.0
283,143,1.0
283,246,1.0
283,160,1.0
283,53,1.0
283,319,1.0
283,325,1.0
283,269,1.0
283,86,1.0
283,134,1.0
283,272,1.0
283,327,1.0
283,148,1.0
283,72,1.0
283,140,1.0
283,91,1.0
283,359,1.0
283,190,1.0
283,192,1.0
283,95,1.0
284,313,1.0
284,364,1.0
284,266,1.0
284,243,1.0
284,315,1.0
284,176,1.0
284,231,1.0
284,299,1.0
284,219,1.4264014327112209
284,279,1.0
284,230,1.0
284,237,1.0
284,300,1.0
284,70,1.0
284,38,1.0
284,278,1.0
284,157,1.0
284,122,1.0
284,48,1.0
284,80,1.0
285,38,1.0
285,237,1.0
285,300,1.0
285,299,1.0
285,219,1.4264014327112209
285,122,1.0
285,157,1.0
285,278,1.0
285,70,1.0
285,279,1.0
285,230,1.0
285,80,1.0
285,48,1.0
285,266,1.0
285,251,1.0
285,315,1.0
285,284,3.0
285,176,1.0
285,68,1.0
285,103,1.0
286,198,1.0
286,133,1.8164965809277258
286,346,2.414213562373095
286,212,1.0
286,42,2.414213562373095
286,71,1.0
286,242,1.0
286,309,2.414213562373095
286,105,1.0
286,303,1.0
286,362,2.414213562373095
286,248,1.0
286,336,1.0
286,65,1.9999999999999998
286,78,1.0
286,181,1.0
286,297,1.0
286,254,1.5773502691896257
286,103,1.0
286,68,1.0
287,302,1.0
287,347,1.0
287,270,1.0
287,1,1.0
287,60,1.0
287,186,1.0
287,188,1.0
287,12,1.0
287,165,1.0
287,256,1.0
287,359,1.0
287,368,1.0
287,40,1.0
287,141,1.0
287,27,1.0
287,307,1.0
287,229,1.0
287,18,1.0
287,361,1.0
287,23,1.0
288,228,1.0
288,185,1.0
288,150,1.0
288,322,1.0
288,249,1.0
288,233,1.0
288,365,1.0
288,330,1.0
288,206,1.0
288,149,1.0
288,208,1.0
288,204,1.0
288,343,1.0
288,115,1.0
288,194,1.0
288,305,1.0
288,209,1.0
288,46,1.0
288,235,1.0
288,89,1.0
289,234,1.0
289,90,1.0
289,240,3.0
289,238,3.0
289,345,1.0
289,104,1.0
289,332,1.0
289,338,1.0
289,161,1.0
289,32,1.5
289,296,3.0
289,370,1.0
289,16,1.0
289,64,1.0
289,83,2.414213562373095
289,162,1.0
289,224,1.0
289,351,1.0
289,93,1.0
289,216,1.0
290,241,1.0
290,337,1.0
290,117,1.0
290,49,1.0
290,354,1.0
290,199,1.0
290,296,1.0
290,32,1.0
290,332,1.0
290,16,1.0
290,161,1.0
290,345,1.0
290,197,1.0
290,175,1.0
290,104,1.0
290,140,1.0
290,134,1.0
290,72,1.0
290,86,1.0
290,64,1.0
291,39,1.0
291,13,1.0
291,7,1.0
291,30,1.0
291,28,1.0
291,19,1.0
291,236,1.0
291,43,1.0
291,26,1.0
291,179,1.0
291,250,3.0
291,171,1.0
291,178,1.0
291,232,1.0
291,20,1.0
291,193,1.0
291,11,1.0
291,5,1.0
291,177,1.0
291,24,1.0
292,311,1.0
292,331,1.0
292,123,1.0
292,316,1.0
292,205,1.0
292,57,1.0
292,247,1.0
292,372,1.0
292,222,1.0
292,101,1.0
292,119,1.0
292,329,1.0
292,268,1.0
292,255,1.0
292,326,1.0
292,74,1.0
292,252,1.0
292,120,1.0
292,227,1.0
292,263,1.0
293,146,1.0
293,244,1.0
293,374,1.0
293,114,1.0
293,189,1.0
293,126,1.0
293,277,1.0
293,124,1.0
293,21,1.0
293,275,1.0
293,138,1.74535599249993
293,178,1.0
293,171,1.0
293,5,2.05409255338946
293,187,1.0
293,260,1.0
293,43,1.0
293,223,1.0
293,58,1.0
293,66,1.0
294,321,1.0
294,344,1.0
294,355,1.0
294,6,1.0
294,218,1.0
294,63,1.0
294,245,1.0
294,69,1.0
294,243,1.0
294,364,3.0
294,273,1.0
294,313,3.0
294,33,1.0
294,177,1.0
294,169,1.0
294,29,1.0
294,264,1.0
294,250,1.0
294,26,1.0
294,24,1.0
295,137,1.0
295,317,1.0
295,329,1.0
295,205,1.0
295,57,1.0
295,311,1.0
295,292,1.0
295,119,1.0
295,153,1.0
295,220,1.0
295,156,1.0
295,331,1.0
295,168,1.0
295,222,1.0
295,123,1.0
295,247,1.0
295,316,1.0
295,267,1.0
295,257,1.0
295,268,1.0
296,32,1.5
296,332,1.0
296,345,1.0
296,161,1.0
296,16,1.0
296,197,1.0
296,90,1.0
296,64,1.0
296,289,3.0
296,234,1.0
296,104,1.0
296,175,1.0
296,241,1.0
296,354,1.0
296,240,3.0
296,117,1.0
296,238,3.0
296,216,1.0
296,199,1.0
296,224,1.0
297,181,1.0
297,78,1.0
297,103,1.0
297,254,1.0
297,68,1.0
297,65,1.0
297,336,1.0
297,105,1.0
297,303,1.0
297,71,1.0
297,242,1.0
297,212,1.0
297,251,1.0
297,309,1.0
297,42,1.0
297,133,1.0
297,48,1.0
297,80,1.0
297,198,1.0
297,286,1.0
298,320,2.8973665961010275
298,173,1.0
298,152,1.0
298,202,3.0
298,54,1.0
298,180,3.0
298,365,3.0
298,233,1.0
298,249,1.0
298,322,3.0
298,150,2.9727878476642875
298,185,1.0
298,312,1.0
298,274,1.0
298,204,3.0
298,350,1.0
298,75,1.0
298,115,1.0
298,208,1.0
298,206,1.0
299,237,1.0
299,300,3.0
299,38,1.9206713457011118
299,219,1.0
299,285,1.0
299,157,1.0
299,122,1.0
299,278,1.0
299,279,1.485071250072666
299,70,1.0
299,230,1.0
299,284,1.0
299,266,1.0
299,315,1.0
299,176,1.0
299,48,1.0
299,80,2.0
299,231,1.0
299,313,1.0
299,364,1.0
300,237,1.0
300,299,3.0
300,38,1.9206713457011118
300,219,1.0
300,285,1.0
300,157,1.0
300,122,1.0
300,278,1.0
300,70,1.0
300,279,1.485071250072666
300,315,1.0
300,230,1.0
300,176,1.0
300,284,1.0
300,266,1.0
300,48,1.0
300,80,2.0
300,231,1.0
300,313,1.0
300,364,1.0
301,125,1.0
301,116,1.0
301,117,1.0
301,158,1.0
301,159,1.0
301,216,1.0
301,262,1.0
301,89,1.0
301,104,1.0
301,305,1.0
301,290,1.0
301,46,1.0
301,194,1.0
301,241,1.0
301,337,1.0
301,271,1.0
301,235,1.0
301,332,1.0
301,296,1.0
301,32,1.0
302,287,1.0
302,1,1.0
302,347,1.0
302,270,1.0
302,186,1.0
302,188,2.414213562373095
302,12,1.0
302,165,1.0
302,256,1.0
302,359,1.0
302,60,1.0
302,368,1.0
302,141,1.0
302,40,1.0
302,307,1.0
302,27,1.0
302,18,1.0
302,229,1.0
302,130,1.0
302,23,1.0
303,336,3.0
303,65,2.414213562373095
303,71,1.0
303,78,1.0
303,212,1.0
303,105,1.0
303,181,1.0
303,242,1.0
303,133,1.0
303,297,1.0
303,309,1.0
303,254,1.0
303,103,1.0
303,42,1.0
303,198,1.0
303,286,1.0
303,68,1.0
303,251,1.0
303,346,1.0
303,80,1.0
304,352,1.0
304,361,1.0
304,27,1.0
304,100,2.7888543819998315
304,40,1.0
304,44,1.0
304,60,1.0
304,135,1.0
304,347,1.0
304,270,1.0
304,166,1.0
304,142,1.0
304,112,1.956182887467515
304,76,1.0
304,287,1.0
304,129,1.0
304,302,1.0
304,167,1.0
304,62,1.0
304,308,1.0
305,262,1.0
305,89,1.0
305,158,1.0
305,159,1.0
305,46,1.0
305,194,1.0
305,116,1.0
305,330,1.0
305,125,1.0
305,228,1.0
305,139,1.0
305,149,1.0
305,288,1.0
305,343,1.0
305,206,1.0
305,208,1.0
305,209,1.0
305,115,1.0
305,204,1.0
305,82,1.0
306,24,1.0
306,11,1.0
306,223,1.0
306,275,1.0
306,193,3.0
306,277,1.0
306,232,1.0
306,77,1.0
306,124,1.0
306,360,1.0
306,9,1.0
306,26,1.0
306,169,1.0
306,29,1.0
306,264,1.0
306,171,1.0
306,43,1.0
306,236,1.0
306,178,1.0
306,47,1.0
307,18,1.0
307,141,1.0
307,130,1.0
307,95,1.0
307,256,1.0
307,188,1.0
307,12,1.0
307,165,1.0
307,186,1.0
307,190,1.0
307,174,1.0
307,192,1.0
307,1,1.0
307,368,1.0
307,359,1.0
307,319,1.0
307,302,1.0
307,325,1.0
307,287,1.0
307,362,1.0
308,62,1.0
308,195,1.0
308,163,1.0
308,172,1.0
308,37,1.0
308,167,1.0
308,203,1.0
308,112,1.0
308,147,1.0
308,259,1.0
308,129,1.0
308,341,1.0
308,335,1.0
308,132,1.0
308,76,1.0
308,79,1.0
308,314,1.0
308,142,1.0
308,182,1.0
308,131,1.0
309,42,3.0
309,242,1.0
309,105,1.0
309,212,1.0
309,71,1.0
309,78,1.0
309,303,1.0
309,181,1.0
309,297,1.0
309,198,1.0
309,65,2.414213562373095
309,336,1.0
309,133,2.1547005383792515
309,286,2.414213562373095
309,103,1.0
309,254,1.8164965809277263
309,346,3.0
309,68,1.0
309,251,1.0
309,248,1.0
310,151,1.0
310,369,1.0
310,108,1.0
310,215,1.0
310,281,1.0
310,353,1.0
310,324,1.0
310,363,1.0
310,213,1.0
310,81,1.0
310,170,1.0
310,227,1.0
310,239,1.0
310,280,1.0
310,342,1.0
310,247,1.0
310,120,1.0
310,263,1.0
310,101,1.0
310,57,1.0
311,292,1.0
311,331,1.0
311,123,1.0
311,316,1.0
311,205,1.0
311,57,1.0
311,247,1.0
311,372,1.0
311,222,1.0
311,101,1.0
311,119,1.0
311,329,1.0
311,268,1.0
311,255,1.0
311,326,1.0
311,74,1.0
311,252,1.0
311,120,1.0
311,227,1.0
311,263,1.0
312,75,1.0
312,180,1.0
312,153,1.0
312,202,1.0
312,152,1.0
312,267,1.0
312,350,1.0
312,328,1.0
312,211,1.0
312,51,1.0
312,257,2.414213562373095
312,217,1.0
312,128,1.0
312,357,1.0
312,356,1.0
312,8,1.0
312,45,1.0
312,168,1.0
312,85,1.0
312,87,1.0
313,364,3.0
313,284,1.0
313,243,1.0
313,266,1.0
313,315,1.0
313,176,1.0
313,231,1.0
313,230,1.0
313,279,1.0
313,299,1.0
313,219,1.0
313,70,1.0
313,237,1.0
313,6,1.0
313,300,1.0
313,278,1.0
313,38,1.0
313,157,1.0
313,48,1.0
313,80,1.0
314,79,1.0
314,182,1.0
314,147,1.0
314,172,1.0
314,37,1.0
314,131,1.0
314,129,1.0
314,167,1.0
314,195,1.0
314,163,1.0
314,335,1.0
314,341,1.0
314,132,1.0
314,252,1.0
314,203,1.0
314,76,1.0
314,112,1.0
314,74,1.0
314,326,1.0
314,142,1.0
315,176,1.0
315,231,1.0
315,284,1.0
315,313,1.0
315,364,1.0
315,219,1.0
315,299,1.0
315,300,1.0
315,266,1.0
315,237,1.0
315,243,1.0
315,38,1.0
315,285,1.0
315,157,1.0
315,279,1.0
315,70,1.0
315,278,1.0
315,122,1.0
315,230,1.0
315,48,1.0
316,123,3.0
316,331,1.0
316,292,1.0
316,311,1.0
316,247,1.0
316,57,1.0
316,205,3.0
316,101,1.0
316,372,1.0
316,222,1.0
316,119,1.0
316,120,1.0
316,268,1.0
316,255,1.0
316,263,1.0
316,329,1.0
316,227,1.0
316,326,1.0
316,74,1.0
316,252,1.0
317,295,1.0
317,329,1.0
317,137,1.0
317,205,3.0
317,57,1.0
317,311,1.0
317,292,1.0
317,331,1.0
317,247,1.0
317,123,3.0
317,316,3.0
317,119,1.0
317,222,1.0
317,280,1.0
317,372,1.0
317,220,2.980295085953349
317,227,1.0
317,156,3.0
317,268,1.0
317,108,1.0
318,97,1.0
318,351,1.0
318,162,1.0
318,334,1.0
318,370,1.0
318,356,1.0
318,357,1.0
318,224,1.0
318,51,1.0
318,308,1.0
318,62,1.0
318,350,1.0
318,8,2.414213562373095
318,211,1.0
318,282,1.0
318,217,1.0
318,328,1.0
318,259,1.0
318,203,1.0
318,128,1.0
319,325,1.0
319,160,1.0
319,53,1.0
319,269,1.0
319,98,1.0
319,283,1.0
319,359,1.0
319,246,1.0
319,272,1.0
319,143,1.0
319,327,1.0
319,148,1.0
319,165,1.0
319,12,1.0
319,307,1.0
319,18,1.0
319,141,1.0
319,186,1.0
319,86,1.0
319,256,1.0
320,233,1.0
320,365,2.8973665961010275
320,249,1.0
320,298,2.8973665961010275
320,322,2.8973665961010275
320,150,2.8715508816761313
320,185,1.0
320,288,1.632455532033676
320,173,1.0
320,204,2.8973665961010275
320,228,1.0
320,54,1.0
320,206,1.0
320,208,1.0
320,115,1.0
320,149,1.870571500132014
320,274,1.0
320,330,1.0
320,209,1.0
320,343,1.0
321,294,1.0
321,344,3.0
321,107,1.0
321,63,1.8401680504168059
321,273,1.0
321,355,1.0
321,218,1.0
321,33,1.0
321,373,1.0
321,169,1.0
321,29,1.0
321,264,1.0
321,4,1.7559289460184544
321,177,1.0
321,92,2.414213562373095
321,164,1.0
321,245,1.0
321,113,1.0
321,69,1.0
321,210,1.0
322,150,2.9727878476642875
322,249,1.0
322,365,3.0
322,233,1.0
322,185,1.0
322,288,1.0
322,228,1.0
322,204,3.0
322,206,1.0
322,208,1.0
322,330,1.0
322,149,1.917662935482247
322,115,1.0
322,343,1.0
322,209,1.0
322,320,2.8973665961010275
322,274,1.0
322,367,3.0
322,54,1.0
322,82,1.816496580927726
323,61,1.0
323,145,1.0
323,93,1.0
323,154,1.0
323,282,1.0
323,276,1.0
323,127,1.0
323,83,1.0
323,271,1.0
323,340,1.0
323,82,1.0
323,338,1.0
323,139,1.0
323,367,1.0
323,274,1.0
323,209,1.0
323,238,1.0
323,343,1.0
323,162,1.0
323,351,1.0
324,353,3.0
324,281,1.0
324,215,1.0
324,227,1.0
324,151,1.0
324,310,1.0
324,108,1.0
324,81,1.0
324,369,1.0
324,239,1.0
324,120,1.0
324,263,1.0
324,101,1.0
324,247,1.0
324,363,1.0
324,57,1.0
324,213,1.0
324,123,1.0
324,205,1.0
324,155,1.0
325,319,1.0
325,160,1.0
325,53,1.0
325,269,1.0
325,98,1.0
325,359,3.0
325,283,1.0
325,246,1.0
325,272,1.0
325,327,1.0
325,148,1.0
325,143,1.0
325,165,1.0
325,12,1.0
325,307,1.0
325,86,1.0
325,18,1.0
325,186,1.0
325,141,1.0
325,72,1.0
326,255,1.0
326,268,1.0
326,252,1.0
326,74,1.0
326,119,1.0
326,182,1.6030226891555273
326,222,1.0
326,314,1.0
326,79,1.0
326,131,1.0
326,372,1.0
326,147,1.0
326,335,1.0
326,341,1.0
326,129,1.0
326,132,1.0
326,172,1.0
326,37,1.0
326,76,1.0
326,163,1.0
327,148,1.0
327,272,3.0
327,269,1.0
327,86,1.0
327,72,1.0
327,134,1.0
327,140,1.0
327,160,1.0
327,53,1.0
327,98,1.0
327,325,1.0
327,283,1.0
327,319,1.0
327,143,1.0
327,175,1.0
327,246,1.0
327,359,1.0
327,199,1.0
327,197,1.0
327,354,1.0
328,211,1.0
328,267,1.0
328,257,1.0
328,217,1.0
328,128,1.0
328,8,1.0
328,45,1.0
328,51,1.0
328,87,1.0
328,85,1.0
328,84,1.0
328,259,2.0
328,75,1.0
328,132,1.0
328,153,1.0
328,341,1.0
328,335,1.0
328,203,1.0
328,131,1.0
328,312,1.0
329,317,1.0
329,205,1.0
329,295,1.0
329,57,1.0
329,311,1.0
329,292,1.0
329,137,1.0
329,331,1.0
329,123,1.0
329,247,1.0
329,316,1.0
329,119,1.0
329,222,1.0
329,372,1.0
329,268,1.0
329,255,1.0
329,326,1.0
329,101,1.0
329,74,1.0
329,84,1.0
330,149,1.0
330,206,1.0
330,208,1.0
330,343,1.0
330,204,1.0
330,115,1.0
330,209,1.0
330,367,1.0
330,139,1.0
330,82,1.0
330,185,1.0
330,274,1.0
330,288,1.0
330,228,1.0
330,150,1.0
330,127,1.0
330,249,1.0
330,322,1.0
330,276,2.414213562373095
330,365,1.0
331,292,1.0
331,311,1.0
331,316,1.0
331,123,1.0
331,247,1.0
331,57,1.0
331,205,1.0
331,372,1.0
331,222,1.0
331,101,1.0
331,119,1.0
331,268,1.0
331,255,1.0
331,329,1.0
331,326,1.0
331,74,1.0
331,120,1.0
331,263,1.0
331,252,1.0
331,227,1.0
332,32,1.0
332,296,1.0
332,345,1.0
332,161,1.0
332,16,1.0
332,90,1.0
332,197,1.0
332,289,1.0
332,234,1.0
332,64,1.0
332,104,1.0
332,175,1.0
332,240,1.0
332,238,1.0
332,241,1.0
332,117,1.0
332,354,1.0
332,216,1.0
332,338,1.0
332,224,1.0
333,221,2.414213562373095
333,358,2.664100588675687
333,52,1.0
333,121,1.5
333,265,1.0
333,73,2.414213562373095
333,339,1.0
333,118,1.0
333,17,1.0
333,94,1.0
333,31,1.0
333,14,1.0
333,371,1.0
333,366,1.0
333,99,1.0
333,109,1.8944271909999157
333,155,1.0
333,239,1.0
333,35,2.1547005383792515
333,207,1.0
334,224,1.0
334,318,1.0
334,97,1.0
334,308,1.0
334,62,1.0
334,351,1.0
334,162,1.0
334,370,1.0
334,195,1.0
334,163,1.0
334,203,1.0
334,172,1.0
334,37,1.0
334,167,1.0
334,259,1.0
334,112,1.0
334,51,1.0
334,147,1.0
334,132,1.0
334,341,1.0
335,341,1.0
335,132,1.0
335,203,1.0
335,131,1.0
335,147,1.0
335,163,1.0
335,259,1.0
335,182,1.0
335,79,1.0
335,195,1.0
335,172,1.0
335,37,1.0
335,314,1.0
335,84,1.0
335,167,1.0
335,87,1.0
335,85,1.0
335,45,1.0
335,129,1.0
335,8,1.0
336,65,2.414213562373095
336,303,3.0
336,78,1.0
336,181,1.0
336,71,1.0
336,297,1.0
336,105,1.0
336,212,1.0
336,254,1.0
336,103,1.0
336,242,1.0
336,133,1.0
336,309,1.0
336,68,1.0
336,42,1.0
336,251,1.0
336,198,1.0
336,286,1.0
336,80,1.0
336,48,1.0
337,290,1.0
337,241,1.0
337,49,1.0
337,354,1.0
337,199,1.0
337,117,1.0
337,296,1.0
337,32,1.0
337,332,1.0
337,140,1.0
337,16,1.0
337,134,1.0
337,197,1.0
337,72,1.0
337,175,1.0
337,86,1.0
337,161,1.0
337,345,1.0
337,327,1.0
337,148,1.0
338,83,1.0
338,238,1.0
338,93,1.0
338,240,1.0
338,282,1.0
338,61,1.0
338,271,1.0
338,323,1.0
338,145,1.0
338,154,1.0
338,370,1.0
338,276,1.0
338,127,1.0
338,162,1.0
338,351,1.0
338,234,1.0
338,289,1.0
338,340,1.0
338,139,1.0
338,82,1.0
339,118,1.0
339,52,1.0
339,31,1.0
339,17,1.0
339,94,1.0
339,121,1.0
339,371,1.0
339,366,1.0
339,14,1.0
339,109,1.0
339,221,1.0
339,358,1.0
339,207,1.0
339,265,1.0
339,201,3.0
339,73,1.0
339,333,1.0
339,10,1.0
339,111,1.0
339,99,1.0
340,154,1.0
340,274,1.0
340,282,1.0
340,145,1.0
340,127,1.0
340,323,1.0
340,276,1.0
340,82,1.0
340,61,1.0
340,367,1.0
340,54,1.0
340,93,1.0
340,209,1.0
340,115,1.0
340,173,1.0
340,83,1.0
340,343,1.0
340,139,1.0
340,208,1.0
340,204,1.0
341,335,1.0
341,132,1.0
341,203,1.0
341,131,1.0
341,147,1.0
341,163,1.0
341,259,1.0
341,182,1.0
341,79,1.0
341,195,1.0
341,172,1.0
341,37,1.0
341,314,1.0
341,84,1.6575959492214292
341,167,1.0
341,87,1.0
341,85,1.0
341,45,1.0
341,129,1.0
341,8,1.0
342,214,1.0
342,81,1.0
342,239,1.0
342,363,1.0
342,170,1.0
342,25,1.0
342,213,1.0
342,200,1.0
342,310,1.0
342,151,1.0
342,258,1.0
342,96,1.0
342,369,1.0
342,215,1.0
342,4,1.0
342,353,1.0
342,324,1.0
342,281,1.0
342,108,1.0
342,333,1.0
343,209,1.0
343,115,1.0
343,149,2.3764944032233704
343,208,1.0
343,206,1.0
343,204,1.0
343,367,1.0
343,330,1.0
343,82,1.0
343,139,1.0
343,274,2.414213562373095
343,127,1.0
343,276,2.414213562373095
343,145,2.414213562373095
343,340,1.0
343,185,1.0
343,323,1.0
343,154,1.0
343,61,1.0
343,54,1.0
344,107,1.0
344,373,1.0
344,4,1.7559289460184544
344,164,1.0
344,92,2.414213562373095
344,113,1.0
344,210,1.0
344,144,1.0
344,183,1.0
344,253,3.0
344,59,1.0
344,88,1.0
344,15,2.511857892036909
344,258,1.0
344,47,1.0
344,9,1.5547001962252291
344,360,1.0
344,77,1.0
344,273,1.0
344,223,1.0
345,161,1.0
345,16,1.0
345,32,2.5
345,332,1.0
345,296,1.0
345,197,1.0
345,90,1.0
345,64,1.0
345,289,1.0
345,234,1.0
345,175,1.0
345,104,1.0
345,240,1.0
345,238,1.0
345,224,1.0
345,354,1.0
345,370,1.0
345,338,1.0
345,241,1.0
345,334,1.0
346,248,1.0
346,362,3.0
346,198,1.0
346,286,2.414213562373095
346,133,2.1547005383792515
346,42,3.0
346,212,1.0
346,309,3.0
346,242,1.0
346,71,1.0
346,105,1.0
346,303,1.0
346,336,1.0
346,65,2.414213562373095
346,78,1.0
346,181,1.0
346,297,1.0
346,254,1.8164965809277263
346,103,1.0
346,192,1.0
347,270,1.0
347,287,1.0
347,302,1.0
347,60,1.0
347,40,1.0
347,1,1.0
347,27,1.0
347,359,1.0
347,186,1.0
347,188,1.0
347,12,1.0
347,165,1.0
347,256,1.0
347,361,1.0
347,304,1.0
347,368,1.0
347,44,1.0
347,352,1.0
347,141,1.0
347,100,1.0
348,375,3.0
348,349,3.0
348,3,1.3287979746107146
348,36,1.0
348,136,1.0
348,106,1.0
348,191,1.0
348,22,1.0
348,196,1.0
348,41,1.0
348,226,1.0
348,55,1.0
348,225,1.0
348,56,1.0
348,102,1.0
348,2,1.0
348,34,1.0
348,50,1.0
348,261,1.0
348,376,1.0
349,375,3.0
349,348,3.0
349,3,1.3287979746107146
349,36,1.0
349,136,1.0
349,106,1.0
349,191,1.0
349,22,1.0
349,196,1.0
349,41,1.0
349,226,1.0
349,55,1.0
349,225,1.0
349,56,1.0
349,102,1.0
349,2,1.0
349,34,1.0
349,50,1.0
349,261,1.0
349,376,1.0
350,357,3.0
350,356,3.0
350,51,1.0
350,75,2.414213562373095
350,312,1.0
350,267,1.0
350,328,1.0
350,211,1.0
350,180,1.0
350,97,1.0
350,152,1.0
350,257,1.0
350,217,1.0
350,153,1.0
350,202,1.0
350,128,1.0
350,318,1.0
350,8,1.0
350,45,1.0
350,87,1.0
351,162,1.0
351,370,1.0
351,318,1.0
351,97,1.0
351,282,1.0
351,356,3.0
351,357,3.0
351,334,1.0
351,154,1.0
351,93,1.0
351,338,1.0
351,83,1.0
351,238,1.0
351,323,1.0
351,61,1.0
351,340,1.0
351,240,1.0
351,224,1.113592366849413
351,145,1.0
351,51,1.0
352,304,1.0
352,361,1.0
352,27,1.0
352,100,1.0
352,40,1.0
352,44,2.414213562373095
352,60,1.0
352,135,1.0
352,347,1.0
352,270,1.0
352,166,1.0
352,142,1.0
352,112,1.0
352,76,1.0
352,287,1.0
352,129,1.0
352,302,1.0
352,62,1.0
352,224,1.0
352,167,1.0
353,324,3.0
353,281,1.0
353,215,1.0
353,227,1.0
353,151,1.0
353,310,1.0
353,108,1.0
353,81,1.0
353,369,1.0
353,239,1.0
353,120,1.0
353,263,1.0
353,101,1.0
353,247,1.0
353,363,1.0
353,57,1.0
353,213,1.0
353,123,1.0
353,205,1.0
353,155,1.0
354,199,1.0
354,49,1.0
354,241,1.0
354,140,1.0
354,134,1.0
354,175,1.0
354,72,1.0
354,290,1.0
354,86,1.0
354,197,1.0
354,337,1.0
354,327,1.0
354,148,1.0
354,16,1.0
354,272,1.0
354,296,1.0
354,32,1.0
354,269,1.0
354,161,1.0
354,332,1.0
355,245,1.0
355,69,2.6329931618554525
355,218,3.0
355,63,1.2800560168056019
355,6,1.0
355,177,1.0
355,250,1.0
355,33,1.0
355,273,1.0
355,19,1.0
355,30,1.0
355,28,1.0
355,7,1.0
355,169,1.0
355,29,1.0
355,264,1.0
355,39,1.0
355,179,1.0
355,26,1.0
355,291,1.0
356,357,3.0
356,350,3.0
356,51,1.0
356,97,1.0
356,318,1.0
356,351,3.0
356,162,1.0
356,211,1.0
356,328,1.0
356,267,1.0
356,75,2.414213562373095
356,312,1.0
356,217,1.0
356,257,1.0
356,340,1.0
356,128,1.0
356,8,1.0
356,173,1.0
356,370,1.0
356,180,1.0
357,356,3.0
357,350,3.0
357,51,1.0
357,97,1.0
357,318,1.0
357,351,3.0
357,162,1.0
357,211,1.0
357,328,1.0
357,267,1.0
357,75,2.414213562373095
357,312,1.0
357,217,1.0
357,257,1.0
357,128,1.0
357,8,1.0
357,173,1.0
357,340,1.0
357,180,1.0
357,370,1.0
358,221,2.176696810829104
358,265,1.0
358,73,2.176696810829104
358,121,1.4160251471689218
358,52,1.0
358,94,1.0
358,99,1.0
358,339,1.0
358,31,1.0
358,35,1.960768922830523
358,118,1.0
358,155,1.0
358,333,2.664100588675687
358,17,1.0
358,371,1.0
358,366,1.0
358,14,1.0
358,109,1.7442084075352509
358,207,1.0
358,263,1.0
359,1,1.0
359,165,1.0
359,12,1.0
359,186,1.0
359,302,1.0
359,287,1.0
359,188,1.0
359,256,1.0
359,347,1.0
359,325,3.0
359,319,1.0
359,141,1.0
359,270,1.0
359,307,1.0
359,18,1.0
359,60,1.0
359,269,1.0
359,160,1.0
359,53,1.0
359,130,1.0
360,9,1.5547001962252291
360,77,1.0
360,47,1.0
360,223,1.0
360,124,1.0
360,260,1.0
360,59,1.0
360,253,1.0
360,275,2.414213562373095
360,306,1.0
360,277,1.0
360,15,1.0
360,24,1.0
360,113,1.0
360,88,1.0
360,210,1.0
360,144,1.0
360,11,1.0
360,193,1.0
360,92,1.0
361,27,1.0
361,44,1.0
361,100,1.0
361,40,1.0
361,304,1.0
361,352,1.0
361,60,1.0
361,135,1.0
361,270,1.0
361,166,1.0
361,347,1.0
361,142,1.0
361,76,1.0
361,112,1.0
361,287,1.0
361,129,1.0
361,302,1.0
361,74,1.0
361,252,1.0
361,167,1.0
362,248,1.0
362,346,3.0
362,286,2.414213562373095
362,198,1.0
362,133,2.1547005383792515
362,42,3.0
362,212,1.0
362,309,3.0
362,242,1.0
362,71,1.0
362,105,1.0
362,192,1.0
362,303,1.0
362,336,1.0
362,65,2.414213562373095
362,78,1.0
362,174,1.0
362,181,1.0
362,190,1.0
362,297,1.0
363,170,3.0
363,213,1.0
363,369,1.0
363,310,1.0
363,151,1.0
363,108,1.0
363,215,1.0
363,81,1.0
363,281,1.0
363,353,1.0
363,324,1.0
363,342,1.0
363,280,2.9998843897221494
363,214,1.0
363,227,1.0
363,239,1.0
363,263,1.0
363,120,1.0
363,247,1.0
363,333,3.0
364,313,3.0
364,243,1.0
364,284,1.0
364,266,1.0
364,315,1.0
364,176,1.0
364,231,1.0
364,230,1.0
364,279,1.0
364,6,1.0
364,299,1.0
364,70,1.0
364,219,1.0
364,237,1.0
364,300,1.0
364,278,1.0
364,157,1.0
364,48,1.0
364,38,1.0
364,68,1.0
365,249,1.0
365,233,1.0
365,322,3.0
365,150,2.9727878476642875
365,185,1.0
365,288,1.0
365,204,3.0
365,206,1.0
365,208,1.0
365,228,1.0
365,320,2.8973665961010275
365,149,1.9176629354822468
365,115,1.0
365,330,1.0
365,209,1.0
365,343,1.0
365,274,1.0
365,54,1.0
365,367,3.0
365,173,1.0
366,14,1.0
366,17,1.0
366,109,1.0
366,371,1.0
366,118,1.0
366,207,1.0
366,31,1.8164965809277263
366,339,1.0
366,52,1.0
366,94,1.0
366,201,1.0
366,121,1.0
366,10,1.0
366,111,1.0
366,221,1.0
366,110,1.0
366,358,1.0
366,67,1.0
366,265,1.0
366,333,1.0
367,82,1.8164965809277263
367,209,1.0
367,343,1.0
367,115,1.0
367,274,1.0
367,208,1.0
367,139,1.0
367,127,1.0
367,149,1.917662935482247
367,204,3.0
367,206,1.0
367,276,1.0
367,145,2.414213562373095
367,340,1.0
367,330,1.0
367,154,1.0
367,323,1.0
367,61,1.0
367,282,1.0
367,54,1.0
368,188,1.0
368,256,1.0
368,229,1.0
368,186,1.0
368,141,1.0
368,1,1.0
368,23,1.2857142857142856
368,12,1.0
368,165,1.0
368,130,1.0
368,307,1.0
368,302,1.0
368,18,1.0
368,287,1.0
368,20,1.2773500981126147
368,21,1.0
368,5,1.0
368,179,1.0
368,95,1.7071067811865475
368,270,1.0
369,108,1.0
369,310,1.0
369,151,1.0
369,215,1.0
369,281,1.0
369,213,1.0
369,363,1.0
369,353,1.0
369,324,1.0
369,170,1.0
369,81,1.0
369,227,1.0
369,280,1.0
369,239,1.0
369,247,1.0
369,342,1.0
369,57,1.0
369,205,1.0
369,120,1.0
369,101,1.0
370,162,1.0
370,351,1.0
370,318,1.0
370,238,1.0
370,240,1.0
370,338,1.0
370,97,1.0
370,282,1.0
370,83,1.0
370,93,1.0
370,334,1.0
370,154,1.0
370,224,1.0
370,61,1.0
370,323,1.0
370,234,3.0
370,289,1.0
370,145,1.0
370,90,1.0
370,356,1.0
371,31,1.0
371,118,1.0
371,17,1.0
371,366,1.0
371,339,1.0
371,14,1.0
371,94,1.0
371,52,1.0
371,109,1.0
371,121,1.0
371,207,1.0
371,201,1.0
371,221,1.0
371,358,1.0
371,10,1.0
371,265,1.0
371,111,1.0
371,73,1.0
371,333,1.0
371,110,1.0
372,222,1.0
372,268,1.0
372,255,1.0
372,119,3.0
372,331,1.0
372,292,1.0
372,311,1.0
372,326,1.0
372,74,1.0
372,316,1.0
372,252,1.0
372,123,1.0
372,247,1.0
372,205,1.0
372,57,1.0
372,166,1.0
372,314,1.0
372,182,2.8090680674665816
372,101,1.0
372,79,1.0
373,4,1.0
373,107,1.0
373,183,1.0
373,258,1.0
373,96,1.0
373,200,1.0
373,164,1.0
373,25,1.0
373,92,1.0
373,210,1.0
373,144,1.0
373,113,1.0
373,88,1.0
373,15,1.0
373,253,1.0
373,59,1.0
373,47,1.0
373,344,1.0
373,260,1.0
373,9,1.0
374,146,1.0
374,293,1.0
374,244,1.0
374,114,1.0
374,189,1.0
374,126,1.0
374,138,1.0
374,124,1.0
374,277,1.0
374,275,1.0
374,21,1.0
374,178,1.0
374,171,1.0
374,187,1.0
374,260,1.0
374,5,1.0
374,58,1.0
374,66,2.0
374,223,1.0
374,77,1.0
375,348,3.0
375,349,3.0
375,3,1.3287979746107146
375,36,1.0
375,136,1.0
375,106,1.0
375,191,1.0
375,22,1.0
375,196,1.0
375,41,1.0
375,226,1.0
375,55,1.0
375,225,1.0
375,56,1.0
375,102,1.0
375,2,1.0
375,34,1.0
375,50,1.0
375,261,1.0
375,376,1.0
376,261,1.0
376,50,1.0
376,34,1.0
376,56,1.0
376,55,1.0
376,225,1.0
376,41,1.0
376,102,1.0
376,2,1.0
376,226,1.0
376,22,2.6329931618554525
376,196,1.0
376,184,1.0
376,191,1.0
376,136,1.0
376,106,1.0
376,294,1.0
376,3,1.0
376,348,1.0
376,375,1.0
