290
290
35
246
116
150
244
33
259
33
230
129
120
230
259
243
129
259
243
111
246
120
111
4
155
44
44
69
113
33
243
44
246
116
54
129
113
33
113
25
269
64
120
397
269
44
44
115
44
243
276
109
230
120
120
33
120
244
33
61
44
61
241
239
59
246
54
241
64
246
109
297
246
120
48
8
64
33
48
44
44
245
276
54
44
48
44
54
229
151
48
181
44
44
48
46
44
48
33
265
57
62
57
251
151
25
25
276
56
48
28
44
230
64
59
129
120
64
61
54
44
25
61
44
109
398
230
44
120
44
120
151
108
251
129
48
44
44
48
61
48
44
25
44
263
272
68
54
173
48
336
276
251
44
233
44
120
243
33
113
44
48
54
54
48
243
44
120
252
54
129
44
108
272
48
33
230
57
44
61
44
243
44
44
109
33
44
64
246
44
61
44
246
54
120
241
120
44
148
44
108
230
33
115
227
259
259
25
246
68
48
111
259
111
44
150
25
115
35
239
33
44
62
39
115
148
297
233
111
109
232
33
234
297
259
19
115
116
116
108
33
61
44
151
44
276
48
109
44
54
61
31
48
44
44
48
234
151
151
115
44
44
113
44
44
44
125
44
246
269
259
57
166
246
44
59
166
264
410
294
44
61
48
182
151
335
109
79
264
350
251
251
259
44
44
64
44
152
44
129
151
230
154
141
61
33
111
233
251
259
251
142
113
44
166
276
269
251
251
141
259
64
44
237
237
64
48
116
122
48
239
246
129
265
276
251
48
151
61
54
44
25
233
398
61
141
64
151
249
109
25
121
263
246
120
309
283
44
44
61
263
120
233
251
253
318
230
41
61
109
44
54
233
44
398
48
150
239
120
276
44
27
44
44
261
116
252
54
120
64
151
59
44
259
259
239
61
44
44
61
233
44
292
246
48
44
252
249
33
239
48
54
120
61
48
251
233
44
44
276
259
276
61
151
95
70
44
115
127
41
246
120
62
148
229
44
251
251
123
151
239
54
236
74
315
44
246
44
246
33
120
33
110
246
246
259
244
259
31
120
252
54
111
25
59
249
251
159
246
252
263
68
44
44
120
226
120
259
181
44
61
151
251
44
35
44
263
292
54
41
259
113
33
120
307
33
398
31
239
31
238
33
129
115
64
44
293
358
230
44
61
307
64
41
27
108
25
67
120
242
241
241
116
95
152
115
109
243
246
257
44
33
260
142
176
259
250
108
44
48
151
230
166
44
150
259
44
120
243
307
44
263
68
276
92
239
151
243
120
239
109
108
243
120
111
109
246
284
64
44
246
239
246
141
27
259
48
300
25
61
64
4
44
44
62
154
113
245
314
115
68
187
59
129
153
10
239
120
169
44
22
247
241
251
238
54
48
44
108
33
251
48
44
252
101
246
246
70
44
239
290
263
230
33
44
119
230
61
123
25
47
182
239
35
239
151
250
239
39
44
113
35
150
168
62
230
35
276
253
31
317
166
49
31
115
233
21
64
31
312
44
115
150
216
115
120
398
113
246
246
246
33
44
259
64
259
70
229
31
68
111
230
150
44
249
233
31
205
31
259
159
259
246
61
259
151
259
259
230
307
115
44
398
317
44
259
226
307
44
116
246
57
95
398
132
229
244
113
21
151
75
151
44
57
150
33
44
167
151
23
42
101
259
398
111
251
297
292
246
115
234
239
257
149
78
33
23
120
64
120
263
263
61
246
44
246
57
239
247
113
49
125
203
113
116
44
246
115
296
246
141
246
148
239
150
115
115
21
310
44
259
200
210
112
116
129
115
234
90
150
251
300
246
259
234
230
68
259
243
44
44
120
109
37
246
252
111
151
64
239
76
141
245
150
61
239
48
59
239
122
44
239
259
253
34
108
44
120
169
151
151
129
243
230
230
246
169
25
229
108
33
151
116
41
48
66
21
116
273
109
338
230
166
229
115
244
244
239
115
260
338
61
250
25
35
251
151
101
141
141
141
234
10
49
109
159
129
94
115
98
125
230
44
338
151
244
116
113
246
25
239
239
297
141
142
31
141
48
151
259
239
263
25
140
259
113
44
64
307
37
246
243
229
246
307
259
8
33
35
20
152
28
129
129
307
120
263
109
111
95
151
120
120
62
264
246
159
251
158
239
70
120
316
151
259
109
115
151
25
109
307
33
162
247
259
114
115
243
243
166
44
182
68
150
3
2
154
114
259
230
109
25
57
66
259
284
259
116
245
109
29
243
397
259
141
31
141
143
151
307
157
44
8
33
37
259
259
61
120
25
259
54
121
313
116
304
151
230
25
316
152
71
44
125
234
8
151
230
67
49
44
25
80
109
57
151
127
64
300
61
188
234
31
251
68
371
8
8
8
8
18
8
162
304
320
312
62
44
335
70
314
33
83
59
307
54
151
245
48
5
123
95
115
239
68
35
61
259
239
123
259
247
230
307
70
64
21
112
157
238
239
44
307
44
243
168
109
109
35
253
76
109
230
241
307
61
246
68
173
230
70
296
44
263
313
313
313
129
44
111
29
112
234
113
307
39
39
44
109
234
252
33
68
312
293
296
263
247
184
239
33
68
33
106
259
5
259
49
33
68
234
249
6
49
33
234
234
246
241
123
230
312
240
239
115
211
33
42
61
112
49
49
151
114
253
111
230
259
116
33
259
239
37
115
62
182
116
293
239
246
151
32
76
151
253
307
33
35
270
116
120
150
64
238
150
151
115
151
25
263
259
49
25
71
31
29
49
38
245
61
44
296
68
248
61
250
73
115
239
31
188
290
128
143
259
246
259
115
111
151
313
148
251
120
33
37
109
150
109
125
44
112
297
159
159
120
159
109
109
270
44
246
266
22
239
263
33
121
48
33
112
109
33
80
313
115
112
259
246
61
120
34
230
238
244
33
121
245
95
141
169
95
143
141
183
350
338
307
307
260
115
61
150
246
44
238
68
33
111
306
111
297
246
118
259
191
109
35
33
39
108
78
101
33
25
313
338
239
118
270
243
246
155
229
150
226
33
78
62
263
108
111
44
233
230
251
111
238
44
33
238
148
95
49
120
39
241
272
54
61
44
237
166
246
157
234
246
70
34
127
68
64
120
44
111
111
111
49
255
35
259
259
259
116
308
259
313
313
49
49
113
244
141
116
129
167
246
78
121
230
116
49
35
355
259
70
70
48
70
151
397
307
307
272
259
33
241
111
151
116
263
154
111
129
33
259
44
233
150
259
259
115
70
150
230
263
362
250
238
167
151
259
33
215
230
259
33
296
70
68
294
234
70
72
72
92
111
259
109
6
33
141
259
151
240
42
154
167
243
244
318
33
116
151
72
297
257
49
259
111
22
148
246
253
243
259
112
70
142
141
70
35
101
112
307
227
259
162
44
70
25
243
44
234
70
131
104
41
122
115
115
115
113
167
113
41
44
234
300
246
31
259
230
259
148
276
33
259
259
251
151
61
246
70
115
244
312
72
48
150
113
148
158
158
35
70
70
259
113
111
120
148
229
80
32
44
68
49
116
259
44
72
184
101
151
236
230
253
44
72
259
117
72
159
255
285
115
70
44
251
62
251
173
150
151
259
122
98
230
110
151
92
48
259
148
241
100
33
73
44
159
47
162
154
253
257
141
310
83
307
290
259
191
314
67
115
234
239
239
44
78
234
234
259
115
259
164
230
109
234
205
142
34
152
174
72
68
35
33
70
70
115
143
259
230
184
150
307
159
234
234
239
114
193
127
234
90
111
70
297
72
123
294
115
239
123
33
307
25
246
244
10
112
259
31
259
259
158
43
43
336
25
44
238
148
120
158
41
310
234
259
246
153
234
148
238
49
111
273
259
230
33
243
273
307
259
234
188
259
243
230
230
157
5
410
5
234
70
312
229
116
243
245
257
150
230
32
70
211
307
307
68
246
25
246
234
368
22
47
25
55
129
34
70
33
71
4
239
111
240
239
25
234
72
259
158
259
120
234
70
259
76
246
284
35
253
167
238
241
61
158
318
49
92
132
48
90
14
148
41
318
16
67
109
148
99
259
113
151
246
148
259
152
49
151
150
234
290
68
120
43
70
113
111
244
236
48
108
234
132
42
238
120
49
247
158
109
234
125
336
32
70
127
249
234
112
43
234
273
250
44
113
120
150
259
141
112
57
230
115
49
43
253
259
34
243
141
141
115
44
230
87
94
234
44
143
70
273
234
109
34
44
263
25
33
159
33
151
116
263
49
238
252
35
259
143
101
49
72
40
245
203
40
44
244
83
234
4
4
4
141
159
120
394
49
230
151
111
150
298
125
227
61
22
230
68
259
234
42
125
34
70
4
114
284
64
108
259
35
154
324
324
108
70
34
259
162
251
70
111
307
287
41
112
155
229
148
33
26
8
246
154
105
259
35
115
297
70
44
123
151
245
2
68
152
116
294
70
287
253
113
34
239
129
246
115
61
312
6
239
18
205
246
111
33
232
31
173
8
230
121
151
259
229
111
43
43
249
40
190
47
251
64
20
120
243
44
92
31
42
48
150
61
259
260
141
251
95
238
259
141
259
111
54
33
120
162
127
4
230
78
34
111
61
230
152
35
125
244
26
35
259
146
259
304
123
259
155
159
234
151
230
181
116
239
234
111
35
10
70
259
259
230
243
141
120
115
227
35
244
148
4
121
166
257
25
44
8
116
306
257
284
311
243
48
141
239
150
173
159
304
111
209
137
234
259
246
271
271
333
120
151
39
41
233
238
273
308
26
95
273
141
131
141
263
169
131
151
151
41
270
243
33
49
90
22
38
4
343
141
251
234
233
72
33
116
320
239
44
251
254
308
33
10
309
42
247
111
44
151
239
273
234
259
234
259
31
111
284
141
230
151
19
120
31
70
44
52
225
54
49
150
5
34
26
70
314
269
154
229
239
245
230
8
253
263
230
323
31
118
41
239
307
296
72
150
155
239
60
92
5
239
34
95
111
41
141
230
125
34
234
318
152
72
259
123
259
34
259
159
125
226
273
111
259
150
112
307
230
241
26
49
31
113
70
112
27
72
311
150
246
245
114
125
41
244
259
226
226
152
70
233
259
8
259
77
238
151
246
123
5
169
120
41
116
238
111
307
108
272
68
307
136
152
140
120
338
300
67
49
230
111
230
132
44
116
227
8
8
297
33
34
35
259
173
290
70
41
25
233
245
246
293
115
260
120
141
67
251
298
234
324
8
150
49
49
159
247
263
155
76
43
8
108
230
230
108
33
64
64
34
173
113
67
76
159
39
239
259
173
243
33
23
188
48
181
68
239
148
44
108
90
259
318
67
304
233
120
120
283
33
229
23
111
297
50
307
318
112
181
312
5
120
284
49
239
112
112
259
70
259
92
31
71
111
34
10
31
68
239
115
37
234
64
129
112
49
245
33
150
311
240
293
307
261
32
259
31
68
44
39
238
259
33
246
33
18
44
35
233
40
108
307
236
10
41
35
70
247
150
230
173
99
149
120
259
284
267
126
259
115
44
311
252
33
240
111
25
259
142
259
120
151
34
230
153
67
230
355
101
49
56
298
304
125
155
2
41
2
92
148
35
154
60
114
173
67
120
307
323
307
112
116
68
70
318
70
92
22
70
92
300
115
215
120
247
125
263
245
234
16
151
188
263
115
115
315
113
261
71
151
234
116
44
173
33
24
230
191
48
148
26
150
36
44
72
334
300
120
243
150
239
230
244
234
239
271
162
120
307
307
230
307
285
312
41
310
49
111
173
307
238
9
120
116
243
151
60
39
318
257
34
148
284
242
112
259
92
234
5
148
239
188
9
246
23
226
31
184
34
25
67
242
43
152
307
148
39
68
116
151
111
33
260
44
14
188
70
159
32
70
34
43
188
261
16
8
230
111
115
49
41
109
244
5
34
38
234
309
320
273
54
111
101
129
101
239
284
40
131
109
44
112
259
141
8
151
369
4
35
238
227
64
304
248
25
238
239
111
72
22
239
120
10
161
64
44
148
33
78
49
8
151
210
316
26
49
111
125
70
157
397
234
51
6
22
41
44
111
41
313
115
70
109
161
284
111
239
31
239
151
234
227
290
112
114
95
38
41
198
8
239
16
8
255
297
120
33
335
318
120
152
50
173
307
64
2
263
74
250
261
129
90
234
290
311
318
151
33
296
141
148
158
18
49
67
109
239
34
44
33
48
112
263
49
112
335
112
45
239
245
19
71
227
155
257
72
234
158
150
115
234
246
70
5
159
151
259
188
8
71
111
44
246
259
273
41
109
8
54
8
239
33
238
238
125
8
34
115
309
259
308
273
297
397
34
234
284
111
120
284
49
259
148
255
230
70
67
6
246
160
152
232
115
308
230
306
259
259
243
70
32
6
233
66
5
246
239
47
259
148
154
232
69
254
9
148
253
335
70
233
33
352
259
120
33
112
70
166
39
159
111
67
243
32
125
312
35
71
78
263
29
307
173
44
49
38
61
19
239
114
239
99
159
230
234
4
234
253
58
25
67
70
22
316
42
155
90
70
263
153
304
229
239
8
32
49
307
238
162
234
22
151
158
35
155
12
92
158
94
247
234
70
70
310
311
159
151
311
70
90
238
294
259
306
234
312
72
32
41
253
78
22
311
22
297
230
34
259
234
259
115
290
49
157
238
72
104
112
72
31
32
35
44
20
44
318
259
151
234
148
112
234
41
34
70
49
26
227
35
129
115
168
61
141
284
284
49
92
76
243
95
259
307
318
304
34
230
2
49
111
49
148
49
239
32
33
166
50
33
35
64
259
139
111
293
240
109
297
318
152
95
151
49
141
140
104
358
34
234
8
141
254
34
32
125
141
276
242
234
246
84
152
32
112
142
263
307
70
259
32
148
234
148
70
115
78
41
34
307
49
65
284
33
336
150
318
34
90
238
41
22
306
28
103
47
311
240
3
72
5
259
94
48
173
320
76
299
115
153
43
8
37
259
71
259
49
70
40
8
151
105
40
299
49
129
246
39
246
72
151
38
188
140
115
260
230
115
90
58
259
136
155
240
240
47
49
116
68
84
5
336
74
152
33
284
54
290
234
234
113
254
72
263
173
239
369
84
159
397
4
120
239
239
239
239
112
55
2
49
259
334
8
263
41
2
92
8
151
16
358
285
49
92
49
109
260
255
234
34
141
307
114
148
148
78
276
152
173
152
92
243
49
44
49
294
31
173
239
163
285
157
51
70
120
70
6
259
259
259
88
116
35
154
148
254
157
116
116
25
92
116
158
115
114
112
259
312
234
49
151
2
123
9
92
32
33
84
244
32
230
112
243
111
115
259
109
70
160
37
263
239
151
70
230
233
8
43
76
120
129
263
297
72
158
143
292
158
230
39
22
161
120
143
35
229
59
54
127
239
115
40
211
111
259
31
70
259
33
59
58
111
244
269
111
297
239
246
230
284
308
92
34
48
230
311
78
5
230
8
233
120
60
49
243
49
292
239
62
250
113
259
307
259
141
74
100
154
33
151
259
42
4
343
41
240
307
128
159
323
111
291
84
116
225
139
259
259
307
157
129
246
259
72
284
10
70
246
31
92
243
303
34
16
159
159
162
83
159
290
89
72
125
296
42
238
245
43
234
234
72
40
33
257
245
61
158
244
32
69
111
259
32
70
43
205
70
273
38
405
120
70
84
148
70
39
101
247
120
335
259
70
72
70
234
33
234
42
72
243
68
10
8
246
307
111
35
70
259
259
246
202
151
230
8
108
39
112
64
98
32
190
33
239
263
307
243
42
246
41
116
250
239
155
49
300
109
2
34
173
41
34
257
259
49
116
5
8
34
121
16
318
131
49
148
125
14
111
31
244
290
246
276
57
44
272
173
68
49
259
352
10
150
34
306
5
291
307
253
16
239
28
115
33
183
115
150
111
74
99
246
230
70
230
273
120
41
116
41
120
125
336
8
72
151
234
116
318
70
70
34
65
158
131
24
152
49
257
39
284
48
25
273
157
9
157
160
244
111
188
259
129
300
34
111
205
284
8
284
36
72
35
154
70
259
29
33
123
70
70
34
151
73
72
32
90
285
69
43
120
246
159
239
49
259
148
111
70
70
109
47
125
70
111
68
120
307
33
151
259
83
111
234
160
16
299
71
16
307
259
43
234
33
324
318
44
291
111
112
113
285
239
141
293
33
141
55
271
188
141
71
151
28
51
318
141
148
45
298
65
48
269
35
84
45
113
141
350
291
287
142
32
125
10
243
397
312
112
284
263
405
90
112
90
41
70
246
10
34
244
78
294
14
315
230
54
116
16
42
40
70
259
155
234
34
33
26
86
72
152
151
34
20
45
111
122
22
70
39
240
257
239
70
92
72
109
84
72
5
251
154
125
161
71
259
230
190
240
125
38
230
92
39
34
244
234
259
230
115
6
269
263
307
273
173
148
259
259
35
115
158
34
153
72
22
260
236
34
26
127
307
10
31
263
35
35
113
4
78
243
36
67
10
166
51
49
65
118
32
5
32
261
246
292
290
6
111
95
148
160
140
259
8
38
16
38
112
8
112
92
84
2
2
88
246
34
244
239
152
259
230
151
70
259
405
240
143
157
32
112
112
230
390
111
111
111
111
259
259
115
296
49
160
75
65
259
26
70
34
245
293
34
304
16
8
33
244
154
284
412
54
141
210
160
72
72
71
271
162
151
234
9
44
34
26
76
264
80
8
92
151
148
240
25
244
239
70
167
34
70
238
34
246
161
318
210
141
306
151
92
70
34
72
34
26
263
307
22
69
148
290
229
25
141
162
37
148
140
294
51
2
142
238
115
247
369
244
307
55
290
33
230
243
181
39
246
148
129
255
68
297
148
150
230
49
229
111
61
34
247
22
34
230
336
304
92
4
247
18
307
230
129
130
308
190
70
254
106
114
26
34
31
3
244
259
49
41
34
32
49
239
246
244
41
41
29
29
234
111
239
111
44
70
259
160
8
313
226
115
239
31
307
246
84
155
40
84
246
5
41
309
88
44
158
57
246
39
54
70
68
259
70
151
115
37
109
49
190
162
234
120
159
369
153
238
113
8
318
73
244
140
234
33
273
230
64
283
88
243
233
61
137
152
159
259
33
234
153
239
71
226
234
67
8
58
148
246
159
64
294
155
304
113
109
47
323
229
298
38
71
28
116
39
244
47
229
139
238
246
260
173
33
112
273
312
8
8
244
38
5
259
71
150
70
41
343
70
312
312
76
22
284
234
234
234
70
257
29
259
299
49
141
227
318
22
70
109
113
34
153
72
153
70
115
71
148
34
32
59
244
65
307
307
10
25
115
229
70
151
210
123
151
18
234
115
246
312
259
263
26
8
6
78
34
32
33
67
26
263
150
284
35
250
250
287
70
10
9
111
34
259
52
297
257
49
10
55
304
38
45
43
234
208
41
239
33
314
41
72
111
32
293
318
10
10
318
6
238
111
117
318
397
307
141
112
88
142
255
173
259
108
49
115
111
70
22
70
31
141
64
111
230
131
131
2
239
263
71
34
23
129
23
141
70
369
311
230
41
35
10
226
71
113
82
71
70
71
234
324
250
51
4
159
70
126
260
111
150
49
44
236
239
234
53
112
49
161
246
4
259
33
92
239
44
116
95
246
29
151
243
108
159
112
106
259
49
55
152
318
323
2
148
38
51
8
307
20
263
48
54
312
151
173
109
88
49
71
26
285
10
6
16
18
141
34
10
8
95
28
115
51
51
151
70
95
89
72
335
307
141
263
38
190
307
78
34
70
259
160
90
71
65
35
70
48
259
49
72
236
198
246
151
155
230
111
263
78
246
76
302
48
34
229
190
49
70
32
234
243
115
284
362
120
26
167
254
2
284
389
246
101
111
35
5
33
149
70
41
134
70
240
230
116
111
293
259
259
230
343
273
34
95
49
114
259
259
116
160
65
141
49
112
284
141
157
39
229
111
162
152
169
120
307
58
41
238
307
244
30
293
225
26
132
246
141
306
111
263
233
239
148
95
109
6
246
263
312
152
111
352
284
10
49
32
88
41
307
67
300
240
8
101
111
115
35
71
71
72
64
8
254
70
33
290
34
230
148
159
49
39
111
111
159
159
253
234
234
240
10
300
161
70
70
49
125
246
201
312
318
44
86
238
141
160
112
252
54
70
70
160
152
323
84
90
2
49
34
335
114
70
72
234
70
49
312
31
34
71
259
98
229
259
44
72
43
72
307
35
120
49
34
246
67
111
120
166
35
48
70
109
234
308
9
284
234
16
95
151
8
230
309
230
16
115
8
33
181
212
114
61
92
259
148
34
109
14
10
297
169
313
78
293
37
8
290
92
70
86
72
263
227
137
246
32
335
89
148
111
8
299
67
28
41
300
57
111
120
292
70
259
87
239
307
26
92
47
120
40
169
9
67
334
34
120
290
293
6
26
72
106
335
31
120
40
160
109
86
40
47
304
234
113
259
259
22
92
260
230
189
294
191
105
190
191
263
191
191
49
270
115
40
10
234
230
112
160
22
72
369
72
259
150
41
284
32
312
307
90
400
285
160
304
115
260
34
39
243
307
250
9
262
151
244
115
148
95
16
148
263
304
238
78
318
304
26
24
49
48
116
108
232
324
108
263
32
308
307
72
151
111
230
259
304
269
76
316
65
259
302
335
70
259
76
8
16
115
246
54
152
32
16
204
72
70
9
234
297
234
259
33
70
234
70
158
273
49
31
273
311
33
44
41
188
200
211
112
190
161
70
307
215
307
263
70
70
84
70
336
84
151
5
74
205
34
234
335
111
148
287
227
151
16
188
9
246
22
294
227
70
63
248
70
101
200
49
114
312
8
155
8
334
2
148
141
246
59
95
255
43
8
150
240
250
150
109
202
193
290
210
141
6
314
26
318
158
113
141
44
335
239
32
34
16
263
129
44
162
22
32
22
148
234
260
310
70
291
230
22
243
300
336
47
149
51
239
14
229
117
51
358
243
338
150
95
69
67
116
312
120
323
261
49
36
4
20
8
49
50
238
33
188
132
152
311
173
22
32
120
92
152
63
38
70
317
44
240
45
152
37
68
151
32
151
160
5
254
254
101
307
112
111
37
151
54
150
9
259
161
72
65
151
373
290
2
159
86
150
239
159
160
70
10
245
259
70
259
191
157
71
151
155
173
49
70
148
34
272
22
115
111
307
152
316
49
22
318
14
299
70
120
234
8
155
116
151
244
120
150
307
307
72
22
49
31
155
72
240
150
159
316
111
113
259
8
259
92
40
26
141
16
153
152
22
22
270
22
389
264
230
10
343
318
95
243
263
78
234
230
44
26
33
273
223
67
296
22
320
34
290
311
312
313
116
28
248
123
41
10
318
84
49
78
244
151
148
116
40
312
109
34
70
9
242
259
230
234
72
109
70
92
101
259
112
98
105
65
204
314
335
9
259
72
6
35
116
49
116
5
148
151
259
22
204
155
32
34
230
38
142
151
8
45
108
111
22
193
49
234
116
254
148
26
352
72
22
34
34
290
190
32
113
80
144
111
116
25
298
111
70
160
5
76
284
4
35
397
35
8
33
252
104
297
148
259
2
238
246
28
173
47
9
115
304
10
132
113
74
318
259
34
33
398
111
78
260
159
8
42
343
248
152
14
236
273
273
246
144
260
246
33
49
246
150
313
72
34
405
72
70
31
120
70
22
312
248
239
108
4
72
290
95
312
259
116
164
173
320
318
32
70
111
161
111
151
113
90
84
243
259
34
72
70
22
259
155
4
270
284
70
40
39
152
44
92
315
63
230
111
120
151
353
70
143
120
8
157
14
84
257
269
76
39
26
31
151
151
26
259
151
41
108
2
243
84
318
294
152
92
32
64
261
84
154
70
82
273
136
141
273
70
234
273
141
143
141
158
273
239
154
262
259
273
34
34
238
273
141
141
304
141
233
142
136
143
273
141
273
141
72
155
34
99
243
22
32
246
248
48
273
259
76
22
263
259
148
67
259
55
116
89
26
312
69
269
46
49
239
148
148
297
10
68
230
148
245
34
234
369
26
284
227
115
111
255
336
260
70
40
116
70
111
157
188
125
8
22
246
161
70
92
72
67
230
312
92
85
389
70
152
151
34
318
116
34
70
259
90
324
134
293
238
49
112
89
44
35
249
270
22
70
312
243
70
111
239
311
152
151
31
106
32
155
70
26
33
145
109
246
40
69
249
40
120
34
32
35
160
39
76
182
246
152
111
116
5
336
263
154
64
84
73
70
312
73
230
292
115
261
92
161
72
307
116
115
101
229
111
62
8
22
159
58
334
19
273
9
120
113
70
318
12
148
49
26
227
318
25
32
26
33
255
141
88
273
140
273
290
141
273
312
34
148
163
293
304
302
26
304
141
275
159
273
273
273
273
273
140
141
101
273
350
312
70
259
70
70
34
16
290
181
34
70
95
111
151
22
160
297
311
34
72
70
108
22
226
151
33
32
33
246
8
36
22
284
269
155
70
111
32
22
14
389
111
389
33
34
112
304
327
43
70
95
72
52
80
290
290
238
116
88
208
36
120
155
34
336
259
71
155
70
240
307
63
34
370
298
154
70
161
335
389
120
405
35
92
199
67
55
229
151
112
70
151
234
304
284
246
44
26
84
234
70
238
59
333
318
304
243
34
234
10
307
233
49
22
10
230
244
14
239
2
51
120
246
307
8
31
8
159
169
112
134
151
148
151
145
43
146
247
49
129
220
70
259
22
34
70
52
70
188
90
142
92
296
24
257
22
70
294
312
238
151
173
159
259
259
210
269
112
318
67
120
34
211
292
111
8
70
26
26
34
169
8
211
61
158
44
246
307
112
72
34
161
9
72
148
17
22
14
78
309
111
108
117
183
114
129
8
105
307
22
70
111
389
229
120
26
34
113
34
307
307
307
284
230
290
8
10
8
225
152
76
304
259
116
70
57
111
34
35
246
92
74
239
37
70
284
233
234
116
240
70
335
72
44
51
111
306
54
115
62
161
146
336
230
230
246
304
140
53
318
159
155
293
10
111
159
40
148
34
298
188
67
307
95
31
48
307
250
61
312
323
40
297
225
22
236
28
113
318
298
253
234
304
101
16
112
322
26
108
236
70
162
78
230
152
116
111
39
234
120
312
70
70
70
129
47
10
405
112
253
161
108
336
188
208
263
259
259
22
297
155
239
32
65
116
22
16
42
173
151
239
49
61
263
49
173
26
26
35
266
162
67
173
148
155
162
70
234
336
298
18
155
26
304
111
300
304
143
8
8
16
284
230
22
33
272
74
95
287
167
159
141
111
239
92
318
389
183
42
157
4
225
70
296
35
78
63
70
159
234
72
8
40
324
259
111
39
49
70
57
112
38
5
307
306
22
200
12
111
14
244
318
71
26
32
70
209
212
160
307
160
160
72
290
307
6
254
111
49
70
73
387
31
92
111
296
26
14
70
41
101
318
155
100
8
111
141
94
120
70
188
229
193
153
159
155
155
284
41
390
111
71
205
101
111
290
9
36
148
359
34
10
84
155
398
8
294
8
16
55
58
22
263
304
263
239
116
204
259
299
285
109
92
190
173
300
369
99
40
284
35
245
49
318
14
106
71
71
290
92
234
70
108
62
26
35
78
78
9
2
161
290
111
32
307
34
44
40
70
70
77
318
114
61
67
33
90
115
334
173
259
211
95
22
72
157
240
251
72
152
73
198
72
12
229
259
8
259
148
202
192
8
150
6
16
24
71
67
210
205
70
243
108
307
263
35
70
233
154
65
70
243
234
309
49
106
151
70
70
111
398
263
314
8
294
14
52
109
140
314
8
16
98
230
33
95
39
151
95
78
120
28
318
55
78
49
170
152
166
48
40
70
120
39
198
259
155
318
116
246
22
9
70
284
190
225
22
115
111
33
72
72
259
111
230
31
70
34
6
8
34
44
239
70
307
92
72
70
70
70
151
78
83
140
14
78
70
72
32
14
70
31
92
23
259
70
5
263
318
112
150
111
117
76
76
73
26
298
72
155
312
318
8
230
34
248
151
112
112
44
173
71
22
270
40
113
115
151
25
10
36
34
92
34
296
10
312
246
294
95
32
152
126
154
98
169
160
41
40
290
261
318
151
33
22
72
298
6
69
155
78
257
151
92
26
51
157
362
36
18
111
111
92
244
26
70
8
239
173
32
240
18
284
92
78
312
284
40
32
8
47
259
43
160
284
298
111
12
293
38
32
8
95
32
241
33
297
113
297
312
127
233
54
16
55
111
68
243
10
297
112
51
34
234
148
230
51
16
312
159
247
83
173
8
269
151
307
35
67
68
33
111
34
111
22
250
230
44
70
40
188
67
284
14
26
34
43
10
233
16
92
18
95
10
32
26
26
68
108
16
34
143
273
299
61
152
259
55
111
70
42
5
259
67
36
44
284
250
318
190
263
148
290
8
64
115
31
111
236
307
36
40
10
67
284
304
233
189
40
257
159
141
22
73
22
26
84
148
72
259
311
111
22
70
34
53
26
34
318
229
70
226
8
229
234
72
49
9
304
70
35
8
111
230
141
61
70
68
151
71
72
22
39
33
70
36
158
183
59
35
285
106
205
260
234
227
22
90
225
16
8
132
234
204
6
298
4
159
160
244
141
84
230
101
247
52
263
5
299
312
137
35
215
78
59
78
10
230
16
144
314
273
90
303
270
307
112
49
32
111
40
273
263
78
71
70
70
243
62
115
115
40
269
90
259
40
8
89
95
70
205
22
195
389
32
263
123
148
247
44
34
22
234
240
67
204
32
405
49
8
160
71
24
9
34
307
70
191
86
33
142
157
92
307
34
151
234
14
4
2
41
32
405
227
85
173
116
313
33
70
160
70
169
43
161
33
44
328
246
70
65
92
22
273
84
70
166
44
72
32
307
320
92
70
67
141
307
40
22
35
151
70
70
16
148
240
44
83
22
70
72
8
151
22
158
162
109
312
151
112
34
243
47
125
304
253
307
151
31
111
31
261
309
244
158
204
70
90
193
92
312
234
8
8
230
115
62
44
113
67
70
40
153
70
253
323
34
142
120
49
227
234
40
72
18
26
155
270
234
251
87
92
210
73
70
72
200
70
211
70
152
226
193
188
2
158
70
72
240
290
159
259
200
22
259
288
259
259
259
263
67
312
263
193
115
255
234
287
246
111
70
162
36
190
209
72
34
160
70
41
273
70
160
70
283
73
22
211
26
202
284
92
9
22
22
383
309
336
335
112
92
73
44
191
95
32
98
297
318
314
10
253
240
312
153
203
116
140
47
78
78
33
26
238
26
101
173
397
233
335
40
151
151
151
148
157
300
116
271
336
70
243
243
92
311
239
44
49
335
24
70
70
72
208
77
112
188
72
234
255
239
9
213
49
307
299
306
70
70
190
190
106
263
136
8
259
151
32
106
36
151
67
234
318
26
263
92
143
33
74
152
69
44
190
71
263
190
263
233
38
43
111
238
38
68
297
148
70
9
290
236
284
92
398
38
246
35
35
120
254
160
92
161
189
70
109
234
234
318
84
72
390
64
101
5
243
154
105
70
318
248
102
152
334
70
92
72
2
111
306
109
246
8
25
39
239
39
44
251
48
10
158
155
84
22
116
309
230
84
22
338
148
34
71
318
234
43
243
242
14
8
112
290
31
61
246
336
238
71
95
114
92
309
84
111
40
292
233
43
141
70
88
40
294
173
49
111
264
95
229
33
84
234
151
86
84
190
151
22
109
157
215
39
90
155
255
151
70
315
155
157
233
239
88
72
205
312
22
8
318
148
208
190
77
199
70
25
239
151
141
307
72
299
49
86
190
158
114
33
307
304
70
75
112
22
75
141
155
65
106
299
293
111
273
120
227
31
290
250
320
105
312
34
22
70
159
306
139
205
68
139
190
73
34
22
405
263
105
263
34
106
173
40
259
70
120
311
72
70
132
161
112
121
310
234
70
290
151
10
72
263
59
244
26
43
234
304
307
84
92
35
111
120
49
263
48
115
151
284
290
34
4
106
18
132
26
148
142
67
12
10
22
49
151
2
246
40
26
26
141
71
74
101
70
249
32
148
92
140
260
338
152
20
4
141
143
49
4
283
70
188
71
205
22
160
234
261
190
31
68
307
63
18
10
159
307
190
318
216
70
70
157
182
311
190
155
158
34
111
229
318
120
297
158
327
249
111
40
44
20
336
72
173
199
70
302
294
140
306
72
70
80
92
234
78
205
259
34
84
25
40
133
5
14
216
9
26
155
304
41
22
73
95
105
91
230
120
10
297
73
9
33
78
120
32
8
112
40
78
44
247
251
173
303
47
297
318
345
294
259
65
306
300
63
273
242
8
263
4
40
111
18
47
47
18
243
263
84
299
105
234
248
243
108
111
140
78
6
318
10
75
234
84
78
49
111
350
84
112
246
47
33
193
318
151
4
155
239
238
152
155
284
159
162
10
336
29
239
201
70
43
318
82
323
26
67
259
32
106
49
191
116
38
70
259
296
16
70
70
65
233
22
2
200
284
236
22
70
22
18
293
173
250
70
159
70
287
193
112
40
148
151
8
318
78
263
70
69
95
16
150
16
70
160
389
259
230
320
22
151
112
141
111
284
236
178
284
71
248
312
263
191
72
297
26
26
233
78
201
141
266
259
142
243
335
16
32
95
68
74
111
38
32
287
291
86
238
112
40
318
200
158
116
136
9
161
70
38
72
71
201
188
90
90
338
34
141
307
72
299
10
106
229
191
312
40
90
90
90
90
26
120
160
90
70
80
241
105
246
279
140
307
84
160
70
115
63
312
270
304
275
14
307
246
303
93
151
22
6
84
234
70
22
55
70
234
26
294
333
70
307
70
111
188
33
158
315
49
390
101
106
106
290
26
261
140
34
22
142
47
338
210
101
141
115
250
46
309
120
70
112
215
320
291
78
290
95
307
111
307
111
94
151
299
70
259
51
40
157
112
70
151
151
78
294
80
248
249
61
139
71
70
70
189
92
105
32
70
22
34
80
239
290
315
72
9
72
260
38
296
115
72
390
26
284
70
34
239
88
111
230
85
234
70
14
153
207
143
26
111
318
116
92
180
151
70
26
405
248
120
315
129
78
205
8
151
148
26
26
159
239
1
290
52
103
25
62
307
140
22
240
12
12
45
287
4
318
32
312
291
3
290
121
114
306
106
70
67
160
73
154
34
70
259
151
150
199
70
261
70
9
34
70
239
161
71
47
72
243
390
111
159
159
112
143
160
4
287
350
70
307
307
259
144
311
70
72
92
284
263
183
248
55
307
108
307
307
72
259
106
22
116
72
318
72
151
201
120
320
70
92
249
389
249
70
115
33
154
287
140
111
70
113
70
70
230
227
229
31
173
234
32
72
34
239
8
333
34
92
49
163
104
151
35
26
142
287
141
55
106
141
148
41
290
304
61
65
140
139
132
314
22
389
273
251
1
148
140
95
108
68
8
148
120
37
207
70
301
31
143
36
140
88
112
259
83
318
120
72
35
38
71
70
307
140
45
112
203
284
22
8
92
287
84
312
161
22
273
234
238
151
16
296
160
136
70
257
208
312
92
201
70
317
312
148
92
70
33
111
9
199
199
304
299
70
304
40
249
46
123
251
44
62
313
240
159
70
70
152
318
38
34
6
160
70
115
141
25
285
311
55
84
70
288
311
191
92
92
83
201
240
26
22
67
42
33
141
161
34
259
68
312
136
34
143
69
70
279
160
206
285
86
263
154
48
76
335
263
299
244
312
61
320
414
34
33
338
159
264
142
143
312
263
10
263
49
290
244
288
229
92
307
95
114
120
10
352
52
253
140
240
16
92
304
137
312
83
205
70
70
157
188
71
160
240
70
86
70
304
111
203
204
93
142
210
148
26
116
70
71
261
315
16
293
70
82
59
158
111
11
70
275
311
243
92
161
160
70
157
389
92
233
296
70
311
49
238
183
230
103
307
238
199
307
111
398
14
54
148
37
70
73
144
92
34
292
70
259
28
263
72
318
229
362
8
95
244
173
164
315
84
70
151
259
269
259
70
123
2
102
239
113
93
8
70
111
8
40
64
309
137
111
102
70
307
93
57
161
160
263
84
70
35
306
26
299
236
160
106
160
26
312
101
111
70
152
299
92
72
315
40
240
143
273
273
31
297
40
111
141
26
259
92
59
169
64
307
6
290
143
306
69
181
248
246
41
92
141
5
62
320
136
9
141
33
225
10
142
132
139
70
230
120
108
40
233
230
187
299
159
84
70
70
113
26
70
83
142
173
78
284
144
26
143
284
173
26
187
40
140
301
317
111
288
279
49
315
40
205
84
73
290
307
70
70
112
260
108
161
307
73
307
311
92
275
72
191
303
201
336
26
288
70
71
43
22
42
144
72
159
84
87
154
160
239
211
84
84
71
190
18
120
241
239
288
211
87
253
273
92
43
34
230
22
173
243
263
309
108
143
301
81
34
244
248
157
78
151
93
279
288
320
229
141
78
72
152
312
9
261
141
55
173
243
279
49
259
108
115
108
148
137
293
16
238
40
88
16
304
290
240
212
307
352
95
151
95
4
72
26
288
250
92
279
29
315
105
161
284
66
299
309
112
115
70
73
70
72
69
120
261
40
59
38
92
93
343
109
301
70
70
153
239
144
144
154
157
141
70
263
343
93
73
84
211
311
140
259
161
84
240
63
199
76
137
75
153
270
383
139
10
273
279
72
140
88
308
93
84
42
92
70
70
239
143
205
70
70
25
131
72
157
257
74
25
70
105
159
26
230
263
167
4
284
34
88
238
4
70
10
336
108
263
299
34
26
299
209
263
111
255
52
302
84
22
154
312
92
55
112
290
92
71
230
120
148
306
239
61
34
263
108
44
285
120
288
320
297
92
95
151
301
263
84
299
281
84
299
92
108
309
72
311
283
70
240
150
110
88
22
70
309
307
307
268
307
72
248
158
307
317
288
70
120
8
292
141
70
72
270
311
111
142
288
290
259
315
287
300
115
155
86
249
158
248
64
292
112
223
64
112
1
8
70
73
5
70
173
154
120
112
35
84
227
41
72
83
334
90
105
77
246
72
40
34
72
243
72
247
64
52
64
232
279
279
151
148
154
151
70
317
72
71
67
292
311
92
155
240
2
290
140
279
311
244
159
92
318
84
41
76
262
151
249
338
154
227
240
143
14
290
78
275
141
22
261
26
18
49
88
159
338
46
144
120
84
317
16
248
173
263
251
44
131
279
315
299
26
36
290
88
8
88
2
78
143
304
4
141
244
26
26
261
1
154
22
32
92
151
307
70
70
70
279
317
279
161
398
296
259
290
161
189
72
317
84
111
70
307
307
304
290
317
161
92
160
154
154
154
290
290
290
369
296
70
335
263
288
288
288
120
317
157
151
259
70
158
257
315
71
95
16
143
311
160
84
154
288
61
92
213
101
279
49
313
259
259
70
105
6
315
67
315
8
154
208
309
106
71
92
111
244
154
288
82
61
82
301
288
92
279
93
70
352
78
10
72
307
120
72
140
284
301
99
70
67
413
397
191
9
283
288
158
288
307
173
315
154
151
288
288
70
8
234
34
226
234
311
142
179
92
288
296
70
12
273
70
320
413
12
71
288
311
315
233
352
264
288
288
140
283
159
141
143
234
298
148
270
141
263
148
290
263
4
26
263
320
71
304
38
301
111
307
18
279
250
33
57
140
283
290
64
25
95
141
8
25
290
248
139
26
273
18
259
271
288
55
271
140
36
4
162
264
141
141
120
40
143
73
141
233
263
264
68
115
144
84
35
263
202
78
65
70
188
111
160
153
84
311
161
86
288
26
148
210
88
84
120
288
234
190
113
189
243
290
108
111
240
55
150
64
143
255
71
22
70
210
70
72
240
389
151
70
275
190
151
317
16
288
157
301
311
26
215
84
8
279
44
92
140
234
320
84
70
259
22
70
242
22
26
318
22
70
10
92
70
84
37
173
141
269
80
173
311
320
141
26
161
288
84
273
323
22
179
35
311
8
16
181
50
335
159
259
104
335
312
311
71
288
270
293
18
260
22
259
158
263
301
141
320
8
141
159
111
44
181
72
46
248
288
263
288
141
288
288
131
264
137
311
247
108
92
245
33
53
38
239
82
317
288
315
205
70
189
70
70
1
254
247
154
154
288
317
159
26
144
6
139
273
208
152
140
143
320
250
288
290
101
72
20
112
8
158
154
264
72
188
317
413
44
230
144
307
157
144
33
173
294
310
42
154
283
70
144
300
205
230
31
44
307
70
95
70
105
288
84
1
205
284
162
189
111
46
105
10
260
173
11
88
307
117
283
59
263
33
300
22
84
276
157
160
70
335
142
71
67
112
263
279
90
64
151
34
233
288
61
35
315
64
59
405
202
154
116
284
263
64
275
301
2
263
89
141
26
143
397
8
158
122
111
52
154
270
307
44
272
240
108
290
317
113
8
18
33
352
95
34
67
33
159
309
22
70
70
70
161
34
70
390
34
51
103
311
58
40
191
82
120
300
61
301
213
160
270
71
312
160
288
297
144
405
290
84
239
140
140
299
49
159
248
299
312
143
40
62
307
307
320
71
287
317
161
111
383
70
240
131
151
241
283
336
167
63
84
71
70
8
157
70
299
207
70
288
140
95
116
312
189
4
271
88
241
307
88
263
295
240
72
251
161
290
120
120
2
73
104
65
161
43
54
230
12
44
62
59
144
143
252
95
26
141
320
70
34
290
290
88
141
285
260
52
308
40
78
264
132
64
92
239
115
229
290
140
343
44
146
242
120
1
241
259
2
47
294
93
111
1
160
296
70
72
132
290
72
95
291
98
111
311
72
34
297
313
160
70
31
70
149
70
161
120
85
148
157
238
290
284
48
72
151
26
307
201
141
120
161
70
78
92
296
88
205
259
44
230
312
239
263
59
81
227
270
288
238
70
73
234
234
26
92
84
59
114
14
288
318
44
59
173
288
52
311
304
307
299
70
288
173
70
72
288
288
116
311
33
260
72
90
70
70
84
276
93
44
315
230
33
269
299
26
169
34
34
61
92
263
263
22
255
95
182
99
88
215
36
18
115
292
33
98
263
284
52
288
315
108
92
309
151
290
279
306
117
34
33
10
260
111
288
166
279
140
1
161
288
1
22
22
70
234
75
75
301
73
86
160
77
71
70
84
158
315
59
120
229
112
297
288
92
148
70
234
84
10
70
49
320
246
253
70
288
92
70
26
70
170
160
230
78
111
309
144
34
279
43
111
70
26
275
26
315
160
16
141
230
98
239
201
288
64
288
213
61
112
290
285
288
106
111
161
92
70
290
246
161
92
301
8
301
55
154
244
84
148
287
288
109
185
314
260
72
240
8
101
288
248
108
240
186
84
288
290
290
276
284
255
314
86
144
32
71
50
33
49
268
44
290
131
398
88
154
43
273
10
309
257
151
173
143
11
87
159
315
259
120
257
140
288
49
45
310
144
317
52
140
70
273
92
70
72
300
189
313
299
80
313
140
290
131
131
70
129
335
92
273
288
70
287
283
269
157
158
44
285
9
189
40
72
70
78
61
92
239
70
116
67
154
38
288
143
30
323
35
120
44
64
263
288
389
143
151
230
129
288
299
111
72
34
72
26
9
369
312
151
311
28
120
203
154
115
120
161
290
92
151
109
131
46
142
8
292
263
230
45
64
307
88
130
101
45
64
299
309
279
95
308
314
283
308
288
142
70
302
142
6
312
151
288
271
141
263
239
160
288
70
70
148
65
312
263
160
70
290
233
73
89
198
160
92
70
84
288
159
111
154
22
92
161
73
92
71
143
44
70
288
240
284
288
71
311
78
205
317
288
263
2
154
52
301
143
288
284
88
288
148
46
37
101
243
92
71
259
154
40
234
111
26
297
34
61
49
32
288
157
112
263
293
8
301
143
251
343
389
261
175
49
163
290
70
10
120
301
59
261
21
143
71
263
260
318
61
290
26
10
109
198
308
34
304
215
136
318
315
288
120
288
40
148
2
161
284
34
33
70
189
72
6
38
312
273
284
190
9
238
70
87
144
70
71
275
78
275
275
275
155
88
142
259
173
290
39
70
44
288
288
84
164
205
40
25
160
106
76
298
22
284
151
268
288
323
250
301
240
120
72
8
151
101
92
240
144
98
59
263
288
246
290
288
160
84
259
233
160
86
84
139
144
288
143
311
100
16
33
238
263
68
290
288
225
240
230
33
288
62
312
140
26
290
243
111
301
111
151
290
290
246
279
405
240
8
88
8
188
208
70
26
84
84
24
273
335
84
412
150
283
199
68
290
230
279
78
116
288
245
312
158
112
251
70
40
26
260
243
338
34
112
142
198
70
299
260
44
88
49
70
84
240
92
414
44
288
240
263
259
141
78
267
80
159
263
290
140
181
70
269
290
261
288
350
143
117
225
59
141
260
33
39
210
88
70
140
288
315
312
143
229
275
9
314
315
92
112
250
189
72
70
142
240
71
154
139
318
70
70
315
204
260
315
82
49
283
312
70
315
315
316
26
225
154
264
54
54
33
127
68
298
301
70
70
70
140
84
75
72
52
299
160
72
290
335
68
288
44
2
301
76
290
73
72
84
238
139
240
65
84
34
295
84
240
288
260
270
140
78
316
263
151
8
93
244
112
95
136
290
71
260
307
270
153
309
61
263
59
312
312
95
109
108
88
18
120
48
93
141
288
158
55
34
54
112
111
312
31
84
142
288
157
70
311
70
84
92
299
301
131
70
33
214
33
70
72
111
260
290
188
111
70
70
157
2
95
48
188
263
296
71
88
140
5
104
257
288
299
72
72
239
240
70
414
312
84
315
288
284
320
10
301
187
84
161
315
261
260
72
67
22
318
26
93
312
246
50
148
259
71
71
40
257
92
312
163
120
300
76
26
318
40
72
73
290
234
101
279
228
98
88
315
317
154
73
269
307
276
70
240
311
1
269
299
84
72
255
336
270
39
315
8
140
26
160
317
70
1
22
160
70
141
10
141
182
120
238
70
22
72
141
154
52
75
273
70
263
236
264
155
72
154
36
335
154
148
263
93
301
311
70
88
288
157
18
18
230
33
288
26
318
311
116
315
84
313
44
143
288
9
84
255
34
290
88
26
253
264
76
143
115
68
160
61
45
288
260
242
78
120
248
205
70
73
92
22
120
151
68
88
160
239
16
234
290
312
132
188
270
151
188
335
72
16
71
173
70
160
49
72
111
320
246
261
315
67
317
161
92
34
161
238
308
234
304
88
294
73
67
97
49
47
78
49
25
299
311
141
72
125
22
255
92
69
70
161
308
301
39
173
173
316
161
55
22
270
84
299
70
72
78
318
70
317
285
204
290
14
285
261
290
48
288
72
240
151
141
259
369
312
40
26
251
264
115
279
140
141
95
315
49
290
290
394
259
233
93
9
93
101
142
70
261
86
306
9
123
189
36
309
160
151
414
57
189
35
70
84
303
4
35
92
70
279
288
92
93
180
230
161
240
240
157
148
72
64
61
239
150
301
188
269
70
288
8
18
299
143
93
8
93
31
142
320
72
72
335
283
68
288
72
288
279
84
301
284
242
301
59
94
111
70
240
35
414
76
34
290
318
234
211
290
64
10
157
72
311
38
26
167
33
151
59
318
129
64
44
92
301
259
2
151
140
279
82
283
247
61
72
3
279
72
70
70
70
288
72
109
92
68
72
148
31
35
57
159
151
78
261
315
84
46
290
312
288
259
148
312
173
70
6
72
26
154
72
309
159
72
263
211
70
140
69
120
6
82
68
184
301
160
290
285
301
72
198
71
143
290
239
290
101
45
141
73
82
140
251
67
159
76
34
263
304
115
154
184
154
264
74
157
312
239
32
188
72
67
67
32
70
315
270
83
317
233
70
70
80
72
92
108
154
230
290
269
269
269
269
117
157
234
154
320
183
320
315
120
173
290
8
136
257
248
105
244
76
160
70
141
188
269
160
238
284
40
72
49
240
59
158
44
111
290
54
154
269
307
239
159
316
259
239
263
262
397
296
311
151
244
269
95
151
166
84
251
57
92
259
108
111
269
307
72
67
200
86
317
151
108
117
157
389
34
190
26
111
10
92
108
279
233
352
317
70
311
92
154
275
70
254
160
44
112
173
267
301
70
398
34
61
315
70
323
190
248
248
106
301
95
70
70
92
49
137
248
215
72
154
30
233
154
34
140
86
72
72
154
9
64
238
288
16
151
318
44
154
311
350
287
64
240
230
312
117
200
244
101
239
26
262
263
323
249
48
70
148
153
84
54
108
70
141
270
5
154
117
16
64
311
111
40
264
95
159
290
92
95
95
51
141
290
95
240
120
248
141
207
303
26
95
92
188
84
70
154
306
145
72
129
169
120
311
72
84
261
143
312
72
72
84
70
72
70
70
317
317
88
154
154
154
48
251
84
255
270
72
154
88
84
109
65
320
84
72
290
72
201
202
92
290
315
294
139
161
116
40
48
154
315
9
38
301
201
84
240
154
92
201
95
262
317
154
111
202
248
248
158
58
204
335
44
8
284
140
44
142
301
43
116
35
155
70
101
151
50
135
239
311
311
205
293
70
301
141
288
311
240
70
70
32
148
204
9
283
198
151
70
157
301
317
34
307
158
84
84
140
233
70
40
248
301
315
72
201
279
243
352
238
301
103
263
8
267
70
70
143
310
33
144
248
92
311
311
243
199
318
70
270
92
239
301
70
140
302
151
243
260
76
414
76
279
250
261
44
248
109
72
61
270
154
78
301
120
111
335
14
230
190
301
283
140
263
343
140
240
18
62
52
190
205
70
70
92
190
70
315
125
301
54
37
70
109
318
120
49
9
70
398
101
64
84
338
167
73
80
34
301
261
72
240
72
164
240
239
307
92
67
9
198
70
151
115
52
307
292
290
88
161
243
159
141
307
61
263
95
141
269
26
154
16
290
263
35
259
154
317
154
70
154
230
9
8
9
246
207
158
92
70
73
283
43
111
140
9
46
44
70
151
16
252
317
70
70
201
158
236
64
70
301
240
161
283
42
50
64
72
206
154
141
239
210
70
231
35
151
279
70
154
234
317
154
71
349
239
61
264
109
22
290
111
154
304
154
159
154
64
39
251
173
70
236
154
70
251
134
301
64
73
308
83
44
233
26
120
234
157
70
236
246
70
296
41
263
397
251
328
269
261
8
70
86
143
205
169
100
251
46
137
44
317
301
259
154
4
157
49
137
291
29
84
164
61
301
290
46
260
301
240
312
183
44
154
301
112
250
248
263
92
248
301
59
140
154
290
317
95
137
290
264
25
10
290
52
67
317
301
301
61
154
208
157
240
157
151
154
132
211
251
170
269
125
136
35
8
259
140
317
154
284
136
72
269
234
285
264
92
154
320
154
273
1
61
154
188
270
317
148
269
269
269
269
80
154
104
240
61
283
373
143
12
70
46
84
70
289
301
151
281
338
264
269
279
269
61
269
101
59
62
251
76
290
53
292
317
70
80
317
1
240
70
22
44
72
270
318
312
158
70
70
151
8
120
240
248
290
244
307
151
299
240
72
1
154
241
61
290
290
157
157
70
389
70
269
66
179
8
140
275
166
70
137
263
315
290
233
18
141
34
154
143
88
290
61
72
154
259
290
290
290
263
33
117
132
291
88
264
290
318
230
52
70
40
70
318
143
45
70
44
84
70
269
320
301
188
261
188
34
92
84
338
271
249
92
120
66
52
154
120
26
70
290
263
381
131
238
350
157
263
84
108
34
290
98
249
154
92
44
248
273
202
44
290
70
257
61
317
131
301
241
44
213
158
317
141
158
95
269
290
154
269
18
276
73
75
154
79
207
301
71
188
263
70
179
115
215
311
158
41
48
273
84
171
277
263
112
153
290
120
141
113
44
238
70
71
140
264
78
84
317
317
26
301
216
34
311
31
290
3
251
127
51
263
141
64
290
92
70
70
211
111
201
181
84
8
173
311
72
154
290
154
281
317
120
188
148
72
158
320
208
35
257
14
92
84
159
38
115
108
142
22
301
143
43
251
46
64
239
283
312
106
311
57
290
179
26
154
92
321
321
321
321
321
321
321
321
321
321
321
321
321
321
321
321
321
321
321
85
191
82
275
301
54
290
290
179
154
290
57
275
52
321
321
321
321
73
72
73
137
321
290
322
321
264
33
72
321
290
73
242
248
160
95
70
92
72
290
71
120
84
154
317
225
78
270
68
72
68
301
68
84
64
263
48
292
264
61
35
299
260
140
88
290
248
151
290
144
318
8
28
61
250
114
263
8
8
244
270
26
154
75
311
154
92
121
414
226
72
131
64
117
148
25
309
26
1
98
233
190
142
154
25
290
315
239
249
70
143
309
8
35
263
154
61
109
92
244
92
290
78
70
263
301
144
343
239
304
317
290
68
78
121
311
150
292
251
72
70
70
307
215
133
240
301
183
259
72
95
26
35
113
84
152
35
245
301
244
120
84
34
263
243
33
33
311
269
70
44
35
52
295
9
8
226
46
239
167
50
318
84
159
290
8
68
26
92
234
92
108
35
92
84
279
240
16
44
143
30
101
10
158
18
242
141
287
111
248
277
92
92
299
61
279
154
8
8
142
64
214
229
315
240
72
34
65
318
34
185
208
240
59
26
72
22
86
120
315
44
154
159
44
317
317
269
317
317
148
72
318
61
250
299
302
154
151
1
72
72
36
299
290
205
205
161
144
70
272
279
311
154
224
70
44
320
22
210
2
317
269
352
317
32
205
259
300
296
8
264
64
76
34
34
84
140
270
290
61
70
27
281
281
167
311
259
317
10
67
72
311
240
140
72
244
44
84
61
72
72
84
40
313
76
264
14
8
107
247
312
72
6
249
84
71
36
70
259
35
61
273
92
150
84
72
76
95
173
111
82
59
229
44
61
120
170
279
95
294
259
10
210
234
230
191
72
112
32
113
72
284
72
49
240
72
315
92
8
151
315
248
159
259
72
246
320
315
70
26
72
86
157
70
92
126
72
70
240
31
312
72
143
84
315
72
141
300
68
5
234
61
141
284
72
132
233
70
70
151
44
246
111
160
65
72
315
251
159
160
16
72
160
316
69
261
91
240
151
61
14
95
318
55
68
315
248
304
70
243
38
34
136
109
157
46
183
32
64
229
70
120
70
296
53
246
301
251
70
144
49
108
252
52
48
299
95
111
70
348
26
101
98
173
84
70
88
240
23
283
78
105
161
70
71
293
330
260
267
311
123
140
9
273
115
151
45
315
318
184
188
240
123
315
143
198
167
101
84
311
263
207
70
173
234
256
132
230
261
72
239
304
91
86
70
5
284
49
259
70
160
61
61
151
72
311
233
70
187
154
64
32
225
84
44
290
10
140
26
314
72
257
98
208
169
84
338
70
67
210
140
33
143
27
85
170
201
157
32
154
34
159
243
43
70
61
263
64
8
154
115
335
248
70
9
72
211
70
72
37
70
108
269
41
34
70
5
70
182
243
72
215
240
267
315
263
140
64
301
120
59
142
259
115
151
239
159
154
72
5
69
152
160
72
234
35
262
288
92
247
315
72
288
141
70
88
389
61
307
44
151
160
92
303
154
70
284
72
101
66
240
158
157
70
8
31
120
64
120
72
63
55
22
210
246
312
292
315
70
240
32
72
70
47
67
311
240
240
64
308
20
261
72
306
103
269
184
267
267
92
16
120
154
14
255
132
284
22
71
120
414
84
120
246
270
169
288
288
198
240
70
72
70
161
311
72
205
70
84
251
259
78
251
109
270
93
269
154
293
299
153
66
48
35
142
4
92
230
69
108
307
290
84
84
192
148
160
98
369
150
157
159
70
44
151
244
311
290
72
60
240
72
290
44
157
164
290
69
238
210
70
284
43
240
309
72
34
255
84
8
101
141
311
120
239
244
318
143
105
72
143
312
259
244
112
191
259
288
279
306
288
288
279
279
67
246
2
252
335
229
158
304
87
108
22
312
251
290
338
106
301
88
273
243
92
263
279
26
247
18
179
307
34
318
234
253
72
61
317
70
92
154
71
307
46
18
70
72
70
92
160
8
84
160
10
290
259
304
63
279
290
161
261
68
304
141
143
311
70
259
230
288
246
120
294
72
169
233
167
301
123
95
288
52
120
117
311
68
233
259
36
10
288
301
234
10
141
154
70
151
72
70
299
318
70
320
64
303
84
259
70
16
72
284
32
288
240
148
288
34
311
336
243
318
233
336
244
158
270
279
234
327
211
33
263
248
70
41
63
320
140
281
281
44
288
84
141
201
301
82
84
70
70
72
71
161
192
299
240
240
257
40
335
313
164
226
294
26
301
49
263
288
70
142
70
290
64
72
89
276
261
233
326
141
22
105
284
240
240
154
8
133
332
10
350
139
306
236
84
240
229
34
61
72
43
132
137
293
301
335
72
288
9
154
72
244
157
164
259
8
286
307
154
54
71
44
303
80
73
70
260
160
70
8
335
35
44
327
31
239
25
33
327
64
120
259
327
151
327
327
327
123
140
288
82
154
201
41
46
284
121
251
40
233
325
131
275
288
238
84
70
295
240
85
336
322
70
335
329
301
70
70
245
67
70
72
57
315
301
59
248
288
320
179
35
70
70
25
120
310
72
288
22
290
33
70
414
18
64
263
301
335
236
18
283
49
329
250
154
308
70
164
337
66
335
320
264
70
154
105
279
70
205
64
70
247
153
63
331
18
284
61
240
335
154
292
229
131
70
61
46
301
315
118
284
65
246
129
259
288
151
22
80
70
72
234
131
260
398
236
249
26
170
116
101
123
63
268
92
150
158
157
179
213
70
246
70
122
70
44
299
82
92
72
290
151
302
284
263
72
300
304
320
301
246
61
170
164
84
84
246
117
259
70
31
70
72
73
240
70
70
335
1
168
72
312
132
72
154
335
82
307
233
318
70
72
143
240
72
34
234
91
111
335
232
338
26
9
55
18
68
179
41
335
311
92
41
290
199
317
70
230
179
263
33
249
70
240
179
270
70
163
311
61
151
301
44
311
36
179
61
243
311
184
16
322
58
263
283
72
299
187
72
160
132
84
290
299
9
72
164
70
301
244
160
286
327
151
332
317
160
116
44
70
225
239
331
309
251
327
88
84
34
34
249
12
209
123
10
311
301
62
93
44
327
68
253
70
92
1
32
259
239
290
239
335
284
84
72
189
9
88
301
76
116
92
72
179
315
150
111
279
33
72
72
34
140
141
143
179
179
259
284
91
202
78
181
299
315
248
44
248
318
301
141
49
9
82
311
72
84
72
39
25
303
115
157
72
201
70
39
240
92
44
34
315
72
84
84
240
153
335
327
8
289
84
84
182
148
8
248
330
66
140
270
312
187
33
95
95
264
238
273
26
84
284
244
64
320
150
88
179
335
44
164
260
161
187
141
92
236
191
263
335
189
84
92
52
61
72
92
44
148
335
230
95
160
120
42
336
301
92
240
338
263
120
151
250
49
88
88
61
288
5
341
240
239
68
70
284
211
315
108
64
91
70
70
72
18
202
240
31
49
70
78
88
157
44
68
279
141
70
320
48
140
335
326
154
263
72
154
279
151
101
335
109
120
120
321
167
115
335
182
116
301
154
299
263
328
72
166
263
71
240
106
141
270
243
309
189
233
9
121
133
338
120
263
179
335
301
72
88
290
288
84
266
8
72
139
317
315
84
116
120
59
91
299
137
240
127
143
151
314
335
352
284
179
154
259
141
84
132
159
240
84
240
240
234
154
263
92
154
279
279
287
120
311
36
120
143
315
299
84
70
141
122
240
70
62
317
173
84
70
250
284
74
92
290
84
335
84
301
154
317
8
290
335
92
324
240
260
329
61
290
240
296
141
316
64
64
335
141
72
13
84
284
250
263
251
301
71
15
315
299
320
320
34
154
248
139
72
238
299
67
40
72
262
335
84
238
141
72
299
248
263
44
335
320
101
248
72
335
251
239
332
78
327
315
335
131
287
307
84
327
64
325
92
113
288
46
327
327
141
117
61
61
240
284
301
290
108
304
154
161
84
10
325
59
329
91
91
246
44
328
317
92
161
269
70
72
311
159
335
281
131
238
315
160
315
170
315
108
68
84
84
240
327
22
283
315
269
335
57
307
152
154
307
234
240
84
169
101
269
325
328
70
72
240
276
263
59
276
16
328
240
335
290
290
317
299
78
234
325
36
397
320
80
248
269
325
68
46
315
44
44
89
95
61
151
330
37
269
41
327
154
269
210
72
93
70
70
245
84
154
328
328
84
335
325
92
315
67
240
226
8
95
61
80
241
238
256
143
301
208
84
129
167
69
82
148
141
25
151
233
29
34
229
35
247
227
233
35
33
230
239
33
297
244
239
112
116
154
315
84
311
284
317
154
180
157
161
318
234
99
248
300
300
256
112
112
148
70
88
160
46
335
269
233
325
91
269
283
330
257
320
239
132
59
244
143
52
91
327
328
255
270
313
77
92
72
311
70
72
33
154
84
161
320
72
26
106
70
164
154
220
164
154
136
264
164
154
154
5
115
181
230
120
301
93
48
299
151
240
240
227
300
44
141
329
311
335
307
151
283
201
201
70
82
248
154
250
88
84
209
44
325
72
44
140
290
346
10
284
158
328
44
325
335
239
335
253
307
84
307
244
62
335
70
72
154
20
20
72
154
154
93
5
154
317
161
70
315
221
1
154
234
199
1
154
164
1
154
1
1
154
317
317
301
154
307
154
317
198
290
1
1
317
120
338
1
1
167
317
52
315
230
276
72
276
154
286
191
49
202
317
141
141
54
325
154
107
260
158
148
148
82
64
28
82
154
266
132
86
179
279
140
115
398
59
93
139
104
315
335
120
328
1
66
1
122
240
214
326
240
327
328
157
121
1
52
47
59
335
84
78
233
34
263
18
327
346
159
107
332
268
141
140
250
70
292
8
141
251
88
243
307
270
179
44
34
290
22
210
154
318
317
154
250
33
303
397
290
317
288
31
154
306
311
1
72
154
72
70
98
1
263
273
62
154
140
84
198
70
44
154
207
142
327
120
229
157
330
99
241
315
325
326
325
327
125
154
290
315
227
101
140
328
75
300
117
72
44
47
64
8
276
290
264
67
335
213
311
92
70
154
154
120
300
181
140
154
331
343
154
160
52
335
70
34
92
307
307
236
129
159
1
72
317
240
328
208
239
240
230
161
154
328
92
121
234
317
1
311
260
338
317
307
154
72
328
8
157
39
52
72
52
52
143
318
328
84
240
22
25
154
35
398
116
251
307
247
10
304
91
299
34
82
290
240
188
325
64
317
25
140
41
240
36
44
264
52
4
244
84
83
328
325
70
72
338
150
233
84
111
95
154
154
84
154
70
160
108
328
182
201
140
261
70
179
160
132
270
82
70
315
288
61
27
315
288
292
92
69
70
311
335
44
184
70
312
301
397
263
44
9
398
49
225
76
269
141
154
325
59
259
253
84
115
259
250
95
95
328
84
290
109
84
325
70
154
317
154
68
317
328
1
150
154
299
317
70
254
230
84
315
1
259
72
8
397
260
141
94
397
151
1
328
160
315
84
332
34
398
66
259
34
137
234
34
117
41
290
44
72
330
330
328
159
317
61
348
299
336
35
140
325
251
188
120
346
131
84
72
72
59
154
150
84
72
154
154
269
83
290
320
240
315
70
311
335
136
328
151
142
283
264
92
183
269
269
154
268
242
44
68
71
9
25
61
270
269
251
169
61
25
111
202
225
240
200
288
32
381
283
137
88
140
239
290
140
35
311
318
84
70
317
271
148
92
151
279
70
112
240
240
154
264
44
240
108
287
154
152
240
75
263
240
115
140
72
61
338
28
300
250
121
154
301
268
70
154
377
259
154
299
239
61
61
140
94
133
101
317
335
186
233
84
246
70
151
296
84
61
143
160
315
160
150
244
240
150
25
71
240
84
10
105
233
63
158
103
44
92
137
283
171
72
273
143
259
72
158
240
266
311
290
44
1
72
141
70
238
16
338
338
61
61
95
154
299
301
141
70
154
158
316
240
311
263
151
345
33
154
1
317
271
44
34
154
290
61
5
101
44
120
154
5
312
312
167
154
363
82
338
95
307
299
234
283
283
72
141
284
120
154
8
283
43
84
64
263
140
140
141
140
233
201
250
148
127
84
140
22
317
151
64
269
321
140
257
154
321
95
321
108
239
35
315
146
335
146
207
35
240
18
123
311
101
72
240
150
313
238
304
100
8
248
154
115
108
115
140
290
92
22
268
171
312
44
68
248
307
301
10
44
233
299
44
84
33
68
92
70
84
84
80
151
72
191
250
39
311
299
72
120
140
300
248
123
264
120
101
313
68
82
154
154
148
366
263
263
70
263
79
263
276
22
84
72
25
167
307
301
290
84
317
34
34
68
50
35
61
143
317
270
312
132
142
263
113
366
273
337
288
288
301
72
42
84
269
311
70
301
315
148
301
290
84
44
61
61
151
141
88
279
78
47
260
300
151
236
248
270
14
264
299
261
141
350
108
300
78
279
31
202
230
70
164
64
288
64
240
70
154
154
290
72
70
101
190
358
125
72
288
70
70
290
263
154
154
246
290
35
44
311
121
366
44
76
140
297
151
269
72
299
318
338
414
151
61
52
170
179
62
131
299
317
233
230
140
69
68
315
117
70
234
72
201
92
207
120
120
120
169
151
307
148
72
1
72
301
263
97
311
88
26
10
66
154
246
263
343
157
290
34
239
244
261
317
318
154
205
116
86
273
84
239
84
315
307
108
111
248
33
72
153
352
311
61
120
249
76
18
263
299
92
159
279
269
25
240
84
103
44
55
234
140
299
297
115
288
53
111
266
106
108
300
52
358
8
312
26
164
164
34
85
181
290
93
259
270
72
160
70
257
257
70
112
299
67
148
142
275
153
5
154
129
92
140
279
244
151
108
322
317
72
72
240
240
34
307
64
92
70
34
120
61
72
246
227
263
45
151
75
72
116
284
61
151
72
158
158
307
72
263
244
33
315
248
151
240
299
70
317
102
238
377
159
137
92
310
304
25
204
299
253
317
64
154
248
140
223
108
154
239
168
314
158
283
315
151
250
313
204
112
49
140
264
158
115
246
111
43
246
143
290
59
158
120
300
34
233
115
317
154
84
88
151
153
160
84
61
167
120
70
335
72
120
148
238
70
139
39
72
398
240
254
284
335
112
338
154
335
120
226
72
158
307
311
311
311
315
211
259
70
64
335
240
112
140
284
213
159
335
269
315
290
44
335
78
151
369
101
143
298
335
295
244
311
95
292
1
109
109
168
10
253
240
14
233
197
243
101
279
22
301
317
142
33
148
253
299
170
131
335
414
154
373
335
120
72
72
317
157
148
72
335
283
234
366
414
151
72
240
248
158
335
244
154
180
154
84
248
72
70
92
117
317
317
44
237
154
290
259
44
307
84
151
120
116
150
44
246
241
26
140
120
44
44
31
307
157
33
211
259
314
284
61
230
269
307
318
154
148
307
307
307
240
70
120
317
72
80
317
240
233
154
78
37
70
314
392
335
335
140
72
234
153
264
311
154
154
317
72
167
243
18
159
261
67
263
259
335
32
335
131
230
56
179
264
70
61
82
230
41
8
154
367
61
300
35
154
229
154
317
335
317
154
70
317
229
70
140
44
154
317
70
273
398
154
240
251
151
352
59
116
151
239
143
239
127
182
248
290
244
70
230
70
230
37
72
120
129
39
108
151
72
335
70
259
233
112
233
372
72
294
34
179
70
108
244
131
131
44
143
120
314
148
157
338
92
151
22
22
10
77
369
318
381
44
108
336
44
92
244
36
112
94
240
240
44
47
116
37
64
31
55
84
39
304
50
148
39
70
59
240
35
243
72
151
307
117
335
158
151
9
151
251
290
92
154
243
246
156
230
151
248
259
72
34
116
240
338
336
44
151
72
120
335
111
68
72
259
259
70
372
120
238
335
37
59
72
8
72
25
261
72
239
16
120
129
101
335
245
247
72
139
150
92
49
336
336
311
300
35
259
244
63
269
151
241
323
299
92
47
33
259
264
290
246
69
70
311
44
120
386
148
279
171
150
246
244
116
93
307
386
335
72
111
61
44
8
34
412
72
108
290
70
111
293
127
157
311
132
59
240
47
72
84
412
120
1
72
44
72
72
57
20
68
72
154
1
234
64
299
150
120
322
154
269
230
269
29
141
34
299
253
276
269
244
269
133
290
259
143
154
338
154
381
72
25
66
292
299
159
335
157
115
245
109
37
369
49
311
240
243
39
44
72
8
290
336
233
315
146
28
59
259
93
157
290
290
230
146
154
70
31
64
120
8
295
290
290
317
146
151
132
230
230
335
8
263
243
259
381
317
10
290
359
251
279
234
246
9
111
233
318
373
318
70
151
259
234
251
290
290
101
317
154
70
297
23
70
111
154
39
45
76
324
18
120
154
154
299
367
35
70
300
125
60
234
233
414
148
314
151
302
164
290
70
68
52
52
257
126
272
253
151
70
166
64
148
108
141
44
154
127
317
154
117
35
253
414
2
31
414
367
61
290
154
52
154
