33
57
147
162
44
259
62
230
398
44
246
293
40
230
230
120
314
67
67
51
167
54
239
162
49
259
44
244
120
259
49
336
90
51
300
152
257
152
38
49
300
247
40
318
200
155
49
159
300
152
239
238
246
41
314
8
109
230
2
120
40
257
204
2
49
259
300
27
111
284
3
133
162
111
49
113
293
18
167
33
239
92
226
239
398
257
33
120
31
188
44
259
221
172
230
111
152
259
92
151
33
241
33
259
44
109
120
44
120
294
113
114
120
300
120
246
25
22
145
131
49
205
152
106
300
234
33
259
239
267
141
141
155
291
41
106
234
230
73
239
230
35
259
35
230
230
49
300
19
150
398
34
160
261
300
230
115
290
259
216
239
230
159
123
67
236
150
234
230
168
246
160
150
32
294
230
159
67
40
71
294
270
234
205
25
65
49
70
120
259
150
67
12
13
234
22
336
160
239
109
259
5
111
40
22
37
109
32
33
112
239
106
22
67
150
49
38
22
137
244
267
109
44
49
290
294
33
230
67
233
29
307
109
65
239
160
152
120
70
152
52
45
109
160
112
8
95
152
336
152
35
33
38
253
155
318
238
152
259
230
230
250
38
32
398
26
71
152
234
335
239
29
318
304
44
293
71
36
57
230
76
108
273
304
152
141
307
307
307
307
34
261
67
10
40
273
295
398
307
40
73
318
26
300
318
24
290
293
92
106
22
44
239
335
9
336
54
152
304
92
239
26
40
257
6
318
230
57
205
293
49
336
120
3
41
284
22
204
290
33
44
40
49
414
44
40
49
294
95
48
9
120
131
304
230
26
120
152
291
291
22
120
9
152
118
398
22
108
16
8
290
160
239
106
300
152
152
40
95
49
188
95
115
22
71
71
230
271
250
188
106
125
32
157
246
239
24
239
307
106
9
160
62
40
152
67
40
314
26
71
239
40
70
230
243
120
26
150
45
45
263
241
71
239
92
92
106
71
2
10
134
158
93
208
255
67
123
160
120
32
267
294
183
230
105
22
71
150
141
148
70
216
255
234
230
290
112
150
230
44
134
44
270
304
95
336
8
38
239
111
160
108
87
49
140
221
290
161
95
71
284
49
54
70
271
190
89
323
198
148
9
39
152
92
36
300
152
187
113
208
318
140
294
234
70
33
12
29
230
246
79
255
26
63
233
320
257
151
92
194
159
143
34
154
89
92
200
244
108
157
70
155
98
239
36
153
160
92
78
294
148
111
160
8
238
79
123
189
16
108
306
188
154
140
26
18
290
26
92
71
150
20
114
140
49
67
111
312
40
105
208
95
120
273
150
234
139
108
131
214
160
331
230
67
9
72
189
73
157
57
312
34
45
91
71
67
105
239
74
239
216
41
253
40
318
34
64
250
262
9
317
176
335
328
160
269
36
250
142
318
172
176
84
347
290
187
230
273
343
318
67
161
163
140
95
49
69
49
230
160
246
314
159
276
234
221
8
8
6
8
16
16
14
300
16
290
118
