61
335
61
61
154
141
61
54
61
142
61
44
154
250
57
261
110
141
68
318
120
61
44
48
54
111
276
169
59
295
61
250
269
397
48
44
61
126
110
44
126
126
91
292
233
335
276
61
239
110
233
75
120
126
239
61
70
260
88
64
111
246
246
307
44
264
227
241
239
44
49
54
155
33
29
263
44
159
159
307
33
34
126
140
241
22
243
33
299
44
83
15
270
259
234
120
416
129
352
126
307
70
59
61
70
229
29
4
151
251
150
29
260
162
243
141
44
184
25
211
113
165
149
44
306
262
233
314
44
243
157
70
276
42
120
242
33
227
164
44
234
159
61
246
111
259
141
307
113
113
28
40
148
153
307
247
151
33
70
307
243
307
114
259
91
233
307
307
49
92
259
371
125
307
120
164
243
307
33
169
259
120
241
243
49
151
126
191
239
41
243
367
386
112
335
155
2
178
230
263
307
263
259
307
263
154
230
263
233
115
263
263
367
318
125
269
113
290
227
259
83
120
32
259
40
70
44
108
61
296
243
120
44
243
95
226
158
64
169
129
15
239
22
250
300
307
164
188
300
300
32
307
25
126
238
118
114
169
227
33
70
88
304
246
287
243
49
35
229
335
233
165
38
314
44
8
49
126
178
259
120
307
259
108
92
260
109
233
88
159
230
188
141
92
188
352
32
69
152
8
49
300
227
369
88
117
398
120
307
44
38
88
307
109
155
314
246
141
230
288
234
120
307
120
25
40
70
33
112
307
335
40
307
92
159
126
8
35
126
44
2
304
335
154
152
79
109
31
239
307
307
152
307
33
246
269
80
140
241
108
110
83
34
188
151
88
37
49
335
122
32
151
40
234
34
33
64
240
246
120
335
126
126
323
37
33
239
398
33
414
126
335
263
92
54
67
318
149
88
101
164
88
32
49
229
307
120
120
73
140
70
249
335
80
252
307
70
307
287
216
140
32
90
397
44
279
301
152
227
288
205
48
259
288
288
169
241
283
61
352
71
26
238
88
82
229
279
65
152
49
307
82
92
239
92
288
227
92
335
42
57
241
352
205
283
259
33
89
33
8
230
59
25
129
125
32
122
88
120
150
118
260
242
101
259
148
287
264
72
92
335
25
273
242
48
120
239
95
188
263
324
92
263
22
227
65
314
270
164
307
227
61
233
314
288
136
288
279
246
88
287
284
110
260
279
288
71
126
299
152
283
154
71
140
92
301
314
242
84
70
257
33
239
152
41
259
141
252
40
152
34
243
44
120
181
260
106
87
414
335
205
279
61
311
262
273
251
150
263
251
288
307
91
307
307
307
70
288
112
211
33
263
33
51
32
8
279
247
283
239
288
83
70
299
414
80
311
49
288
307
49
288
8
32
279
152
335
288
149
227
73
73
307
307
307
136
288
230
260
70
288
301
335
70
5
318
307
259
110
91
38
311
126
141
279
333
288
126
2
259
259
257
307
32
246
152
150
73
187
311
263
239
88
120
288
52
288
114
279
127
243
92
260
126
110
307
35
61
279
358
154
288
59
259
152
159
283
157
286
70
260
70
111
95
70
304
120
18
242
246
148
26
152
152
152
288
288
288
123
307
269
70
168
352
28
283
49
120
311
140
44
263
67
263
314
83
191
299
288
234
120
22
70
71
92
241
288
154
198
301
299
122
152
288
318
49
44
279
283
32
33
88
300
44
414
243
44
32
283
165
40
288
88
46
26
129
405
49
150
131
306
152
68
150
36
288
54
299
233
73
299
288
83
227
122
88
164
8
88
301
88
32
263
301
288
96
2
101
239
279
288
159
306
29
318
186
33
69
288
136
288
263
188
288
70
157
108
92
92
126
32
288
288
288
283
287
179
230
188
44
301
246
166
288
288
301
64
88
132
46
88
108
95
40
92
279
70
279
283
64
122
287
288
276
288
92
162
288
301
261
288
78
288
141
76
80
88
120
108
300
108
61
8
140
188
57
49
92
288
299
188
173
288
15
20
140
307
288
301
264
301
9
268
158
287
88
301
44
301
281
151
288
283
40
299
283
246
288
260
10
244
127
414
70
398
153
101
287
288
120
290
95
238
95
91
108
148
233
288
38
315
141
301
307
205
230
259
111
91
301
288
61
259
315
120
69
120
118
352
276
292
52
88
61
111
54
367
288
160
25
136
157
92
64
140
64
126
61
92
263
367
250
16
263
263
288
263
263
263
190
70
263
154
75
129
158
154
233
263
44
120
54
88
92
307
246
241
307
73
240
122
238
88
118
88
317
152
283
150
283
171
335
88
59
171
159
243
88
59
330
263
70
283
92
173
70
148
229
70
35
8
260
293
230
64
233
59
148
288
152
269
263
234
188
157
84
335
25
335
414
151
44
233
108
260
64
64
301
288
288
260
126
288
260
288
283
126
358
29
288
301
178
44
247
34
70
260
227
337
44
292
311
281
251
108
157
288
287
263
271
239
49
120
262
33
44
64
241
44
127
263
54
307
150
59
15
120
57
59
246
44
263
257
64
149
154
29
311
257
35
110
141
263
