62
80
108
300
38
300
300
131
234
158
80
116
113
31
300
234
293
131
49
67
230
55
38
151
293
148
239
148
150
70
257
118
173
70
226
148
111
70
259
49
259
120
186
244
188
259
200
160
41
35
233
151
41
40
151
108
307
139
238
111
308
73
233
70
125
295
188
150
38
318
234
22
35
246
101
109
68
159
230
246
70
133
159
31
259
106
151
37
108
40
111
167
111
238
83
141
148
246
31
230
265
109
120
109
158
259
32
49
230
26
113
116
150
259
111
90
12
23
104
49
111
115
42
159
240
151
37
246
210
259
150
35
257
34
29
151
273
16
49
259
154
234
76
230
239
155
152
267
160
111
76
398
35
230
2
304
109
246
297
230
140
239
187
71
152
152
123
71
39
115
104
155
32
234
38
244
22
259
71
234
70
238
71
271
33
239
31
116
234
31
35
82
152
259
71
159
152
40
37
41
49
27
108
71
111
253
152
40
40
70
324
4
42
257
152
151
157
22
111
115
24
49
243
387
111
307
3
151
22
35
22
65
26
22
42
40
371
150
152
239
111
405
65
293
49
49
324
246
318
307
238
71
22
95
49
304
159
159
31
104
239
95
335
22
239
111
234
22
114
239
155
271
92
111
162
115
146
152
141
40
141
139
120
72
246
26
389
152
152
234
111
40
162
106
111
26
259
123
23
32
161
230
230
40
148
161
230
31
22
239
373
152
284
40
307
318
71
111
152
253
40
40
22
336
120
239
116
120
113
44
40
14
307
271
141
22
234
284
307
257
40
333
173
49
230
71
273
152
161
257
111
31
11
22
336
273
120
159
155
70
92
22
391
234
362
273
40
71
369
153
300
234
31
318
12
92
115
95
95
40
92
67
234
318
118
31
259
120
215
111
40
40
234
40
44
132
155
239
40
95
284
49
25
307
307
152
309
2
70
40
152
188
312
106
173
23
230
105
161
230
40
32
70
89
39
167
70
160
259
160
31
26
234
197
238
131
71
80
71
155
40
2
141
198
22
275
310
70
70
230
234
32
139
55
43
304
108
40
91
253
230
120
292
40
115
92
139
32
31
95
273
9
155
44
152
161
114
35
152
70
189
72
290
8
243
49
4
109
151
240
234
111
71
40
108
35
44
230
300
142
140
255
140
141
40
259
275
31
70
151
70
70
70
35
141
34
45
336
120
116
31
336
106
40
33
72
152
150
120
161
32
131
139
389
71
160
70
70
141
67
40
141
71
137
151
111
153
35
92
12
71
73
32
70
320
270
336
284
314
22
40
9
26
34
105
253
49
92
70
155
102
241
32
49
71
246
92
234
70
8
239
335
49
152
92
188
304
40
70
257
65
22
140
160
302
290
105
302
240
71
160
111
26
136
141
108
243
264
151
318
95
111
239
134
238
71
324
95
108
307
293
152
35
64
45
304
159
69
34
230
123
40
40
152
95
290
131
111
92
16
71
152
239
44
389
26
131
35
39
105
9
23
159
308
133
9
151
141
74
49
120
167
273
161
71
92
111
95
49
44
9
22
69
239
159
92
6
70
35
70
24
321
159
82
160
67
141
398
230
70
26
161
314
187
257
31
92
275
226
151
299
131
28
111
238
16
244
140
71
34
142
8
151
234
108
151
389
70
45
102
67
290
92
131
307
299
41
108
34
64
139
92
308
275
335
262
140
2
335
131
238
333
335
45
230
138
230
131
131
140
294
240
92
105
70
140
108
139
335
129
108
154
151
95
154
132
246
290
34
259
259
111
29
72
143
158
264
92
328
111
141
390
251
71
115
240
328
108
157
78
92
299
40
91
195
71
338
92
290
141
111
148
188
300
161
245
167
108
39
84
49
115
276
151
157
65
70
259
367
246
363
116
