44
44
397
44
54
272
44
169
52
62
57
276
61
257
397
44
54
44
48
230
57
234
274
259
125
272
150
168
247
150
83
271
257
204
151
418
150
92
121
398
123
398
44
230
61
275
162
115
54
123
211
243
230
259
168
181
4
129
230
214
246
70
115
230
33
246
259
239
230
239
68
259
125
259
35
113
29
44
150
123
242
148
158
245
188
111
290
101
243
230
129
229
293
150
198
230
230
118
259
257
243
168
246
362
162
276
168
67
230
37
259
239
257
234
31
299
41
106
129
239
108
238
229
44
335
267
70
276
68
307
116
150
150
54
113
42
57
182
230
283
300
57
67
67
112
150
230
230
290
35
150
169
158
155
230
148
293
44
307
348
41
152
101
234
44
314
307
123
241
257
200
67
118
234
85
200
259
184
290
80
80
80
239
336
149
234
44
111
234
168
44
39
140
362
283
112
241
44
109
125
239
49
49
314
241
92
69
142
276
234
71
173
22
33
188
300
33
44
230
230
132
230
414
120
41
168
239
188
152
160
307
95
83
221
295
125
34
118
32
155
44
120
37
41
41
108
229
112
152
152
318
8
120
2
210
142
241
238
90
223
95
34
33
318
230
251
109
33
292
111
95
108
141
307
33
239
113
271
321
70
243
125
230
257
32
239
307
259
152
294
300
148
76
304
51
22
150
150
152
152
152
230
155
259
230
239
129
59
120
259
241
259
259
49
160
300
230
65
40
118
314
152
108
318
300
109
257
300
120
54
109
95
230
27
241
150
168
234
230
243
230
54
250
2
246
120
290
154
33
234
32
33
230
67
40
335
230
70
120
279
230
211
257
120
49
38
182
158
239
162
111
70
152
79
257
33
106
290
230
257
120
164
317
37
293
293
120
159
152
33
234
152
150
40
152
44
125
112
234
90
150
230
230
92
120
150
150
265
371
152
31
188
225
234
200
70
120
44
230
33
40
152
112
230
120
230
241
152
114
317
70
120
249
113
238
243
152
34
234
259
108
362
230
40
113
95
148
90
238
284
234
157
159
32
290
159
238
57
205
152
70
152
92
70
173
57
395
300
152
152
160
49
118
246
276
141
109
126
155
159
25
234
152
32
68
150
70
230
308
113
211
151
49
304
259
54
238
33
33
120
54
152
95
120
141
70
70
257
257
230
49
95
182
49
49
234
38
108
9
230
244
234
230
92
121
120
371
314
230
243
293
38
71
271
241
241
167
44
274
234
188
300
293
22
70
120
73
131
234
120
159
300
246
259
249
75
150
106
246
243
92
233
108
44
140
53
65
109
76
234
16
8
116
54
152
148
234
49
120
114
234
40
309
83
113
230
234
34
336
68
216
71
390
155
40
152
307
40
38
33
230
152
261
152
121
241
33
246
54
34
38
169
120
300
112
32
188
106
71
276
57
114
239
230
241
239
307
95
150
74
239
251
123
336
293
238
18
166
318
118
49
95
163
40
67
49
57
239
243
208
49
160
152
16
76
2
157
158
160
40
40
34
241
193
234
155
57
152
238
152
336
152
70
152
336
150
243
241
230
6
120
300
229
20
40
109
230
230
40
70
307
150
49
38
293
120
123
109
131
33
155
49
40
152
310
78
371
8
109
257
29
80
152
68
244
34
234
108
139
33
54
347
12
152
70
90
255
32
244
238
152
307
40
57
75
157
95
347
244
120
244
234
9
259
234
4
48
152
70
38
70
106
71
120
224
300
151
90
273
263
173
150
139
44
33
234
307
70
40
152
150
28
209
54
90
307
120
95
293
314
273
241
139
34
307
49
80
257
49
307
40
169
318
34
49
32
152
293
307
139
70
22
246
206
49
270
95
173
95
33
95
105
259
304
54
233
95
49
230
230
230
8
49
130
105
161
371
192
26
92
106
190
168
188
250
257
40
39
187
65
32
120
141
49
271
108
40
244
22
132
230
159
9
150
267
241
141
152
109
239
43
243
57
141
241
230
263
40
48
44
152
95
271
40
244
43
109
40
43
234
16
32
159
24
152
40
44
40
160
271
46
61
148
270
22
22
95
16
304
241
243
22
304
45
49
290
159
300
33
44
230
306
290
70
120
230
132
284
34
70
234
44
141
118
163
265
67
160
169
238
70
230
95
120
188
290
241
290
49
160
314
230
198
198
106
65
307
48
190
152
74
69
290
267
152
230
230
335
307
44
44
290
95
120
70
129
22
40
307
307
307
322
269
307
307
307
120
118
44
54
44
40
136
152
173
188
52
155
397
26
324
109
152
198
160
155
230
318
8
40
173
159
43
105
150
150
14
154
268
40
14
120
140
257
369
300
33
95
167
103
230
105
18
38
71
120
105
40
152
120
150
230
70
40
111
276
70
92
257
49
120
44
33
152
9
43
76
263
131
230
141
316
38
109
371
290
44
163
44
152
22
152
65
118
160
120
190
106
307
307
67
44
161
160
189
216
191
152
152
152
70
70
238
112
365
40
26
230
255
239
26
190
70
160
239
230
22
152
405
41
271
120
263
141
307
255
290
95
95
32
362
160
283
169
152
152
123
141
160
259
259
204
118
234
70
40
240
95
152
70
33
204
106
70
71
299
92
150
241
64
137
150
186
188
20
114
40
168
32
143
164
164
164
164
40
246
306
259
22
234
92
95
9
188
230
271
251
22
335
8
173
120
290
92
314
292
73
70
26
92
34
239
52
240
152
152
160
111
314
44
44
405
106
40
152
4
70
230
155
106
173
234
38
44
32
92
120
226
22
8
230
300
92
243
28
92
317
188
92
188
115
73
95
140
187
307
191
70
40
365
89
173
198
115
398
8
246
68
40
49
34
92
106
271
215
136
314
8
136
234
272
74
160
215
259
324
152
152
159
141
26
57
310
67
24
155
154
64
49
35
414
70
70
109
83
190
89
40
160
392
257
158
240
129
310
70
234
163
158
141
70
309
331
397
95
238
33
270
73
26
32
83
234
190
9
70
234
73
44
165
32
159
188
257
164
8
67
32
32
34
158
92
152
8
152
8
74
44
244
73
71
71
376
336
22
70
230
9
45
335
160
141
16
136
290
261
335
271
70
94
49
67
22
94
71
34
167
141
142
205
113
239
257
74
158
173
92
261
9
154
263
269
290
293
152
38
22
120
111
123
73
290
120
120
73
300
239
44
249
230
230
111
255
167
250
163
318
44
190
95
310
95
230
335
70
22
8
8
220
234
154
70
95
318
32
293
312
173
33
371
34
34
34
239
189
70
116
139
312
205
142
276
150
136
92
71
33
8
159
40
121
24
92
95
136
44
397
113
189
101
9
120
244
123
152
92
92
139
230
230
250
67
249
190
347
95
44
9
62
71
34
92
49
160
267
44
34
230
276
300
111
230
150
32
32
114
67
73
300
73
152
33
198
71
160
234
243
32
54
199
92
190
169
198
8
22
290
160
362
76
159
205
22
71
118
44
201
95
106
106
22
37
257
152
9
304
240
106
246
150
95
49
238
95
152
190
198
160
188
92
362
335
36
136
199
239
8
9
57
82
98
120
5
49
220
137
136
123
164
95
71
199
241
152
160
70
230
271
161
70
33
8
113
22
241
120
180
167
240
239
95
64
131
159
227
75
160
40
92
270
144
154
322
173
271
308
118
70
54
9
109
191
275
314
276
198
234
70
109
238
246
73
251
230
92
8
292
8
318
49
8
300
120
246
95
276
8
27
64
71
152
82
259
82
141
44
8
106
317
105
257
241
57
8
414
32
369
123
71
161
70
200
239
150
168
24
175
150
22
152
155
246
234
105
10
283
230
95
307
321
321
77
94
229
343
41
49
31
8
318
230
92
187
40
26
142
295
142
70
269
44
92
120
44
87
95
34
318
120
61
334
251
269
290
125
259
262
70
48
70
70
150
40
95
57
5
335
44
49
284
276
160
9
201
207
202
234
234
3
113
229
27
320
95
225
152
257
64
239
152
171
263
40
215
230
251
175
176
70
389
92
290
267
330
150
40
176
8
95
35
114
312
239
92
183
241
335
314
105
70
239
156
320
131
215
95
335
92
240
123
92
173
95
44
113
9
115
89
259
40
70
299
123
335
40
70
44
159
34
75
191
105
273
43
284
328
92
257
170
70
92
331
75
44
397
226
61
225
70
92
150
148
335
112
95
83
156
70
239
70
190
208
240
44
170
194
324
257
150
275
264
22
105
70
335
150
73
148
10
92
318
335
338
44
230
188
259
120
70
312
240
167
371
150
95
95
152
133
155
159
70
381
54
300
22
22
54
75
66
40
183
49
115
95
300
48
299
49
259
390
244
141
95
112
140
112
170
44
334
399
150
8
10
44
296
151
233
159
302
321
321
321
173
44
123
290
226
123
381
230
