250
44
44
48
44
57
44
44
44
44
61
98
44
398
68
44
44
57
44
54
44
398
276
167
44
54
62
44
54
54
44
44
251
54
398
120
120
57
44
272
44
324
62
48
48
181
54
276
251
57
44
251
44
251
251
249
251
44
54
33
54
398
44
62
398
44
398
44
44
44
272
62
251
299
48
44
44
48
120
276
54
44
398
48
120
48
44
57
307
398
54
398
44
120
167
44
54
233
44
44
44
150
227
57
398
398
54
243
120
44
234
88
44
234
54
54
120
54
44
48
54
44
48
251
44
48
113
243
44
48
48
48
243
44
248
250
109
48
292
259
44
259
398
120
54
108
48
64
250
250
250
48
48
48
246
109
276
276
61
44
261
167
265
259
259
44
251
247
44
64
259
109
44
62
267
54
259
116
109
64
121
44
70
64
267
54
108
44
44
244
62
263
167
113
241
276
115
184
64
239
170
171
163
241
42
259
276
44
44
44
239
151
115
59
166
48
251
48
276
48
33
247
44
113
276
246
276
120
163
44
250
257
169
25
42
62
233
44
59
230
230
129
241
120
64
33
33
61
307
230
167
62
61
108
39
398
42
54
265
64
398
253
115
115
31
41
21
230
44
44
97
64
239
113
151
33
250
59
259
166
259
120
114
120
238
259
41
239
142
48
120
113
33
120
111
108
111
42
76
167
62
61
54
251
239
148
239
205
229
259
44
259
241
112
239
35
247
239
251
48
44
234
109
167
246
276
101
59
229
259
259
101
164
54
120
246
257
51
44
59
115
259
239
151
48
276
151
64
276
276
112
113
150
229
398
259
314
57
230
230
151
190
109
144
239
398
44
109
44
48
297
276
116
259
125
90
257
70
120
68
116
109
233
259
312
234
240
253
151
230
293
230
182
25
16
246
111
259
113
398
178
44
44
167
41
259
48
70
44
300
44
239
64
259
49
67
126
141
398
148
239
52
48
259
398
48
259
125
148
167
167
44
35
31
246
314
238
238
259
229
230
247
239
259
44
65
125
115
41
35
28
259
259
28
115
113
33
49
259
109
44
44
142
398
260
1
29
64
141
141
145
142
311
48
158
44
118
54
23
31
167
247
142
243
115
68
6
44
54
113
47
111
243
59
66
239
98
64
283
57
250
41
317
44
150
243
59
253
111
48
44
276
54
21
108
141
304
167
70
230
259
74
239
246
263
44
310
41
41
259
398
61
250
44
26
54
149
54
129
44
64
59
116
239
269
230
44
239
113
398
240
64
80
44
109
120
64
230
230
307
299
240
10
234
42
54
259
220
44
298
49
68
234
62
120
271
64
259
34
59
57
64
44
230
21
276
8
141
169
151
239
259
141
49
151
44
253
120
398
398
121
8
118
246
132
44
294
44
121
8
398
112
230
244
244
151
120
141
307
307
234
68
152
148
118
151
127
112
243
120
159
250
292
41
116
398
120
23
250
35
230
230
67
234
44
115
125
398
307
44
162
307
44
239
44
398
43
151
70
56
34
152
398
120
31
18
225
44
253
49
234
239
246
230
44
113
253
230
259
274
259
44
259
238
259
233
243
114
109
261
251
259
108
240
92
230
298
10
166
153
113
173
151
252
59
109
150
239
76
259
234
33
158
230
230
120
113
233
152
151
250
148
129
35
64
109
259
10
8
90
141
230
44
109
259
111
249
44
244
307
14
10
153
152
166
46
120
245
109
241
8
318
240
294
318
148
120
108
45
244
8
41
78
238
230
115
48
253
240
230
239
259
64
239
398
148
273
239
44
141
72
259
154
109
33
154
239
49
25
181
64
253
162
48
109
250
239
33
259
90
125
125
259
241
259
234
259
148
8
230
230
151
28
74
41
8
49
245
251
108
259
259
234
300
63
24
108
234
234
22
163
229
17
230
113
225
141
234
118
25
141
230
307
233
44
16
67
8
120
115
61
44
10
257
44
49
253
115
141
121
335
241
241
240
336
21
120
307
33
125
267
238
240
151
307
120
68
264
259
4
4
116
307
259
240
238
241
307
44
44
307
304
10
275
44
31
271
44
276
230
153
37
24
49
49
49
49
113
6
259
67
8
8
8
8
240
90
152
230
116
132
31
125
114
240
113
246
48
115
239
259
151
109
238
240
230
230
259
259
398
398
259
234
239
49
49
35
141
239
409
259
72
159
44
307
259
157
115
257
295
111
152
57
35
29
115
169
159
151
253
238
151
120
247
49
8
308
153
259
2
293
230
8
109
352
307
68
398
29
25
239
37
66
44
309
120
151
33
70
57
269
2
58
116
64
241
62
54
259
155
57
259
162
48
74
148
247
49
259
304
304
129
8
257
42
234
8
291
259
300
300
151
127
148
38
8
69
247
259
49
239
336
115
70
204
253
43
233
67
49
246
49
259
259
70
157
49
115
44
240
300
120
32
358
247
36
2
240
31
44
284
8
259
251
232
141
25
44
113
72
22
259
148
151
141
141
26
33
115
120
115
62
250
48
44
148
158
259
259
300
67
259
101
49
240
184
10
300
34
141
253
259
240
290
4
273
239
167
132
98
38
115
31
229
159
8
155
188
16
240
44
302
68
155
49
246
73
49
259
70
43
316
304
43
34
65
33
115
240
259
114
259
314
49
44
141
148
240
117
263
242
259
294
150
68
38
141
259
141
158
12
69
300
230
324
259
115
37
35
125
238
57
38
121
120
259
239
302
8
259
259
259
259
113
141
115
31
44
230
114
2
155
92
65
115
238
26
239
154
308
116
294
64
4
307
49
109
109
247
70
112
243
2
95
188
259
259
151
151
398
38
111
162
112
239
70
44
67
259
56
115
43
259
32
307
259
70
273
34
49
19
49
311
115
239
129
66
10
230
307
131
151
109
311
318
293
34
253
8
216
304
304
141
238
69
293
98
49
293
115
307
22
246
44
113
148
259
34
304
111
34
134
301
300
20
6
239
292
70
239
10
238
259
128
246
73
9
234
246
257
250
239
64
49
234
150
259
307
8
33
150
307
239
92
90
49
49
70
163
246
154
246
41
204
49
31
70
93
48
70
111
173
28
111
5
148
115
101
244
106
169
32
141
8
152
8
173
247
306
239
49
38
398
67
246
233
307
70
293
158
49
230
39
32
307
246
111
73
308
240
336
70
113
70
113
115
230
64
67
41
227
33
113
292
148
333
4
27
109
150
293
244
230
238
105
239
120
247
290
92
55
247
109
131
26
2
246
158
248
68
239
259
240
211
153
230
31
108
335
70
244
118
98
33
71
240
230
259
106
28
67
233
246
230
259
259
157
79
230
163
259
151
142
307
76
371
29
267
32
98
122
259
4
255
115
94
64
108
154
263
259
240
307
145
32
307
44
148
34
38
108
28
249
336
238
148
259
240
151
240
373
71
26
247
61
259
159
47
187
230
105
109
109
259
160
33
240
190
4
4
318
315
175
106
4
155
326
111
162
214
335
2
8
33
255
141
160
240
160
4
43
259
68
171
247
49
115
31
307
115
95
148
90
76
45
45
78
259
49
317
259
90
211
160
43
131
159
192
208
198
198
116
153
211
189
355
9
234
167
159
190
259
109
2
73
5
70
125
49
49
61
61
141
109
234
61
255
148
230
259
259
108
208
70
230
44
239
32
229
34
78
259
101
117
31
61
151
101
2
333
362
173
238
181
49
307
259
335
116
259
48
320
307
115
115
398
43
65
40
73
259
41
152
155
259
25
38
312
324
78
67
293
335
49
49
155
49
115
240
108
54
299
33
71
32
34
49
239
57
120
61
70
111
240
234
115
167
230
83
4
92
33
33
120
308
111
129
56
42
78
57
148
109
49
49
300
92
26
398
49
16
16
230
173
230
243
64
201
240
140
148
49
298
240
38
259
111
230
49
151
70
230
4
28
41
276
279
160
292
71
92
148
233
246
151
239
311
68
76
167
5
307
307
159
159
22
397
211
111
310
115
158
116
310
306
57
146
200
259
59
34
255
200
101
27
67
239
64
259
132
109
259
141
109
62
310
323
48
49
259
259
155
70
120
230
46
34
152
259
140
22
62
284
115
259
240
35
234
111
240
230
31
304
230
251
311
162
259
109
108
240
153
141
259
159
51
57
239
230
44
287
148
132
22
240
34
55
8
234
4
294
120
188
111
166
115
308
55
16
239
105
116
240
249
257
211
239
160
290
40
109
234
44
120
259
239
148
148
33
150
304
257
297
109
273
8
318
16
2
10
65
151
157
109
284
259
35
261
316
22
152
44
259
116
90
234
233
240
259
155
160
234
334
116
148
49
304
8
70
157
49
155
246
33
307
44
49
153
33
120
259
25
150
151
152
389
10
148
240
247
69
246
150
22
230
307
154
9
240
10
95
47
57
259
111
109
151
5
98
61
311
240
259
129
38
129
108
24
152
259
76
259
234
152
40
159
311
311
311
109
352
22
312
152
234
152
63
234
307
65
22
34
105
259
73
76
141
225
8
44
10
239
33
271
298
316
233
244
2
95
259
76
44
259
115
120
151
155
307
247
398
70
148
73
8
9
230
230
92
200
259
352
115
294
92
49
234
121
129
48
116
24
2
2
243
116
259
5
152
120
109
294
300
115
259
152
240
240
198
34
22
71
234
106
36
230
246
239
70
49
152
311
311
318
120
259
251
8
41
234
4
4
76
293
230
33
111
61
259
49
270
116
111
49
255
8
244
259
125
51
33
129
153
95
112
2
293
259
292
234
74
33
398
5
92
115
148
311
38
71
108
152
121
35
152
234
175
234
216
405
190
73
16
40
70
230
246
70
300
240
46
230
116
68
22
405
234
152
315
44
259
108
284
44
152
157
240
116
72
27
44
291
64
243
307
343
311
2
259
239
259
18
230
171
8
95
240
22
2
111
246
152
33
211
9
22
204
66
108
398
2
259
173
159
44
230
34
234
159
259
108
152
190
33
151
70
76
49
239
298
111
233
259
34
38
116
348
300
307
116
152
182
44
105
34
92
4
121
157
259
255
159
78
112
154
115
73
16
259
311
3
70
246
129
307
294
290
70
238
230
259
49
259
84
158
70
49
230
2
311
311
389
311
79
92
125
240
151
304
230
115
33
307
151
259
173
108
95
243
95
141
333
234
152
65
36
92
27
234
294
230
114
109
116
76
71
4
234
234
307
44
250
294
318
34
78
265
44
4
8
234
101
38
54
243
250
154
259
38
49
173
92
141
304
206
284
31
307
259
159
239
259
27
74
246
33
150
320
21
304
259
318
9
318
247
20
70
42
33
239
239
152
92
173
8
34
239
113
304
230
152
259
8
38
28
304
12
155
234
120
101
95
259
105
259
65
39
49
191
109
216
188
48
250
335
243
70
57
240
22
259
49
141
34
64
98
210
131
158
230
108
240
151
34
40
48
73
158
34
157
336
70
239
290
5
151
88
297
26
43
8
263
242
76
95
238
201
117
51
48
109
159
294
230
239
225
188
246
267
239
229
150
40
335
263
240
240
161
190
299
240
65
111
65
125
38
230
270
211
113
246
259
49
106
71
51
190
70
70
34
70
178
70
105
239
238
246
234
64
190
240
34
115
16
92
336
239
92
230
70
318
324
16
240
318
105
62
43
261
238
303
94
148
233
159
154
239
234
152
173
27
44
151
95
34
158
148
34
95
152
318
65
65
157
41
78
115
111
163
42
32
250
9
40
108
299
5
92
259
155
111
115
153
41
240
336
259
35
67
49
120
109
240
22
125
120
240
70
336
236
4
65
318
44
304
240
240
70
65
90
38
259
336
287
335
201
160
92
234
307
70
310
70
311
334
238
226
120
244
159
293
273
160
40
28
76
8
43
8
62
259
311
106
183
239
167
123
187
49
273
92
148
70
40
234
69
111
259
315
300
255
115
300
152
141
73
259
67
22
70
238
204
125
49
246
111
48
259
73
49
240
111
155
70
40
70
230
13
318
189
259
162
230
284
239
263
240
112
310
152
152
151
9
73
108
70
67
318
253
44
155
290
111
9
51
239
70
334
312
243
161
44
76
311
141
271
259
335
95
90
318
120
55
37
264
55
34
311
320
270
111
49
246
68
49
49
311
161
109
70
270
229
34
73
300
307
240
32
230
113
306
26
115
263
295
43
240
335
152
250
161
70
234
72
71
22
22
14
311
4
8
4
311
151
120
105
259
55
213
240
151
72
234
152
120
269
334
230
318
90
304
40
284
62
54
294
22
230
239
70
2
10
104
141
141
342
106
141
239
151
152
320
209
259
291
4
341
68
309
69
241
120
48
16
43
264
131
152
141
267
141
70
259
189
141
49
315
141
311
154
315
10
20
10
16
247
2
51
336
211
108
261
76
70
70
212
398
71
190
311
316
307
159
35
22
229
49
34
95
158
115
109
311
70
71
131
230
198
311
239
33
120
120
250
32
16
49
293
152
293
22
260
152
234
120
49
6
105
44
34
16
44
318
41
371
304
70
49
95
152
44
111
371
71
22
43
95
233
70
234
70
145
71
38
108
311
307
151
141
160
104
73
230
239
44
311
152
333
157
240
273
9
73
160
141
246
154
78
131
139
155
62
25
40
300
238
234
22
22
157
318
40
141
113
71
67
259
44
49
166
44
190
38
78
40
22
49
238
95
243
70
238
234
4
26
292
40
403
92
40
92
257
70
70
244
205
49
57
33
113
234
112
304
240
239
246
111
70
190
10
22
10
8
68
234
240
125
2
347
158
34
49
16
18
74
223
44
259
101
92
92
41
92
95
152
259
371
158
155
8
230
70
318
152
92
22
59
141
336
311
311
161
20
22
22
271
298
148
230
44
290
204
259
67
35
49
335
240
276
43
239
123
54
70
159
73
230
259
263
141
92
148
230
309
307
259
43
347
240
67
76
261
271
247
115
318
28
48
389
106
120
67
233
111
70
90
40
22
152
240
230
311
318
24
105
336
152
259
120
259
52
324
323
311
161
106
85
151
244
34
54
152
390
157
239
311
320
22
320
257
10
263
233
106
141
141
116
311
8
133
240
26
43
53
117
311
155
152
120
250
140
307
10
14
34
141
299
239
239
306
90
73
70
73
259
50
67
142
398
57
173
84
159
307
24
336
95
255
320
120
240
70
57
101
249
311
311
307
41
259
311
40
259
95
311
72
92
22
304
243
263
198
173
63
183
159
336
8
70
4
251
243
120
311
152
201
44
70
188
239
234
111
151
260
120
102
239
33
148
293
293
151
292
246
308
308
308
92
160
309
35
259
259
311
233
336
162
84
73
245
153
240
71
259
336
318
22
32
318
298
311
259
315
40
109
152
34
72
8
238
161
43
306
120
311
84
234
70
318
22
273
234
234
26
230
18
71
311
311
259
397
90
111
76
290
44
152
308
34
173
34
73
132
190
132
233
318
22
152
6
230
290
263
318
201
92
1
117
304
71
28
259
152
104
33
71
141
154
41
8
335
299
92
33
234
22
12
160
263
16
253
240
113
237
121
42
161
205
70
216
259
311
311
311
311
311
311
311
311
311
311
311
311
311
311
311
311
109
22
40
133
167
296
150
307
154
208
32
43
240
307
49
70
318
10
84
109
70
70
157
405
315
34
290
292
152
44
307
129
152
32
151
290
33
263
250
159
151
275
2
261
44
116
40
236
148
92
300
304
120
246
167
48
234
230
120
158
125
70
320
152
19
120
152
134
211
335
200
26
100
40
259
239
240
35
234
34
70
173
71
5
230
283
34
111
9
205
204
8
48
150
159
188
70
35
160
158
173
296
398
129
257
146
307
44
71
26
157
34
16
132
304
250
304
40
230
239
115
112
152
33
299
307
44
335
336
95
152
140
76
246
45
92
257
5
151
73
307
120
307
141
22
239
234
309
373
307
68
9
309
307
307
299
306
189
188
84
43
259
40
398
315
70
26
336
120
22
120
320
92
311
151
188
234
140
238
40
70
311
173
142
101
120
87
160
67
76
250
22
335
70
230
26
310
31
279
29
229
335
247
230
70
166
284
238
281
144
279
311
22
270
198
18
115
16
240
240
152
275
140
304
141
306
8
335
120
10
318
221
141
49
389
143
8
233
65
76
59
208
84
67
240
240
8
336
160
22
233
32
311
160
284
68
71
307
315
9
315
320
157
193
70
311
70
199
293
311
234
72
10
205
109
112
61
263
33
364
115
311
70
229
287
115
2
134
70
263
46
239
122
70
240
390
234
26
92
284
41
290
311
111
68
92
106
294
70
264
26
120
324
26
39
40
14
311
40
61
68
40
389
25
141
240
71
78
304
253
270
40
95
259
9
240
336
154
14
71
115
199
37
307
70
323
205
239
405
151
140
160
8
92
40
34
320
311
315
154
31
323
205
283
336
34
310
296
32
63
65
336
152
296
26
68
140
61
84
270
113
89
71
161
230
22
111
259
98
84
109
240
308
275
246
34
31
293
308
43
43
49
14
294
29
141
389
92
154
314
71
70
71
314
70
312
142
26
160
71
71
2
160
40
322
246
162
70
70
189
299
301
259
309
45
26
240
31
241
120
290
70
183
271
239
230
92
324
92
144
115
304
22
151
100
270
240
70
8
244
115
261
260
113
240
49
240
234
234
314
42
32
263
398
259
390
78
161
70
38
311
311
304
188
155
307
70
230
263
259
230
32
140
274
211
14
34
131
240
240
136
9
92
40
141
120
137
318
414
143
230
240
26
106
40
120
40
40
290
290
271
293
324
141
131
311
398
315
65
335
244
120
121
70
230
152
259
160
311
92
141
108
14
229
71
244
243
279
259
159
311
315
141
26
234
336
67
318
284
308
70
200
248
148
157
12
92
190
293
288
16
67
255
304
243
48
44
285
190
16
173
44
71
304
263
45
34
95
131
67
35
141
84
84
311
84
84
95
115
40
160
243
73
190
316
234
159
233
44
108
9
71
5
92
205
73
310
70
8
26
239
293
161
161
70
151
276
249
290
259
40
240
383
113
263
288
182
263
263
263
263
12
108
78
120
239
251
84
44
121
315
2
49
84
26
40
173
141
250
259
43
95
198
131
120
414
314
57
44
140
76
347
52
151
292
247
230
73
95
140
70
31
259
70
57
8
152
152
67
234
54
69
108
105
234
115
288
78
288
263
108
263
299
70
31
288
269
308
34
304
259
297
398
233
238
317
290
190
33
120
269
303
320
113
259
95
240
239
288
70
14
70
22
70
70
67
92
335
248
2
288
271
47
315
70
70
9
84
71
111
151
239
94
92
73
140
158
160
16
36
158
26
70
44
75
240
240
240
152
70
70
230
65
133
167
140
288
287
76
292
290
78
136
34
70
230
95
106
243
259
26
263
10
88
40
237
74
40
73
34
92
151
189
22
22
294
8
279
72
405
288
70
65
64
312
173
240
259
141
270
113
36
290
284
295
293
71
182
141
151
335
49
307
398
4
76
260
64
34
70
71
70
215
33
136
240
136
190
67
26
234
240
151
161
71
121
298
70
8
22
198
184
279
46
136
173
238
111
273
70
142
136
51
239
241
288
158
312
151
95
288
92
94
40
299
67
8
244
152
208
73
158
70
152
9
105
371
320
273
40
356
315
284
8
160
311
255
154
234
37
269
45
111
43
163
42
38
159
314
234
291
82
44
259
109
312
257
364
150
240
260
141
70
2
22
189
288
92
40
2
320
187
40
259
315
131
275
154
113
72
161
234
311
44
239
279
65
292
88
22
247
44
35
315
288
121
142
10
264
44
71
10
101
300
106
300
306
70
112
233
70
70
314
5
46
398
39
279
335
72
57
240
71
261
45
288
243
73
67
10
214
34
140
230
22
311
70
120
290
233
240
70
4
240
49
154
259
151
186
95
110
271
95
25
240
140
44
261
284
310
244
95
141
9
70
310
152
70
70
354
127
83
83
5
18
70
158
92
133
159
71
160
166
288
288
92
52
240
33
92
189
34
318
398
46
11
22
240
248
144
144
234
259
71
240
233
290
72
92
105
214
132
70
315
120
234
158
34
304
405
26
299
70
244
134
288
320
70
22
82
292
255
150
80
259
80
141
299
181
290
250
44
70
216
84
157
98
246
283
288
320
50
270
120
308
257
57
88
188
59
95
151
260
120
35
112
304
246
108
22
263
71
239
40
75
43
55
63
115
243
269
362
240
414
70
240
111
141
161
180
46
240
230
43
318
159
240
414
82
157
9
259
240
240
2
34
229
70
259
240
14
41
8
273
43
43
240
290
68
157
255
259
82
239
295
268
311
314
64
141
255
73
131
288
67
5
92
141
288
288
151
160
120
70
59
64
5
240
188
316
160
32
82
248
153
138
240
244
244
157
20
114
72
92
290
8
27
84
259
201
154
5
70
230
157
207
71
269
403
144
144
41
44
239
70
67
70
259
150
283
32
175
131
33
324
46
334
84
105
153
108
64
44
251
288
95
45
45
311
234
44
259
160
73
9
34
229
35
92
120
10
22
239
72
148
92
189
84
73
70
208
26
283
10
150
273
71
306
108
154
290
120
398
102
4
92
143
248
320
333
247
63
240
230
240
98
244
308
125
233
157
65
92
67
41
41
318
151
71
73
76
120
73
40
312
292
311
243
315
288
240
120
120
44
238
290
316
240
229
158
150
157
108
233
283
288
92
70
49
94
70
44
70
306
44
44
71
294
88
70
217
288
123
279
250
20
211
240
49
61
198
31
244
315
199
38
1
259
9
240
259
49
9
70
44
154
198
315
398
259
75
336
95
397
26
158
322
299
315
315
315
131
120
318
290
338
208
288
32
121
270
150
40
312
201
320
70
240
39
161
120
284
201
288
41
314
84
72
71
224
74
29
8
28
28
59
257
154
263
269
70
198
315
290
105
255
35
316
310
34
57
335
40
293
46
240
44
263
310
259
142
146
54
140
95
54
92
111
70
142
216
8
257
240
160
84
92
160
70
315
154
318
44
70
22
123
72
255
40
284
244
120
335
131
157
112
248
240
240
260
41
205
70
240
240
92
27
54
290
154
141
26
318
76
140
8
244
189
84
279
154
106
49
253
73
321
321
165
44
120
66
26
124
52
321
321
321
279
240
158
151
248
240
157
73
67
26
120
67
153
22
261
187
315
9
259
240
398
288
143
59
26
68
133
76
82
95
301
36
26
84
213
120
157
9
9
95
92
157
315
121
46
44
244
95
307
95
315
335
70
9
9
294
240
92
102
240
25
159
210
34
95
303
49
240
323
70
78
33
72
49
117
288
95
54
171
64
71
70
22
22
22
70
140
34
240
243
76
315
315
4
121
290
44
410
157
160
230
377
92
284
371
293
25
92
336
61
151
26
315
318
250
336
92
315
172
61
44
239
112
161
92
159
70
18
125
159
67
246
120
259
40
40
117
398
70
239
44
240
44
70
114
141
276
244
225
318
290
290
35
158
162
69
240
68
120
259
320
64
189
248
233
318
292
363
70
72
290
263
40
72
92
34
292
108
70
259
105
142
244
230
207
241
44
44
263
36
168
240
161
77
259
145
154
198
44
247
257
73
167
244
72
157
143
105
49
230
188
228
59
398
92
160
151
92
151
160
263
9
312
104
239
259
304
92
152
140
70
157
336
154
239
294
26
105
171
108
141
70
198
197
204
279
307
284
16
229
16
154
240
279
59
310
335
240
157
70
151
255
108
369
240
240
239
336
188
33
288
161
271
246
106
230
198
64
22
84
334
44
173
290
284
240
95
105
315
335
259
233
129
160
120
131
233
141
244
322
84
141
84
414
70
34
240
137
84
70
160
44
160
92
199
70
78
8
68
238
208
398
240
67
143
240
120
240
95
44
247
72
172
391
59
205
240
240
22
71
336
335
279
301
70
244
44
259
240
145
62
200
14
315
240
234
140
70
43
10
259
8
246
154
398
95
160
70
112
131
328
105
101
104
317
95
238
240
335
129
50
293
157
189
141
276
269
98
92
248
240
318
115
36
95
335
74
336
230
335
44
301
336
151
240
46
314
84
259
255
158
249
8
117
255
259
160
44
257
92
120
52
308
234
239
44
44
336
51
120
73
141
150
315
40
315
88
46
188
189
40
299
315
279
158
315
304
72
331
259
244
250
398
315
34
151
37
120
315
92
315
287
160
238
151
261
335
114
331
66
239
335
248
115
238
240
142
243
142
44
92
293
141
120
157
129
63
304
59
70
230
259
233
335
299
37
67
19
92
95
70
307
70
109
240
189
96
84
44
35
260
74
70
184
205
336
14
160
22
259
240
290
315
315
250
239
235
40
78
290
70
145
38
151
160
290
9
13
28
398
120
148
405
10
315
160
160
148
327
141
240
259
259
337
234
230
152
35
301
70
325
141
22
175
243
116
143
143
157
40
175
70
264
259
141
325
39
44
95
72
211
414
279
335
92
263
338
150
246
328
332
109
300
154
318
105
287
140
301
257
287
44
44
216
59
270
304
57
240
255
10
230
150
288
92
63
10
331
154
398
52
259
70
325
302
292
304
247
240
240
34
330
70
290
120
327
263
301
65
92
296
92
290
273
240
261
234
315
290
170
101
45
95
328
1
72
160
259
284
190
240
92
26
328
248
16
70
120
259
326
154
95
140
8
30
290
325
285
34
317
46
261
44
140
330
120
35
34
161
151
276
236
92
9
335
1
127
51
306
123
239
72
154
154
59
13
67
64
143
16
292
35
140
92
234
240
356
35
118
47
34
73
116
240
317
76
140
78
56
398
338
150
95
234
33
257
92
1
10
127
243
210
240
318
57
312
136
2
230
95
68
8
248
255
300
230
64
70
115
161
113
272
239
95
78
245
55
70
208
61
318
70
70
158
290
25
236
141
140
151
44
76
70
151
59
259
259
131
57
94
118
95
358
44
354
10
22
304
154
259
299
10
108
72
315
84
44
47
115
284
1
161
148
70
239
64
141
84
8
44
255
198
44
29
150
335
301
148
259
233
9
84
414
70
70
136
240
54
35
34
233
157
160
84
168
9
70
131
42
157
259
335
240
315
240
43
159
188
335
141
160
335
108
160
70
52
35
141
34
157
115
61
378
95
336
151
398
336
150
44
104
33
101
270
70
251
78
77
364
347
72
141
150
240
161
31
44
71
34
70
5
54
44
178
240
49
240
257
43
335
290
307
8
160
210
91
303
240
240
240
240
240
22
292
240
335
157
290
70
120
335
240
15
240
2
75
335
64
72
162
261
54
335
48
71
359
240
120
68
90
141
243
238
162
251
70
109
132
117
295
233
63
240
33
317
259
247
154
92
141
148
169
88
70
10
315
66
108
140
9
34
188
151
84
1
69
163
295
120
238
244
240
247
292
61
114
240
290
259
44
64
246
335
383
70
46
239
239
234
5
290
120
234
335
68
294
290
34
233
116
230
244
261
91
381
240
70
120
234
113
398
151
198
198
48
290
121
240
240
72
300
34
61
94
150
398
120
233
159
148
150
113
120
84
230
114
164
178
44
284
64
120
162
140
