251
62
250
250
120
42
29
252
64
276
44
241
250
251
276
44
57
52
61
61
250
251
251
44
68
57
61
54
251
44
44
61
251
44
150
261
269
57
241
397
48
57
44
48
61
61
48
269
61
44
44
48
248
46
251
44
44
120
251
57
57
150
251
44
269
48
48
44
276
250
44
44
44
239
48
153
230
44
33
44
62
129
61
44
44
250
48
269
54
44
259
259
259
259
48
44
250
54
54
230
166
48
61
230
48
230
44
120
227
227
115
243
54
178
54
44
120
64
292
394
311
8
230
70
59
54
246
120
50
41
61
113
230
108
44
54
246
230
239
227
239
259
259
54
106
129
120
101
307
57
44
237
44
239
120
109
62
44
44
54
259
182
109
259
168
150
150
276
269
276
269
118
54
44
44
28
307
157
168
70
150
259
109
61
127
123
101
33
333
57
44
70
230
311
230
234
123
17
115
113
123
44
269
158
150
44
252
246
67
241
239
41
79
109
306
233
54
229
120
120
246
238
49
230
64
108
44
33
398
64
112
314
239
259
243
307
38
120
108
111
38
118
120
239
71
283
317
259
64
49
49
159
166
246
216
230
307
271
120
125
70
49
41
125
108
159
230
35
239
246
230
35
120
34
257
246
33
335
234
159
230
307
259
70
246
169
298
37
289
226
32
150
239
230
150
70
120
290
64
129
120
136
113
259
38
234
245
300
48
150
70
298
39
230
40
239
116
259
109
290
115
230
70
31
129
57
70
230
115
120
243
238
120
109
230
112
259
148
44
150
113
44
336
257
234
234
72
29
70
300
246
116
307
234
41
300
44
314
33
244
33
200
230
159
71
69
225
284
234
239
120
230
120
290
120
95
95
159
114
62
150
238
234
34
159
70
139
83
25
120
318
70
120
241
112
247
120
120
71
152
120
2
234
152
362
246
120
233
113
120
71
57
120
263
148
243
166
95
65
259
152
230
112
70
49
129
49
243
152
248
44
109
307
311
40
116
1
365
230
111
16
67
230
230
112
241
247
120
113
182
247
205
132
115
246
335
152
121
151
44
61
226
158
246
49
159
246
113
120
318
284
44
68
245
72
44
239
259
123
270
311
252
108
32
163
123
120
44
39
239
159
276
109
109
241
229
118
70
151
49
9
324
153
123
123
123
123
123
254
255
58
239
246
307
65
234
44
152
230
32
120
257
34
324
33
243
68
117
150
26
68
113
14
234
44
257
230
239
159
70
125
154
76
239
44
44
71
397
296
234
255
181
255
262
111
105
230
70
173
290
158
230
230
114
70
324
151
32
151
131
71
270
241
243
307
173
300
137
335
333
20
90
35
92
49
307
61
95
150
238
238
300
141
150
252
33
125
68
335
307
120
33
113
318
112
44
230
257
72
49
271
239
230
259
33
95
257
170
8
318
108
109
307
43
27
259
246
230
230
234
230
243
230
244
234
259
113
44
307
250
269
71
311
311
200
200
257
141
335
241
120
92
111
259
22
34
32
176
150
41
154
247
238
159
150
239
152
239
259
16
43
314
35
109
272
152
311
311
127
152
300
239
113
148
70
49
259
57
184
251
230
121
49
161
154
307
188
120
120
90
189
70
113
40
239
151
230
173
49
244
64
57
270
33
2
8
304
158
70
295
304
304
143
139
300
120
238
32
32
311
311
311
311
236
159
259
259
230
290
257
44
311
70
70
54
336
241
108
120
70
120
188
120
162
311
173
33
44
33
307
307
259
259
71
311
8
317
304
291
238
26
233
239
140
284
97
95
140
259
141
87
292
188
311
70
141
106
49
210
76
28
307
92
83
120
108
22
29
41
246
300
70
123
108
120
70
216
71
70
230
173
111
230
5
259
112
83
120
70
70
32
115
243
234
230
230
141
183
234
92
159
74
61
230
162
34
233
230
267
234
150
113
150
307
239
22
307
70
87
120
38
141
151
94
113
113
38
115
307
70
123
33
32
307
44
157
188
115
159
246
230
163
315
271
336
336
108
233
259
189
54
246
109
28
110
311
311
311
311
111
311
311
311
311
44
67
60
152
284
40
310
336
120
234
37
50
37
243
95
148
253
300
40
120
229
68
70
92
70
44
116
234
70
158
241
226
230
230
8
152
307
234
234
234
234
259
16
44
307
158
308
33
4
152
238
307
304
304
188
2
8
68
62
154
249
95
148
39
32
72
234
49
312
67
336
160
16
239
70
41
269
70
154
120
160
70
182
49
70
273
111
230
293
83
118
300
268
34
239
238
257
159
168
263
307
43
95
241
131
308
167
106
109
125
291
335
238
335
292
70
71
163
150
234
120
239
67
249
70
246
239
371
225
304
181
246
181
155
70
92
140
252
243
307
188
115
49
173
155
33
243
241
34
183
150
230
38
111
115
120
263
120
44
92
169
141
300
5
230
65
318
158
92
239
32
306
259
92
109
243
155
70
70
71
33
29
70
146
230
8
70
259
123
246
243
150
160
152
70
87
152
8
239
238
108
49
271
243
271
188
259
8
150
188
78
74
45
24
141
243
141
183
8
270
158
108
243
273
112
104
26
38
230
300
259
238
152
307
142
70
139
65
154
108
355
67
44
92
307
33
167
259
33
259
70
123
70
155
269
160
230
34
92
142
142
92
33
47
71
284
105
150
263
25
152
157
307
45
230
101
324
311
95
113
238
120
112
251
111
298
307
230
318
152
300
111
244
120
57
95
109
259
95
101
95
44
44
26
152
157
70
111
160
239
123
69
300
230
111
29
324
243
405
155
72
307
312
112
44
336
32
40
152
257
90
92
159
259
67
116
33
112
259
71
239
269
152
405
271
120
242
8
234
150
230
70
8
37
257
158
371
304
243
304
230
150
33
296
64
64
259
120
238
230
239
33
120
161
234
71
49
120
190
188
149
34
67
2
32
318
152
120
163
168
307
92
294
371
259
31
123
95
294
230
250
54
255
234
101
335
101
41
4
300
239
234
25
149
230
183
159
230
230
234
2
120
70
150
155
230
230
70
230
246
161
241
159
49
215
49
307
300
32
307
61
140
71
8
71
300
8
76
239
38
40
140
8
8
118
120
336
151
239
238
246
259
95
95
112
318
261
120
31
300
108
44
257
29
362
229
152
155
230
38
4
18
8
6
239
152
70
230
67
150
2
33
129
49
120
243
284
71
239
76
249
40
304
246
243
44
34
32
160
244
150
95
25
246
246
123
333
38
40
232
159
22
33
257
120
72
8
239
31
294
95
120
44
243
230
48
168
49
230
167
125
148
71
159
173
155
318
335
141
70
259
32
64
111
115
257
184
70
158
84
70
243
373
233
335
159
234
152
120
158
259
113
120
29
263
150
92
34
22
166
9
173
25
230
211
157
304
118
36
152
111
257
150
234
304
70
230
230
293
263
150
71
35
141
95
150
152
335
33
241
33
152
71
158
22
245
239
300
38
188
78
14
125
152
304
106
241
129
106
184
150
73
10
49
336
307
335
335
8
118
230
120
92
92
25
243
5
324
234
152
120
336
34
151
26
257
181
335
211
22
6
239
95
150
73
233
83
284
234
33
230
373
259
335
33
44
48
105
67
109
22
120
34
32
34
40
233
371
73
38
78
160
244
152
263
67
246
68
33
92
151
251
67
95
43
270
304
67
92
95
49
246
120
335
37
284
159
155
67
115
6
230
49
120
284
123
157
155
167
369
49
71
304
307
238
234
230
33
141
336
259
160
230
22
355
230
32
307
8
241
243
32
120
152
22
271
22
8
150
152
9
234
152
39
103
71
304
40
148
68
70
151
248
169
335
151
259
307
141
238
154
70
40
67
323
74
78
61
152
234
234
227
230
210
152
243
241
29
120
42
328
36
26
71
239
63
167
154
246
230
153
243
33
61
259
158
5
95
113
141
106
239
131
234
290
38
115
154
123
284
14
243
259
95
35
49
307
239
22
34
120
405
284
246
300
335
44
113
89
312
160
247
314
234
233
40
32
22
263
115
22
120
14
261
230
2
83
95
120
43
155
158
312
230
118
129
259
70
70
55
111
257
239
336
4
49
32
234
70
311
152
152
234
161
71
152
150
70
70
152
34
10
2
10
307
259
259
298
152
288
300
233
70
152
40
150
246
362
106
37
69
163
61
336
6
35
49
230
95
320
270
152
259
109
95
234
4
230
70
88
2
55
10
234
323
243
40
230
250
114
65
42
25
323
140
300
234
236
302
335
32
113
311
32
25
120
71
106
233
152
44
61
150
306
72
244
230
120
25
257
120
22
336
230
335
9
49
95
76
251
70
108
92
161
148
152
307
334
173
34
32
173
40
249
318
335
335
5
257
230
123
257
123
211
92
241
151
95
320
114
139
152
74
234
314
318
257
200
152
336
230
70
335
239
243
111
326
64
141
209
92
335
10
293
49
263
131
230
2
152
230
230
201
24
106
263
40
71
299
123
250
251
114
120
298
271
69
16
234
200
257
152
73
77
34
10
8
157
95
159
312
307
318
92
307
155
291
257
123
259
78
22
290
233
166
178
152
294
158
169
108
234
70
152
38
89
40
40
120
40
249
70
188
162
239
134
288
96
230
307
307
120
150
159
259
239
154
123
118
61
44
152
92
114
308
6
300
160
38
304
333
155
65
64
25
92
40
290
90
40
154
152
257
34
284
95
113
239
261
22
101
269
8
40
111
160
141
234
123
284
8
324
239
246
40
198
113
159
161
70
259
311
73
335
190
92
150
234
80
241
121
70
318
310
34
8
70
239
44
120
40
70
188
22
40
55
92
41
92
154
95
269
112
251
148
9
22
152
92
236
230
261
92
271
318
284
296
115
304
269
307
40
70
20
34
304
230
162
141
10
39
92
14
8
51
152
33
8
67
25
241
292
64
129
336
335
304
123
139
120
288
336
304
150
154
70
160
26
148
92
173
22
244
160
152
307
239
34
230
14
36
70
284
65
92
40
160
105
230
152
32
34
118
95
70
244
307
120
112
157
116
40
34
243
241
155
304
70
152
234
291
152
158
8
8
292
69
111
2
5
257
238
234
257
71
239
173
397
40
106
35
70
6
33
234
34
284
200
142
152
230
322
105
190
215
304
18
95
230
92
205
306
40
335
132
92
111
32
10
10
22
49
32
44
294
16
29
336
290
150
123
335
151
2
85
188
211
34
318
65
26
230
246
18
152
152
288
158
307
115
233
246
271
9
92
324
37
251
307
108
14
92
251
21
120
230
108
9
255
70
239
33
155
335
44
143
157
152
336
300
148
92
22
150
105
54
1
120
44
49
62
162
158
290
275
150
152
49
348
24
22
120
271
154
246
324
33
48
251
250
123
335
92
307
230
120
18
230
70
315
2
159
71
238
131
144
118
123
70
112
92
71
241
123
71
307
34
141
70
94
152
160
246
276
26
152
152
141
22
288
159
82
263
120
26
230
92
288
95
188
335
200
105
188
34
405
167
26
335
300
244
64
151
49
335
152
32
49
120
307
308
140
40
120
95
11
234
141
270
323
8
33
112
8
141
225
121
152
152
148
290
55
269
198
71
152
2
34
149
112
150
40
233
230
296
233
300
49
288
90
335
259
241
230
141
323
183
4
111
8
307
5
230
49
70
173
90
161
92
263
71
301
152
290
34
239
158
307
26
71
307
127
161
120
230
92
307
111
183
170
141
111
244
335
49
49
72
70
159
161
241
198
2
121
216
230
234
287
112
155
140
348
173
152
40
333
301
120
52
155
92
26
293
92
184
10
211
2
14
42
155
314
92
123
234
33
44
290
5
92
49
49
95
120
40
318
155
299
40
238
241
61
106
70
209
5
106
70
249
307
141
67
287
317
70
70
70
335
22
92
127
190
73
70
292
2
152
70
70
157
215
188
241
238
159
70
92
70
234
111
70
244
70
36
188
34
16
150
34
152
176
70
263
251
44
120
150
10
22
69
312
92
284
70
152
89
75
71
92
335
150
74
166
238
62
61
95
113
141
10
234
150
307
300
290
18
261
152
33
239
150
307
335
279
152
61
44
95
95
132
123
40
95
234
22
76
26
18
92
16
152
120
141
140
28
39
32
320
152
40
70
151
250
160
229
110
150
22
32
173
239
230
270
324
311
111
323
20
40
71
131
70
92
173
318
92
26
70
101
32
255
37
152
335
162
216
75
257
241
73
70
32
230
31
318
76
61
275
336
283
300
108
71
109
324
173
311
71
161
120
49
154
255
270
189
70
230
150
141
95
67
70
290
318
290
22
36
257
284
90
59
239
108
61
8
230
158
120
22
246
230
257
257
168
10
152
152
26
140
140
76
244
38
71
95
221
140
44
8
64
95
310
95
78
239
233
263
44
74
61
244
230
84
162
78
105
152
40
347
230
259
188
67
142
251
137
118
40
198
44
78
22
142
336
163
67
44
26
173
233
95
255
106
2
309
190
336
259
234
40
152
229
188
40
70
22
90
71
45
304
40
141
4
44
178
61
160
294
151
288
152
198
70
234
300
83
159
16
241
131
118
167
67
259
163
70
150
198
121
71
159
40
230
70
284
151
182
70
151
248
132
271
290
261
115
239
57
307
120
71
109
38
131
26
131
284
45
90
136
290
10
121
41
2
143
152
290
10
269
120
247
64
40
39
294
40
131
263
164
300
120
167
244
95
152
131
307
244
4
336
101
157
40
44
5
70
40
83
307
296
152
155
152
226
120
307
90
73
307
70
92
307
206
309
307
234
307
307
307
307
73
307
161
307
307
309
307
246
71
92
249
261
307
307
70
9
152
161
159
70
151
67
111
40
34
40
307
230
314
70
188
257
239
70
70
288
70
238
230
44
152
92
32
239
152
49
8
259
70
67
48
49
25
29
40
318
65
22
239
259
188
108
173
188
4
159
71
137
159
159
25
67
246
140
244
108
123
111
230
40
71
120
14
45
271
40
10
129
230
114
95
279
92
318
252
148
159
230
32
249
157
49
318
158
70
190
259
152
22
230
230
70
414
95
105
49
71
49
6
140
9
287
70
234
152
120
70
49
159
290
241
70
90
95
157
152
71
22
150
143
230
293
190
44
323
92
34
120
272
111
44
259
32
234
71
307
9
71
229
318
230
92
152
64
120
333
307
157
111
67
120
243
234
299
160
92
198
92
22
15
307
294
71
44
249
230
238
414
92
141
132
158
5
2
120
234
26
152
136
5
304
244
263
40
230
238
33
40
26
95
22
241
230
70
336
120
117
314
335
238
152
40
307
40
234
111
161
70
73
70
257
70
234
98
70
26
120
115
70
239
284
5
92
95
160
22
34
37
316
234
307
63
9
299
307
70
307
259
25
103
137
89
115
10
40
335
22
70
71
168
276
154
92
44
188
281
9
32
318
204
33
173
70
288
249
362
44
230
120
263
157
64
159
109
173
83
152
151
173
173
32
70
74
50
248
288
71
158
78
389
312
230
136
4
263
71
371
269
111
335
243
44
238
414
120
120
49
239
117
111
371
48
33
246
44
159
92
161
150
152
22
71
71
70
45
160
32
141
141
44
115
55
335
70
72
120
284
26
307
140
34
32
304
143
40
229
40
230
40
230
150
40
154
53
254
33
70
71
288
152
70
290
241
70
37
269
70
71
95
284
239
205
34
67
67
290
288
76
276
205
230
230
273
152
136
141
159
236
71
26
26
230
284
290
121
273
40
273
34
47
18
159
263
92
230
336
113
92
111
239
323
5
89
73
161
49
106
70
152
71
188
106
227
290
157
284
22
243
148
250
150
22
120
150
310
188
26
150
247
230
26
40
70
239
92
120
270
296
152
73
131
152
264
92
142
273
251
336
61
70
120
120
335
335
336
92
37
71
292
90
120
33
318
2
249
48
32
251
251
230
154
70
263
92
257
270
61
40
94
9
38
152
70
244
70
49
201
92
92
336
71
92
14
233
151
29
44
388
233
150
111
70
271
120
92
263
257
159
284
70
95
279
70
26
284
318
251
343
159
113
40
257
182
263
120
188
335
92
188
317
188
120
315
160
257
76
127
230
32
255
101
230
152
101
335
34
92
234
362
71
40
45
227
139
8
10
12
246
120
238
95
271
40
33
40
95
10
8
95
92
269
238
160
70
71
40
160
70
22
312
136
111
59
94
323
70
73
155
33
40
131
16
293
71
190
251
9
151
230
22
318
152
152
40
34
71
169
239
157
71
92
114
33
34
233
239
173
92
246
302
40
152
136
26
113
299
8
318
304
78
64
269
120
31
33
71
336
70
70
86
312
26
150
288
348
8
16
284
40
159
324
141
71
73
148
120
95
22
34
70
108
92
160
70
71
129
70
75
26
33
314
70
54
33
234
336
70
22
318
181
92
152
61
136
141
34
152
51
22
151
307
95
259
154
44
64
310
41
198
5
70
215
70
152
22
14
152
284
324
189
189
120
271
71
299
173
95
132
112
152
92
26
190
284
106
246
18
18
317
152
257
259
40
230
70
99
44
33
188
68
269
244
70
306
314
71
314
92
299
22
70
105
141
181
230
2
22
132
120
120
225
336
234
302
309
22
9
318
32
163
33
255
335
109
257
67
32
160
259
161
40
61
40
230
134
142
233
70
54
140
123
49
108
155
335
152
20
111
140
70
257
33
65
70
8
71
8
64
159
214
121
271
151
300
158
259
230
269
373
8
141
95
101
307
150
5
16
123
136
238
257
148
246
92
225
160
230
106
259
152
318
120
150
70
57
91
61
115
22
45
324
44
95
284
230
336
164
271
239
92
95
6
230
33
118
9
9
151
293
273
24
208
114
78
70
167
71
92
152
118
70
9
44
362
233
72
324
230
111
337
151
65
234
70
71
158
26
120
57
204
123
314
74
61
414
32
33
71
397
40
139
320
92
108
243
54
61
136
307
141
210
251
335
152
71
299
8
249
188
154
92
233
111
49
160
180
251
49
335
161
111
234
49
70
44
49
120
70
67
142
314
123
239
276
123
230
155
54
71
148
154
318
95
4
40
92
173
290
95
152
95
290
259
96
92
71
40
40
239
290
70
70
307
230
230
151
230
70
234
22
230
5
187
22
11
304
238
188
152
157
70
34
239
263
38
157
70
67
92
92
335
158
61
273
159
166
39
120
263
40
159
26
70
70
257
92
320
61
288
161
92
111
75
40
26
95
324
322
64
108
89
152
333
8
269
8
136
269
123
84
71
55
44
131
158
108
318
65
8
92
103
70
216
160
71
150
120
131
153
312
109
106
334
76
92
22
390
270
54
140
188
160
335
152
34
67
14
190
70
22
320
152
234
43
61
188
311
316
65
22
159
300
70
44
64
136
290
71
25
230
152
112
71
141
27
154
44
173
246
61
114
8
155
95
70
90
120
70
92
215
8
320
288
205
71
198
234
72
73
92
316
290
16
71
70
257
234
141
270
46
18
257
22
257
26
230
22
22
158
269
298
310
57
71
137
198
71
230
43
127
120
123
158
67
109
8
120
71
127
111
290
273
65
160
70
198
22
120
293
190
69
230
26
150
61
150
157
65
336
92
95
333
152
64
73
152
70
311
92
243
250
161
92
70
111
318
95
61
312
40
40
284
263
67
316
148
106
239
92
32
32
54
70
67
160
37
106
318
176
44
40
34
150
32
92
239
40
70
152
109
335
250
34
230
244
67
36
210
320
123
95
226
188
241
392
255
62
34
300
230
64
150
215
95
32
198
152
49
312
230
14
324
157
152
62
198
71
4
151
9
160
70
173
92
10
205
248
155
269
376
38
159
160
22
70
76
73
92
40
141
92
40
159
92
65
230
25
152
120
64
318
139
230
70
269
307
70
90
71
116
335
157
198
78
44
62
34
154
157
92
160
216
70
70
4
190
140
34
70
123
204
318
33
159
8
204
314
336
336
10
92
70
120
112
160
34
238
290
154
198
49
164
25
269
250
311
239
71
230
70
92
70
290
132
92
71
49
22
183
304
155
161
14
70
92
105
61
238
155
2
221
312
307
70
64
284
307
98
239
263
230
318
90
44
92
33
150
64
152
233
48
257
336
109
203
92
70
260
26
70
244
57
10
61
273
273
134
109
240
312
239
257
10
141
45
260
26
152
158
40
173
120
158
244
9
70
92
394
8
314
306
284
44
112
152
8
116
71
61
230
67
244
26
76
251
87
70
362
240
159
318
59
49
92
152
71
188
236
71
67
299
236
140
127
170
70
362
148
335
95
131
40
241
70
154
142
5
40
29
73
9
240
320
80
117
170
140
240
153
170
170
290
164
170
244
154
159
160
307
51
170
289
239
92
318
227
320
318
160
137
141
279
87
307
38
70
90
170
59
230
215
92
71
150
230
70
307
70
36
336
70
71
121
49
106
157
49
112
63
18
137
44
22
26
48
292
263
10
273
123
152
95
134
153
72
154
154
33
152
33
100
71
317
22
290
170
322
40
314
160
101
227
227
263
150
304
68
111
234
34
70
170
290
64
154
120
92
87
256
79
154
152
70
294
40
141
70
123
69
150
215
241
287
12
70
270
290
84
92
44
120
45
55
307
148
198
290
173
92
73
192
34
274
40
193
230
123
154
92
230
230
304
307
41
307
25
64
317
26
95
95
8
8
290
52
294
85
240
164
397
321
321
321
321
321
321
321
321
150
22
238
53
321
290
92
139
169
154
279
120
146
8
9
234
35
115
251
283
95
336
95
57
296
113
304
72
113
95
230
72
92
61
95
288
263
33
71
154
44
120
26
108
246
28
143
188
318
154
67
113
154
118
70
70
131
40
120
22
4
76
236
306
246
49
160
70
108
169
140
61
290
290
270
33
8
323
92
141
162
142
101
300
198
118
230
311
150
311
106
243
8
311
311
92
83
108
71
112
123
299
95
114
112
44
151
293
277
95
70
397
71
44
241
311
26
263
108
142
49
95
106
150
72
71
141
234
44
241
257
158
70
161
92
98
70
154
338
150
157
105
70
160
142
246
73
106
157
229
187
95
23
390
183
234
115
44
26
257
115
181
26
46
120
239
61
183
92
284
154
92
230
95
8
230
114
183
75
254
204
239
123
100
44
120
54
106
269
159
9
70
35
116
9
95
150
73
155
40
69
302
143
210
271
205
120
70
70
320
241
239
9
310
5
150
230
44
141
336
32
160
43
150
302
324
290
307
230
160
140
49
187
44
151
22
92
120
70
148
239
91
290
150
161
70
263
92
160
335
71
72
160
92
105
9
10
92
62
38
369
318
335
290
312
71
70
335
108
95
230
239
92
70
239
121
139
320
160
299
34
284
141
34
57
294
34
152
328
64
49
115
151
234
200
335
189
95
335
70
150
163
230
105
321
141
101
239
150
328
70
226
290
109
40
88
279
335
64
95
127
136
129
92
307
229
271
136
92
16
318
95
240
335
335
70
120
70
22
304
293
290
237
259
307
199
139
70
92
240
320
104
44
330
270
320
284
154
240
64
329
304
123
230
140
154
120
136
61
238
116
92
335
159
335
70
320
71
335
250
335
70
161
230
61
335
327
70
106
10
336
39
226
120
307
335
211
31
70
40
5
85
160
61
61
335
191
240
92
74
159
333
324
163
71
70
239
71
116
154
22
44
70
159
150
158
152
328
398
123
33
232
136
92
157
150
230
189
92
335
239
9
120
300
158
152
92
324
70
335
335
132
314
8
290
95
263
34
290
290
71
299
157
320
234
330
304
71
33
57
158
331
63
269
70
367
140
225
290
271
70
307
71
329
259
263
91
40
328
44
284
92
64
44
33
328
240
92
57
286
40
159
327
70
234
105
75
240
161
287
59
154
158
157
204
318
320
44
234
154
99
92
233
10
269
307
131
70
40
257
320
105
157
328
123
34
307
284
290
290
398
44
131
45
151
70
160
70
71
334
290
240
140
168
150
284
251
314
233
157
44
150
248
134
120
154
154
38
290
269
256
64
318
44
158
290
317
198
92
70
105
70
158
141
61
315
45
317
317
70
21
248
46
70
70
70
233
70
153
307
241
248
52
150
300
150
64
140
61
259
290
92
120
36
121
120
290
44
241
230
230
261
70
239
125
9
44
26
290
70
92
320
70
238
182
72
318
157
101
55
92
34
188
319
72
292
70
159
71
158
335
251
290
173
275
40
70
154
59
244
120
298
150
125
59
173
141
160
337
95
261
127
49
44
240
234
306
318
262
44
44
324
239
14
335
240
59
95
44
113
120
70
318
123
272
49
271
34
269
70
70
123
270
239
114
101
54
299
70
150
150
87
70
140
335
59
61
44
327
336
324
327
131
70
37
159
116
284
318
335
34
263
263
59
150
123
92
335
378
105
9
150
240
159
398
158
263
295
70
52
163
338
127
70
240
378
34
398
239
159
8
139
299
336
244
72
299
226
141
71
230
48
318
120
26
61
152
159
61
157
335
61
37
49
221
299
335
136
123
131
33
159
159
178
290
92
263
372
44
132
335
141
246
263
173
241
356
70
22
22
22
188
335
237
230
288
314
151
8
44
120
157
123
70
318
115
159
243
234
120
34
151
299
157
44
120
42
290
314
120
129
123
34
284
5
184
57
233
111
123
337
369
120
127
46
378
230
40
336
324
129
298
61
72
1
230
338
25
373
127
59
371
63
299
307
92
120
34
150
92
389
230
159
246
95
269
112
115
57
72
123
390
227
125
44
120
34
335
296
59
241
261
317
76
148
163
44
335
112
113
292
141
259
335
150
324
300
167
157
44
290
127
46
398
251
356
33
70
230
268
188
59
300
131
159
150
269
29
295
148
292
140
27
273
131
233
61
284
121
59
151
356
18
120
377
168
129
290
105
59
120
29
230
120
120
92
70
120
335
120
44
241
412
52
152
230
34
158
127
54
134
115
120
34
246
321
321
321
321
321
321
321
321
321
321
321
321
115
243
307
44
54
70
381
290
1
257
109
378
259
233
381
46
290
292
154
64
233
267
135
123
61
48
290
239
45
54
230
230
246
259
397
111
230
116
46
225
26
159
269
158
52
70
335
100
49
243
243
40
153
230
129
301
1
317
