54
251
250
397
48
33
44
44
44
44
44
269
120
44
44
64
59
272
44
44
44
54
48
61
398
120
44
44
54
64
250
150
150
48
59
44
120
44
251
48
54
54
120
48
251
48
251
44
120
251
251
246
61
269
211
66
120
243
120
141
165
44
142
398
44
48
61
120
272
64
397
188
239
123
230
296
257
33
259
230
140
172
239
148
120
154
112
230
120
230
77
307
126
308
120
148
182
112
183
182
183
95
307
70
25
64
184
120
19
70
165
70
203
113
398
57
27
397
250
234
229
113
129
41
70
234
269
155
33
151
29
120
338
25
33
99
120
272
397
42
230
115
44
397
229
113
398
234
230
153
397
230
307
211
120
112
113
49
44
252
29
54
230
263
151
263
267
64
101
151
111
151
307
66
75
57
259
239
64
153
244
204
259
246
108
234
79
123
259
78
140
70
165
263
204
92
150
106
29
90
120
92
29
188
44
335
179
176
115
32
292
211
335
211
141
234
58
263
167
44
259
243
113
247
234
45
304
239
263
226
166
92
61
115
92
41
49
230
173
269
307
113
318
71
335
4
132
57
383
61
5
324
166
100
54
34
203
239
112
25
317
49
307
44
44
70
204
204
241
63
73
115
315
249
43
32
72
63
28
32
169
44
29
47
243
150
188
259
73
191
213
44
84
61
64
151
152
259
259
44
151
152
44
106
81
29
263
106
159
205
189
63
234
234
192
191
151
44
212
198
202
120
63
160
57
64
230
44
335
112
27
283
80
188
70
57
120
230
239
70
92
111
8
259
243
196
196
205
51
120
83
44
166
397
95
155
70
405
307
37
26
129
49
223
216
70
189
212
70
109
112
79
113
263
205
113
189
157
106
92
290
269
95
95
260
153
95
49
164
121
120
40
70
259
270
189
33
92
44
64
307
263
109
249
64
311
311
311
150
213
115
49
49
45
95
82
292
109
239
311
311
152
158
157
307
92
216
234
40
92
152
95
120
165
154
320
21
303
95
70
22
120
44
123
83
226
234
108
73
120
324
311
311
311
311
311
226
157
234
92
63
109
61
8
70
64
90
140
263
99
238
111
92
157
208
120
234
24
152
230
150
6
49
120
92
120
40
150
115
405
84
84
239
120
150
296
40
64
188
189
114
198
120
4
299
49
308
308
311
29
184
234
239
92
72
73
157
208
95
215
233
271
317
92
193
141
159
193
120
70
92
92
234
92
70
54
292
243
250
311
44
64
113
92
296
157
234
40
70
154
10
16
315
33
44
151
38
187
234
398
150
315
71
92
158
129
152
273
140
271
338
183
338
112
120
68
163
234
32
211
307
112
259
189
95
24
92
92
328
188
120
113
120
311
120
230
263
141
95
153
120
88
276
261
70
201
151
58
83
201
92
309
307
106
152
112
194
167
148
158
22
49
378
243
271
48
221
34
92
414
152
111
204
318
196
159
239
105
92
190
22
120
120
33
152
230
189
142
148
70
101
183
290
239
70
95
269
233
53
123
95
36
16
134
234
239
257
83
70
83
61
173
89
64
70
73
292
165
36
251
34
142
95
120
120
40
152
111
92
239
230
148
40
188
44
89
223
205
40
200
260
134
111
318
239
261
230
173
275
64
40
64
189
208
70
61
70
113
233
113
70
188
153
263
120
40
95
200
106
259
233
22
120
44
113
211
72
275
308
263
249
179
320
190
64
9
92
113
146
213
153
189
95
239
120
141
40
34
105
70
150
40
120
55
141
99
251
44
40
134
247
190
120
38
338
205
61
189
111
269
269
269
152
152
152
189
322
120
244
40
152
307
95
234
240
251
316
78
264
290
248
92
261
179
68
307
95
57
70
70
315
188
87
188
40
71
120
65
295
257
49
92
230
10
141
152
141
269
90
157
71
22
92
40
71
92
299
29
90
95
275
154
94
120
95
97
40
307
92
144
140
95
152
40
93
95
55
153
62
320
121
179
151
189
64
269
141
290
110
292
155
34
95
40
95
92
152
188
92
311
248
315
103
70
284
61
257
169
216
70
71
92
263
120
120
142
271
250
236
118
250
95
40
120
308
32
257
335
186
290
155
233
154
32
120
95
179
263
154
239
70
61
233
257
92
22
239
109
32
303
118
167
95
95
255
70
78
299
92
160
49
356
77
83
152
61
49
44
120
261
275
240
61
92
263
49
84
70
243
151
243
240
276
70
160
87
414
244
40
95
106
9
95
141
188
299
70
105
158
257
142
272
273
40
71
150
230
32
320
152
40
62
214
120
187
263
229
34
133
123
373
241
95
189
70
34
72
157
112
152
92
9
290
64
61
290
1
71
205
233
70
90
154
141
106
94
290
40
251
151
108
249
73
263
264
73
190
269
152
320
269
154
272
40
272
290
120
259
335
32
234
191
290
275
307
123
34
292
52
40
198
257
70
92
49
226
290
67
166
292
43
290
152
40
95
152
152
113
204
120
154
191
120
148
150
152
71
152
335
95
95
95
159
22
320
243
320
64
79
230
134
263
144
227
32
140
173
26
34
140
92
92
1
49
44
104
120
44
251
239
121
307
389
151
395
70
40
40
92
165
95
40
214
70
154
239
22
150
150
167
152
44
290
140
67
259
52
22
257
34
318
267
95
44
26
73
157
251
149
40
75
70
92
394
299
70
318
120
285
152
152
157
92
9
113
92
324
71
152
290
70
70
338
61
40
121
188
95
87
234
151
120
262
64
70
70
34
123
101
151
71
303
52
238
140
49
414
106
212
173
160
243
95
59
307
198
290
315
362
22
183
188
95
9
335
143
250
332
239
250
299
10
330
140
54
317
290
34
154
290
108
140
95
143
335
150
153
34
95
61
198
141
157
78
332
92
272
272
195
140
113
141
71
44
176
188
329
154
318
151
140
40
92
320
268
59
92
338
92
92
91
140
112
299
120
176
318
247
140
299
320
150
63
40
198
335
158
204
140
140
92
239
338
68
259
70
60
378
160
141
378
299
92
92
62
239
188
141
151
335
229
263
312
64
299
284
95
86
92
92
34
318
338
120
5
113
45
126
335
151
5
64
318
34
120
71
151
259
335
86
263
233
118
57
57
57
121
29
92
78
112
259
315
75
293
336
239
70
72
304
10
202
368
140
25
57
290
120
259
