44
120
44
44
57
33
48
181
44
44
250
44
398
61
265
44
44
239
267
44
265
48
269
111
120
246
211
50
44
239
261
233
153
136
230
54
158
120
246
168
269
259
314
208
207
118
101
239
120
244
307
168
44
61
61
90
259
292
253
273
398
259
230
41
304
150
293
49
111
246
230
127
239
239
44
259
108
246
120
153
150
233
204
304
29
241
230
37
234
234
23
159
244
324
70
64
33
229
239
109
314
44
335
173
290
293
217
230
239
115
316
109
148
247
259
50
151
31
150
123
158
190
118
70
336
239
125
115
230
28
67
239
311
150
44
4
49
312
167
153
49
44
307
201
181
120
190
152
234
333
176
217
129
243
153
311
76
311
49
229
190
193
214
259
29
318
8
307
112
115
16
152
234
230
36
152
35
205
214
230
336
152
105
82
230
238
239
111
241
49
257
162
152
49
116
234
42
21
234
139
54
311
146
148
259
234
70
32
405
114
120
234
44
152
71
33
259
269
31
70
307
311
108
29
152
210
95
307
243
118
40
318
109
65
259
120
71
41
304
259
44
336
141
32
259
234
189
57
230
247
179
43
2
243
33
230
238
38
211
32
35
151
230
141
259
259
8
2
34
115
74
48
152
148
38
141
141
152
38
255
38
152
211
71
151
246
152
136
239
40
230
234
23
49
67
336
311
247
259
159
238
33
49
182
152
49
44
44
70
230
71
271
233
270
290
71
155
120
120
335
49
152
259
243
151
259
38
190
108
230
318
201
162
32
190
207
137
152
105
70
160
8
311
230
259
239
162
61
336
95
71
125
70
84
300
300
300
316
300
239
202
38
259
371
230
31
318
31
190
312
207
183
233
150
221
150
29
152
70
76
405
207
311
311
263
105
152
308
150
113
35
239
259
152
152
333
112
239
246
398
239
116
244
61
109
108
230
108
150
92
21
239
83
234
35
44
152
230
230
152
49
111
8
230
336
230
159
116
95
44
167
8
318
120
8
234
111
40
70
48
2
259
257
259
294
16
335
226
234
300
42
61
141
173
22
229
307
120
298
73
276
49
22
70
189
160
98
230
318
307
318
70
32
49
115
230
234
234
243
152
159
70
293
43
151
257
72
363
40
159
29
49
335
336
150
44
215
189
307
44
188
335
112
312
209
190
150
108
32
304
265
300
230
200
241
316
159
65
40
152
44
296
8
111
244
70
157
22
49
34
73
75
193
70
234
75
114
198
190
34
31
190
9
239
65
120
234
307
49
284
189
33
33
151
304
33
294
293
230
32
16
26
314
95
293
234
8
67
70
55
259
120
23
204
239
44
40
152
71
234
71
234
190
40
198
320
70
205
84
190
71
239
49
26
239
300
234
57
37
238
120
71
293
160
40
74
24
152
302
290
190
236
37
261
336
201
70
192
74
152
335
193
67
70
37
230
201
362
41
8
44
34
8
318
201
238
22
250
113
234
270
40
111
318
158
159
190
34
190
204
262
307
234
189
324
259
155
42
3
190
234
318
307
44
34
261
34
230
120
120
120
152
201
70
239
71
257
152
191
293
29
22
284
40
22
259
40
190
120
70
72
40
234
244
79
335
4
148
233
6
318
142
44
224
150
150
141
259
132
95
158
261
71
323
253
64
40
207
40
155
8
160
204
199
259
43
108
207
183
76
4
201
293
9
22
142
199
230
111
22
40
239
335
105
34
49
230
200
148
335
151
173
318
293
9
95
290
2
271
22
71
40
307
307
190
309
307
69
152
6
234
70
157
92
199
199
152
263
318
111
234
105
101
141
49
307
234
142
158
151
111
16
44
246
284
4
318
141
8
152
35
152
152
101
2
318
234
20
73
270
22
140
57
155
234
4
111
362
189
287
50
311
336
71
40
70
34
2
257
241
104
40
217
190
170
152
201
71
33
191
6
141
190
320
157
336
71
210
335
152
234
112
141
142
141
142
207
61
259
191
259
173
40
106
159
271
290
26
215
67
106
113
160
32
22
22
189
106
72
40
76
70
120
161
302
263
263
263
57
299
8
109
152
22
173
196
71
52
57
44
109
34
290
33
239
136
213
120
304
190
190
32
70
318
136
141
34
158
234
245
307
209
239
159
70
160
8
166
324
153
14
239
140
336
250
306
71
206
40
92
198
198
198
198
160
335
271
33
14
50
92
199
201
161
307
307
40
96
307
261
189
152
32
70
71
2
290
140
215
65
131
78
335
152
70
414
40
71
92
318
320
8
318
65
141
69
295
71
335
36
191
264
152
291
26
70
69
290
92
191
261
74
206
160
50
49
239
150
152
40
120
109
275
397
67
95
230
198
238
40
22
230
150
206
72
159
394
193
187
40
162
255
5
29
234
335
44
22
41
176
296
310
106
371
29
38
234
40
40
213
70
40
70
233
65
259
209
9
120
207
40
261
160
89
71
315
72
70
8
78
70
120
312
70
148
40
234
40
210
70
115
4
335
76
190
71
22
190
111
214
239
59
199
159
111
209
34
40
92
109
234
300
157
26
95
160
230
64
239
69
141
67
40
150
318
92
70
33
158
92
70
210
70
159
362
106
159
4
304
59
95
150
92
320
293
105
92
95
70
73
112
295
234
141
9
40
155
71
71
20
141
95
378
140
26
140
48
335
190
78
34
70
191
34
108
40
12
92
300
234
22
239
22
193
40
271
190
230
142
215
105
8
67
34
9
238
70
120
293
315
84
152
335
234
9
40
34
160
49
239
275
207
4
151
201
336
239
307
246
160
53
40
233
9
235
67
141
273
142
152
2
244
92
257
103
290
138
70
141
290
335
189
9
234
70
95
14
136
62
249
16
290
141
230
70
92
259
189
98
335
108
44
207
290
335
148
193
14
139
202
8
307
168
205
307
110
120
84
152
26
95
293
238
99
22
70
70
234
210
335
148
92
54
43
86
157
233
20
11
67
207
159
159
136
92
230
159
259
196
307
67
188
246
22
9
250
95
72
76
150
239
70
34
160
9
136
273
69
140
107
198
141
114
255
98
136
136
150
95
105
291
180
67
120
248
205
311
44
234
191
335
290
221
207
61
95
189
152
71
234
190
192
118
67
320
70
191
70
22
207
92
293
151
70
248
59
189
290
250
207
84
193
2
207
26
261
106
199
33
49
159
70
208
190
29
196
190
92
215
207
257
78
9
73
44
118
8
213
159
190
84
71
114
211
234
173
154
233
8
38
176
120
78
259
102
63
230
320
189
198
198
44
151
92
67
208
70
207
207
207
64
57
57
318
211
55
318
207
44
71
259
112
160
127
251
362
72
196
70
108
70
287
33
141
221
391
44
270
92
44
6
234
69
40
239
108
40
323
46
141
70
213
221
335
213
140
151
248
43
290
358
139
157
77
71
92
159
86
155
205
201
190
70
61
92
40
205
199
105
70
44
140
248
198
239
145
92
144
71
140
207
51
397
321
321
321
321
70
397
190
8
44
40
108
160
362
250
159
92
9
270
230
204
157
139
193
165
154
251
50
36
277
115
94
335
295
84
217
95
159
335
78
78
157
157
84
269
234
84
16
2
217
151
250
62
180
225
159
47
33
50
70
70
159
318
108
199
259
269
70
190
70
26
263
70
150
205
61
190
92
70
71
159
236
230
87
181
290
70
8
234
259
50
59
150
64
292
320
3
71
61
239
250
52
142
250
132
233
331
239
336
71
335
290
70
3
336
92
105
239
320
92
112
244
137
205
181
328
189
114
325
183
140
123
148
70
160
259
8
150
70
120
70
129
95
113
32
57
244
57
259
140
213
48
47
3
356
57
148
205
200
44
299
205
44
239
263
371
133
70
233
247
315
230
371
161
70
151
46
120
369
391
120
269
152
152
201
378
44
290
151
284
46
44
70
251
157
42
120
240
66
9
70
120
381
335
398
