241
48
44
61
48
29
148
246
35
314
123
200
48
151
314
239
259
115
90
276
129
296
126
259
236
229
259
42
145
307
115
120
67
168
48
257
158
158
70
108
111
152
113
112
152
234
398
152
20
18
152
42
49
244
76
42
49
33
294
113
70
70
304
148
120
150
126
306
300
71
116
150
123
230
49
32
40
324
111
120
115
257
32
371
76
246
148
33
70
49
49
304
120
150
230
123
150
146
40
15
246
259
259
36
397
33
32
41
304
49
312
42
242
271
230
8
152
30
259
230
240
70
188
116
42
22
71
120
141
246
67
149
35
333
22
70
5
34
141
71
230
4
159
80
33
106
39
284
90
159
152
38
173
120
152
141
318
157
259
8
187
71
49
148
74
109
31
73
371
49
123
158
150
8
252
304
18
152
76
83
259
16
230
292
259
40
71
229
246
44
20
294
37
142
238
41
230
22
287
120
238
38
35
49
50
244
148
70
230
8
259
259
230
35
43
120
271
234
41
300
115
150
290
26
8
243
234
33
65
34
290
296
259
306
155
159
229
152
120
118
234
141
120
111
160
25
16
32
39
246
57
234
92
155
40
120
113
20
241
306
109
230
32
8
22
159
33
259
10
336
49
26
39
299
239
151
234
267
74
71
259
239
101
188
233
8
49
111
257
49
34
49
141
70
33
71
150
63
299
294
40
40
8
40
306
108
67
246
46
308
34
18
8
257
71
300
8
65
8
167
307
188
67
236
318
160
108
111
42
25
115
33
309
150
204
92
22
8
25
8
39
18
26
14
70
234
8
18
16
32
36
151
225
37
153
238
239
8
334
8
240
2
312
273
42
8
67
236
12
36
151
233
158
230
310
152
300
40
234
70
84
44
131
120
230
49
318
318
233
26
152
293
42
6
229
151
26
70
116
64
150
157
63
308
9
151
72
230
33
49
79
148
92
273
304
140
40
259
9
33
230
304
39
161
49
23
18
67
173
71
152
234
95
318
233
89
115
230
157
115
230
170
106
9
26
150
205
316
242
152
168
16
8
92
68
34
40
234
123
148
42
239
293
246
230
39
152
312
267
95
293
71
362
71
151
90
230
159
150
300
22
47
44
83
246
152
23
230
152
148
131
150
42
95
259
238
205
16
300
290
8
2
24
259
16
111
155
22
71
239
39
108
26
76
204
37
16
115
294
188
246
71
230
323
8
239
151
141
120
71
148
92
67
173
40
108
95
316
92
230
229
259
307
40
70
155
70
6
26
290
324
42
314
238
95
70
78
307
92
158
108
112
71
40
359
40
22
34
10
26
47
95
371
148
203
92
324
44
9
39
90
64
120
71
40
70
108
42
152
70
9
26
300
241
47
38
84
234
44
148
71
36
42
120
53
40
334
140
273
33
336
40
161
70
92
9
148
152
275
150
22
70
191
304
14
40
151
42
157
152
154
8
111
287
108
9
271
259
294
311
200
267
257
234
92
22
160
238
84
160
236
57
105
106
71
273
293
26
199
318
90
150
148
230
259
141
39
71
239
131
40
242
71
51
47
239
120
214
57
71
161
318
108
111
95
298
70
26
148
198
71
316
26
24
71
95
299
35
4
141
173
173
255
90
22
234
40
300
84
9
157
26
95
84
151
33
61
304
108
154
92
33
16
148
120
239
92
70
173
108
42
67
198
136
8
259
108
12
26
158
273
70
32
16
64
116
314
44
293
26
320
70
197
70
70
70
92
111
300
22
141
306
190
290
70
73
92
92
70
179
290
40
239
198
113
153
84
287
95
161
155
109
95
314
73
95
157
321
259
189
8
299
140
2
173
161
161
269
12
238
106
132
154
84
6
48
160
318
154
11
71
87
233
42
37
73
26
243
40
233
108
42
70
26
273
318
89
144
26
167
160
240
133
191
320
47
77
151
108
105
18
229
84
333
160
335
70
158
261
34
248
159
259
3
268
328
22
71
328
84
310
19
92
92
304
92
160
71
335
40
70
9
141
161
332
164
292
59
8
78
239
67
2
44
304
92
9
131
72
25
160
49
273
304
151
8
335
76
92
328
112
34
95
335
248
312
296
234
63
142
285
71
135
244
221
131
70
161
66
287
49
31
137
307
120
5
111
22
39
71
73
317
225
101
290
269
243
366
63
70
18
113
42
63
26
150
118
143
132
44
140
108
59
150
8
151
159
170
70
157
140
51
39
259
