243
259
243
57
120
265
150
121
129
59
33
61
54
57
398
33
62
167
173
54
122
33
115
153
129
112
243
230
42
62
121
141
33
167
243
259
259
259
307
314
234
70
49
120
109
120
25
120
68
238
259
113
239
115
31
249
259
246
230
115
125
49
49
398
71
300
238
276
34
71
67
67
49
307
307
307
167
259
33
49
225
150
159
78
233
120
246
260
284
230
259
71
141
313
129
113
120
307
150
234
142
313
230
263
92
120
148
243
120
120
148
234
244
109
246
44
259
118
73
125
150
148
8
33
115
84
40
120
159
233
32
230
49
259
148
115
108
92
245
60
150
313
318
308
112
243
259
49
252
48
106
257
234
234
49
51
101
259
162
108
34
25
25
31
241
128
125
51
71
113
9
115
73
188
33
32
259
41
238
276
244
307
70
40
307
248
76
230
159
114
115
49
49
58
323
8
152
120
259
294
42
42
152
234
238
246
239
70
120
121
259
148
129
71
49
49
234
29
49
160
304
49
257
293
238
148
245
155
259
33
54
293
307
18
33
8
65
33
312
155
38
159
117
112
8
230
40
95
32
120
32
141
163
70
71
33
120
42
230
110
294
25
151
71
33
229
26
40
38
267
314
190
34
148
162
108
49
163
234
40
92
246
95
49
300
259
35
200
49
309
9
32
307
115
173
115
2
304
18
32
74
115
95
318
109
92
150
88
152
111
114
243
150
34
71
79
70
304
35
150
25
4
246
233
33
34
142
155
238
40
157
71
26
2
160
318
49
106
22
70
112
32
157
71
40
78
270
225
105
234
307
90
40
41
51
92
234
120
161
146
105
32
55
299
8
158
83
307
260
243
260
88
115
259
34
307
25
307
312
9
323
323
71
159
260
22
70
157
67
26
309
239
141
123
101
161
233
307
336
42
70
238
114
70
70
314
230
314
120
150
120
304
13
306
70
120
307
160
70
304
70
239
158
22
142
259
103
92
324
312
312
290
108
71
31
51
65
238
336
32
414
151
70
155
70
88
33
48
59
405
92
308
95
159
152
157
92
43
69
287
78
22
70
80
78
22
92
34
32
120
314
318
239
104
70
120
200
233
233
33
46
70
188
414
159
140
78
44
398
40
159
131
154
378
136
5
2
311
152
10
70
234
66
244
129
49
82
44
227
414
52
335
136
328
9
248
10
44
168
298
92
335
92
