257
109
283
307
44
283
113
259
287
41
109
70
352
243
70
120
120
68
352
120
284
70
307
137
307
320
287
398
320
152
270
62
309
162
70
57
259
120
70
307
307
129
320
261
152
141
243
44
320
35
49
259
41
111
320
230
287
352
44
377
91
140
279
31
157
120
287
259
162
238
33
80
120
78
26
307
120
151
68
159
299
230
162
288
288
78
288
34
288
109
287
287
299
259
288
299
299
79
243
307
150
307
307
155
259
63
8
283
301
288
288
283
40
307
320
127
279
288
288
287
288
35
336
288
35
279
288
288
279
288
301
288
288
40
241
299
120
288
301
288
309
63
301
301
288
80
288
41
301
287
279
320
301
307
288
288
249
307
288
288
290
283
288
299
288
283
109
84
288
283
288
93
259
120
33
398
288
40
140
259
288
288
288
307
80
309
92
307
309
230
288
140
299
286
283
287
286
288
165
288
139
151
40
307
288
309
283
259
288
307
309
288
44
288
288
40
288
307
309
283
301
288
301
281
259
279
288
301
95
40
157
279
288
301
152
151
288
283
279
301
288
288
288
283
279
288
279
283
301
92
288
279
283
288
288
301
288
288
301
283
288
301
279
120
279
301
40
151
301
84
288
283
281
283
239
131
301
288
78
186
111
279
288
301
288
288
301
288
40
335
283
279
283
70
320
352
234
279
301
352
150
279
283
279
140
301
279
301
288
288
259
288
299
283
286
63
279
301
283
301
288
301
288
301
301
108
301
288
301
288
301
288
159
301
288
283
301
283
301
283
279
288
307
279
301
288
301
311
279
309
140
301
288
279
40
164
301
279
288
40
139
84
279
279
307
288
279
301
311
210
41
279
234
288
301
259
301
313
151
159
288
140
288
243
283
301
243
287
299
283
158
301
283
54
288
250
288
234
69
96
234
301
299
288
288
288
288
320
22
288
288
115
283
259
35
314
283
279
315
78
279
108
299
70
239
141
279
91
288
332
288
290
281
279
84
332
320
331
279
335
317
301
288
288
301
93
301
288
288
301
157
74
57
301
279
301
301
301
301
286
279
398
70
299
299
332
244
140
237
301
301
336
301
287
301
279
283
317
251
59
331
301
301
154
320
259
283
279
299
315
311
299
279
259
352
151
243
301
77
301
301
301
307
301
44
288
283
283
279
286
301
301
287
279
283
381
283
283
96
301
311
290
52
301
275
301
157
54
57
157
287
283
132
202
311
311
96
299
376
317
151
143
259
