229
109
44
159
64
347
44
33
44
49
27
238
35
150
264
243
2
253
150
90
341
261
62
31
151
307
246
302
113
129
168
141
229
125
239
49
88
116
259
270
57
4
264
115
57
259
239
88
116
150
259
32
259
111
108
41
40
49
49
238
244
234
126
111
314
32
257
43
68
45
271
304
112
162
74
111
260
120
244
259
117
246
2
230
51
148
88
297
115
54
73
35
151
31
273
152
4
49
106
2
75
234
318
44
37
125
233
257
84
36
26
148
33
78
267
109
300
120
151
308
35
115
49
125
314
308
22
200
151
113
49
239
111
33
123
38
155
188
34
33
94
152
8
246
284
151
389
123
112
142
284
259
230
41
150
108
246
246
118
76
159
300
151
22
151
109
108
153
58
27
159
230
22
123
151
230
40
151
257
71
318
49
136
239
246
67
63
70
115
70
29
141
42
159
116
71
239
261
34
51
299
22
152
112
160
70
152
32
40
324
246
263
241
108
273
239
4
48
259
390
22
40
246
152
261
78
34
111
230
140
126
336
26
106
152
120
79
238
70
230
155
70
173
230
306
264
34
48
106
247
205
273
318
234
151
273
234
239
255
257
70
260
32
239
335
277
307
71
140
318
260
40
71
22
225
95
95
111
111
252
34
312
84
131
109
44
307
262
230
262
95
160
70
343
389
40
18
53
316
261
271
153
76
70
270
318
45
141
264
88
108
260
112
159
29
40
22
315
284
120
26
263
264
264
88
260
40
123
230
70
239
105
40
264
264
316
92
84
292
26
323
8
16
136
111
234
299
44
113
16
95
260
244
19
38
229
35
40
234
347
88
74
140
333
47
264
290
141
105
264
35
159
70
238
22
64
70
260
84
140
260
160
159
70
397
111
290
263
320
12
233
309
237
5
120
64
290
143
318
49
12
34
161
318
238
198
150
341
140
318
267
299
136
49
312
141
161
273
110
232
150
290
230
88
151
316
113
239
59
293
213
300
290
88
248
145
45
161
160
267
84
40
158
26
9
230
284
82
267
277
136
158
132
70
239
270
160
159
143
239
264
150
335
105
111
309
335
92
125
92
143
95
44
327
44
4
136
136
335
105
102
120
234
234
158
108
49
233
151
34
92
120
161
8
22
153
307
160
180
115
336
146
321
70
120
108
44
290
307
162
239
108
151
240
240
240
146
44
