57
57
44
150
33
33
165
67
249
64
165
91
314
68
239
335
67
29
49
230
70
140
314
307
234
168
239
318
91
233
33
287
32
398
246
116
33
113
44
95
35
243
91
316
78
8
307
44
257
32
120
300
120
49
118
336
259
110
233
92
49
307
44
120
115
246
162
41
109
111
149
16
120
270
120
230
152
241
284
8
234
152
274
152
246
257
230
157
259
300
8
304
2
287
167
152
230
8
304
314
44
259
3
12
252
91
234
150
123
91
129
246
18
8
141
378
49
284
150
8
37
114
238
267
239
241
44
111
49
49
111
152
234
44
101
259
113
70
44
90
26
26
20
120
158
150
32
8
108
70
120
84
44
234
161
26
8
140
33
40
34
26
238
173
234
70
108
118
318
152
40
141
230
165
234
244
252
259
40
253
111
18
8
8
271
44
44
61
106
108
335
120
261
287
8
40
34
151
159
244
259
159
40
259
241
16
34
40
234
120
293
16
299
32
120
253
49
95
239
141
259
111
58
336
8
120
40
290
44
8
8
9
92
120
238
22
284
89
120
40
8
40
290
230
106
2
92
165
157
233
236
157
8
18
26
84
239
152
234
71
318
39
106
71
26
40
26
243
198
40
273
323
257
299
33
43
159
8
8
8
239
292
10
270
109
154
314
6
267
230
167
271
150
241
233
40
152
136
233
64
22
92
16
246
40
230
152
170
8
44
160
318
40
112
70
257
120
50
160
10
238
40
45
34
47
40
165
6
24
241
38
173
67
8
8
152
249
287
22
233
323
171
273
259
244
16
252
251
159
123
152
290
133
67
155
120
40
151
136
32
230
32
136
152
92
287
389
36
152
63
259
230
37
241
318
152
239
259
141
89
389
136
230
227
287
290
263
26
111
239
22
273
64
238
40
287
152
158
296
284
8
26
398
20
4
40
40
323
38
52
276
304
252
71
71
165
14
95
64
248
71
92
65
44
190
233
32
16
150
165
244
44
10
40
257
131
248
335
287
293
8
152
233
215
269
26
33
33
91
8
239
154
8
320
318
159
271
61
36
112
299
293
40
8
335
314
287
9
314
33
318
70
312
320
167
120
161
40
82
251
156
398
215
160
2
304
116
205
89
136
92
92
165
167
321
321
16
394
109
36
314
299
293
40
34
241
287
150
230
150
140
16
65
312
165
59
40
35
18
236
244
90
299
267
335
376
336
120
290
62
9
315
158
141
68
233
74
127
329
10
140
34
335
259
44
304
109
270
259
143
120
35
317
150
44
63
290
284
276
120
91
362
150
270
5
187
159
49
91
312
120
5
304
318
43
5
338
335
91
141
154
61
374
113
64
381
141
335
165
91
121
33
173
33
299
