120
269
120
48
241
44
44
54
54
230
230
230
230
48
54
44
61
241
62
243
398
120
68
44
120
163
54
251
118
269
61
120
44
257
398
398
398
54
129
251
150
62
48
150
44
251
44
57
18
276
44
48
120
251
251
54
44
230
238
61
61
44
54
44
48
290
120
276
230
251
48
241
44
44
57
44
48
44
8
398
59
243
57
44
61
33
398
54
62
398
54
57
54
61
44
120
265
48
251
48
48
251
251
249
276
44
44
64
48
241
230
48
48
233
243
59
246
307
252
233
62
57
44
64
62
230
276
44
48
307
44
57
68
276
247
48
251
44
111
151
61
54
44
54
48
272
69
261
276
35
41
54
238
44
48
61
259
108
37
54
120
109
276
44
230
259
48
48
109
44
44
230
120
20
44
61
259
25
307
126
276
261
169
259
57
54
41
269
44
173
159
259
276
67
259
259
120
239
307
246
115
239
44
230
44
230
159
148
230
35
243
111
300
68
204
261
49
230
259
159
68
244
120
111
64
33
398
44
250
70
33
27
233
113
48
48
159
239
109
57
276
33
259
234
61
398
398
112
259
109
246
259
150
64
44
33
276
264
398
33
109
239
239
48
33
33
307
246
245
151
148
48
246
68
230
162
35
230
54
109
33
44
264
112
120
44
234
61
33
123
112
252
239
57
48
151
120
120
44
238
259
120
120
247
247
33
33
243
109
267
267
108
44
46
243
110
307
154
234
112
44
54
259
283
57
33
44
44
48
154
120
120
251
314
259
44
120
244
120
150
230
111
42
259
68
150
257
159
293
293
58
109
259
239
264
200
314
314
307
307
307
168
227
109
61
293
243
182
243
150
230
154
64
50
276
243
33
44
118
120
64
120
371
33
127
62
239
290
64
120
108
264
127
272
68
49
230
170
57
145
307
61
249
317
230
127
120
115
108
150
150
307
44
307
239
23
57
243
44
132
150
54
62
33
44
246
150
152
120
230
108
241
239
44
109
167
259
109
34
95
230
59
44
307
61
35
29
226
24
49
168
167
170
118
230
67
67
239
239
158
158
158
158
158
158
158
158
158
158
158
158
158
120
120
120
238
238
238
115
115
115
162
162
162
246
142
241
64
259
259
159
44
2
243
44
44
63
140
44
109
276
150
230
230
230
29
241
225
230
123
270
26
246
314
307
115
164
230
244
116
49
308
246
42
239
157
68
116
151
230
68
64
120
245
230
308
49
49
22
232
150
167
239
230
259
33
44
44
243
230
250
109
239
230
43
42
234
246
44
109
271
120
230
230
141
307
243
112
151
48
109
57
239
259
246
123
271
33
120
68
234
243
239
150
188
125
226
246
71
246
246
247
141
150
246
238
259
152
162
238
173
49
230
246
120
109
150
49
234
44
149
49
49
167
253
264
264
264
241
151
29
307
31
41
49
120
140
297
25
95
92
54
246
71
259
33
152
318
226
230
109
109
49
25
130
29
37
259
123
230
2
31
230
8
257
129
234
129
151
246
70
234
55
61
307
307
33
64
115
112
108
44
259
307
260
307
120
130
61
248
261
230
151
259
132
276
116
259
120
246
67
154
48
48
307
300
49
239
65
25
150
307
243
230
181
33
246
246
44
127
57
230
243
230
150
33
44
109
80
123
38
140
150
259
39
44
70
22
155
271
230
230
115
246
307
210
259
108
225
259
318
120
230
148
243
150
40
150
150
150
150
150
324
230
108
159
108
173
239
35
90
111
29
48
29
230
120
115
49
241
259
95
141
259
158
125
25
230
264
120
32
230
362
34
230
246
152
120
259
70
244
275
276
37
118
259
230
271
308
230
152
253
49
49
216
259
246
47
230
226
259
73
300
252
234
59
54
101
41
116
31
90
62
239
244
71
333
49
154
101
300
91
116
35
44
259
182
44
253
284
84
139
139
152
234
273
67
318
239
260
298
34
233
35
300
61
40
257
83
259
49
90
111
255
70
238
19
304
173
123
111
39
74
250
230
150
230
37
300
120
91
182
146
268
72
253
239
259
167
32
167
246
271
271
234
49
230
116
90
68
271
243
120
159
127
50
274
57
118
49
257
44
33
241
49
259
259
239
32
31
49
273
70
405
44
243
253
307
109
229
151
33
226
44
246
137
306
31
108
251
70
157
266
26
120
241
155
244
111
120
120
115
40
371
259
111
71
2
239
243
304
57
304
33
33
168
33
29
91
230
239
109
264
151
29
68
246
318
300
324
109
31
95
304
300
148
230
244
230
239
49
70
115
169
230
239
259
22
64
48
109
22
211
2
304
120
333
204
188
173
39
234
35
49
188
159
230
29
230
33
230
131
71
120
259
12
239
257
31
8
233
120
239
257
115
29
90
42
48
56
229
125
243
141
141
229
25
307
304
294
230
67
253
308
318
38
148
230
20
259
25
68
109
243
125
184
246
22
230
70
253
240
230
116
131
270
168
246
230
239
259
44
238
113
259
230
246
61
140
44
355
3
2
244
211
71
120
33
371
246
246
140
239
394
162
152
307
150
244
230
234
230
244
230
246
21
113
123
162
230
90
38
120
234
253
38
304
300
41
40
246
230
212
20
300
244
44
279
111
157
160
259
230
64
115
120
151
150
238
239
335
239
239
70
207
230
241
91
112
49
230
68
31
70
111
51
230
64
152
112
151
203
247
49
152
230
32
40
150
234
109
230
168
238
314
230
91
123
67
247
71
246
306
239
22
398
109
111
58
120
167
230
114
62
49
230
44
230
302
11
125
71
65
8
245
260
8
120
241
115
241
44
39
336
307
112
307
259
64
25
300
40
120
246
304
259
40
44
49
241
230
129
148
230
246
336
200
293
234
119
234
230
259
6
8
336
37
70
80
40
246
243
246
234
33
160
271
232
287
42
150
152
238
120
300
25
115
246
62
62
54
264
259
109
259
2
33
246
246
44
68
49
162
259
243
34
49
151
308
284
118
238
120
239
129
239
259
101
91
115
114
35
230
320
33
123
234
35
211
72
159
197
243
2
2
307
44
152
98
68
44
109
115
35
257
44
151
25
259
300
283
307
140
238
230
37
115
230
246
241
111
308
61
188
307
230
115
141
318
37
140
307
73
51
57
116
405
151
243
33
243
64
205
204
41
123
239
300
120
203
151
369
150
151
32
246
300
246
307
259
162
106
238
238
173
239
101
101
8
68
259
239
257
234
307
246
120
181
14
33
318
35
112
230
183
264
290
113
49
109
234
188
230
49
38
49
111
239
111
246
33
246
181
239
111
39
304
8
246
320
49
244
257
234
230
152
109
230
234
243
67
76
49
32
243
230
308
251
230
150
111
111
246
35
259
34
211
306
234
253
152
16
293
300
244
44
243
241
43
307
49
152
71
68
244
112
32
155
155
32
37
304
244
230
143
246
397
33
263
151
120
154
336
49
259
116
234
290
306
14
230
26
300
101
49
291
141
234
246
311
307
253
41
35
307
32
405
152
2
365
109
230
108
169
151
120
266
90
259
233
259
34
75
259
300
14
48
159
23
1
120
29
370
230
234
294
99
284
257
123
259
92
234
229
300
49
31
158
57
307
259
33
239
246
26
14
230
307
259
158
111
50
92
160
123
118
230
259
183
355
387
141
24
294
300
257
363
190
34
238
259
310
26
57
33
49
120
50
336
109
294
230
33
4
148
243
49
238
112
120
230
116
239
189
98
246
226
35
37
44
226
234
112
230
34
247
108
141
230
335
111
49
115
83
234
153
8
123
264
115
390
70
70
111
68
49
318
312
300
52
269
141
25
152
230
230
249
99
146
33
16
163
35
264
71
123
246
148
76
230
244
49
70
246
188
37
152
29
29
163
72
33
112
230
9
300
32
259
259
307
67
230
307
202
230
71
150
70
63
90
34
44
246
108
38
271
249
285
64
189
108
212
246
230
307
155
323
115
244
234
259
307
2
6
41
151
49
284
371
46
22
43
120
92
28
230
167
238
31
290
263
114
239
239
150
140
76
62
76
304
4
167
166
239
111
37
29
234
151
336
259
198
111
259
33
150
123
33
173
22
76
49
230
123
246
259
307
230
48
287
29
4
112
49
21
263
151
37
243
152
115
132
76
239
145
230
259
139
112
8
8
49
311
371
230
101
41
121
233
150
116
169
397
230
48
49
246
22
234
160
241
31
5
68
33
230
204
239
230
234
259
259
230
264
16
28
148
159
115
111
49
307
116
230
33
37
230
31
123
244
314
234
92
293
238
8
233
230
8
69
246
238
59
116
152
402
261
49
29
314
42
269
112
116
259
141
230
273
246
159
49
151
33
249
324
234
180
112
33
115
234
314
243
49
259
307
41
34
230
40
285
68
123
234
34
129
153
336
44
259
40
115
49
37
154
33
230
398
42
91
115
253
120
160
152
234
225
169
112
49
40
310
49
33
230
141
71
271
270
123
193
291
230
117
34
113
115
49
31
34
335
238
2
263
263
304
259
241
153
64
259
78
162
152
123
35
40
152
234
90
33
239
188
283
270
306
236
49
115
8
244
76
304
29
123
239
111
233
108
125
31
37
74
259
152
307
152
120
259
311
80
26
312
141
307
41
230
116
68
34
71
35
273
230
150
120
287
2
112
38
44
74
122
112
41
173
152
143
22
159
4
8
230
109
159
33
49
190
49
260
230
41
294
129
65
230
242
246
239
70
162
318
234
115
158
118
49
49
279
152
403
96
10
362
39
152
259
259
49
31
32
88
152
359
152
260
306
230
8
90
320
239
115
239
287
230
64
155
263
120
324
259
234
120
259
234
238
168
8
108
31
68
271
32
76
113
25
106
111
8
316
300
5
271
70
230
152
160
211
116
230
50
320
307
159
179
176
304
41
111
152
40
234
111
234
318
299
230
70
32
67
113
95
259
318
318
234
241
31
151
246
111
64
106
405
71
150
259
33
206
116
22
112
259
160
68
40
115
126
152
35
253
79
307
127
40
88
183
234
259
233
116
246
239
310
259
28
31
111
259
4
49
120
41
261
155
259
22
24
29
20
71
285
244
113
19
259
255
300
44
51
246
239
226
14
155
70
304
57
67
67
300
71
26
246
61
90
70
230
25
113
152
151
120
159
152
31
246
31
141
28
42
324
25
234
65
72
259
115
67
150
68
112
161
49
306
71
279
111
230
120
236
261
32
215
32
152
312
25
246
40
284
33
49
397
239
226
253
253
92
109
111
230
173
230
241
113
239
307
105
152
153
120
234
106
40
41
70
92
78
241
18
20
291
49
362
371
306
37
246
158
230
234
50
120
57
307
309
150
312
22
120
304
246
304
230
155
211
33
230
307
71
246
234
34
22
49
106
152
115
16
188
115
151
123
284
38
234
20
105
316
158
43
64
246
230
33
111
9
86
38
273
159
152
259
150
300
116
307
2
40
51
49
111
49
230
239
154
34
259
113
48
283
71
38
318
33
35
49
243
155
153
230
123
230
22
32
230
148
109
142
152
108
22
68
38
40
226
259
35
239
47
159
70
49
293
173
300
16
300
32
33
151
134
33
95
112
304
152
95
159
111
95
49
32
134
159
36
37
120
8
169
141
8
259
33
241
8
252
120
108
44
276
259
158
123
49
108
260
150
111
32
259
47
307
37
304
108
151
303
371
70
70
234
8
238
240
31
244
259
33
131
226
246
120
40
106
106
106
22
230
290
307
318
307
246
40
74
125
243
243
246
288
73
67
26
95
169
255
132
230
139
259
150
259
2
111
335
40
37
49
37
152
44
157
162
8
238
152
32
32
162
32
259
162
95
141
173
152
152
152
29
33
71
120
32
259
65
2
230
230
29
95
259
284
2
259
230
152
246
109
91
34
65
234
230
65
291
246
230
234
39
70
306
162
22
259
70
116
291
71
29
230
234
34
191
311
49
111
25
239
159
246
230
259
230
259
70
246
255
234
324
34
22
233
33
109
110
106
5
160
259
155
299
189
152
311
311
311
311
311
311
159
264
106
311
311
311
80
311
155
311
82
311
311
311
311
311
311
311
311
80
311
80
311
299
71
116
34
300
123
269
43
8
234
32
70
152
152
155
300
234
71
176
125
373
21
49
152
259
72
112
141
362
111
230
148
250
230
108
5
214
32
320
284
198
22
259
22
8
259
117
241
152
31
33
152
259
141
120
260
49
335
233
71
92
44
362
304
37
239
32
131
300
40
35
238
246
63
293
238
106
270
173
109
37
259
70
206
70
259
264
116
141
199
11
259
49
120
246
230
253
115
95
108
234
199
82
198
109
68
259
109
76
234
264
226
359
22
159
234
141
32
336
320
123
152
84
4
2
28
112
8
311
80
257
152
120
98
212
307
32
5
161
70
105
28
234
234
13
71
160
33
244
246
259
259
259
324
347
112
152
300
230
151
72
150
32
40
40
71
120
49
108
334
233
239
259
40
323
347
5
70
233
70
398
129
234
120
16
189
2
402
152
182
294
307
49
44
230
230
29
73
155
40
4
151
34
30
49
152
112
371
22
153
35
26
25
112
238
115
306
127
33
336
29
111
239
259
233
38
304
95
152
263
5
95
113
151
402
307
307
40
141
49
111
294
230
34
5
40
299
71
92
199
150
70
109
134
201
251
318
67
43
225
120
188
190
65
71
35
259
40
49
243
22
44
34
243
230
154
129
230
238
159
5
40
162
234
26
32
188
70
160
293
111
402
215
71
307
90
111
307
336
307
409
70
209
152
212
71
152
74
116
70
70
259
151
41
293
26
3
65
307
182
34
120
29
40
152
101
35
230
193
239
109
151
324
189
10
241
39
94
246
32
29
239
336
120
234
230
312
39
291
312
49
243
68
304
318
140
201
223
120
304
71
2
244
251
120
32
300
109
152
238
230
304
257
76
33
120
111
114
183
300
24
255
116
312
230
266
32
234
255
279
352
301
106
33
33
40
150
70
190
234
120
8
204
230
230
369
116
87
108
234
70
299
207
259
9
70
49
89
160
140
74
136
284
199
38
49
40
2
83
318
136
152
108
318
106
259
292
41
234
155
246
108
22
68
152
153
234
336
402
338
259
348
41
41
300
141
244
273
211
67
335
112
307
259
70
70
42
257
5
90
70
92
155
236
259
108
67
24
259
250
249
307
371
70
73
234
115
347
116
49
22
189
34
6
190
70
300
289
284
257
41
123
230
208
37
40
34
34
284
109
201
78
259
12
104
26
236
333
312
336
189
141
293
78
371
93
8
65
116
111
293
34
260
111
152
239
41
291
199
259
4
40
43
49
49
34
35
37
284
304
40
74
40
335
2
39
230
9
82
270
92
312
33
49
67
239
151
92
49
173
246
193
230
120
275
159
267
71
70
239
239
22
114
234
61
112
230
158
157
304
71
108
45
16
92
31
243
120
111
92
152
239
259
259
317
201
273
284
111
8
37
105
111
234
189
70
153
40
159
206
24
230
159
259
112
101
40
105
160
34
72
40
5
159
155
49
4
40
320
323
26
151
33
49
141
173
173
92
237
246
253
190
284
71
112
230
35
109
246
205
152
109
70
22
264
155
148
39
34
51
284
68
33
33
302
247
39
98
120
60
40
114
152
271
362
109
312
49
65
34
49
312
188
113
22
34
284
4
34
150
34
78
247
115
74
293
101
259
32
22
259
273
152
92
109
32
312
271
304
10
141
362
40
287
315
40
111
336
40
230
230
40
73
70
157
134
70
22
9
259
111
238
115
70
22
76
34
34
49
70
230
22
155
333
239
87
159
246
113
113
32
162
145
225
40
35
72
259
98
215
151
115
336
47
22
284
90
211
8
234
152
78
115
381
40
236
151
90
39
70
70
230
29
230
111
230
60
211
238
307
160
287
324
152
33
5
42
262
70
34
275
90
150
151
70
230
255
70
70
40
6
312
34
33
192
20
238
246
259
8
115
92
264
64
59
20
304
22
306
230
2
234
70
71
284
78
293
101
322
243
25
65
248
307
307
260
48
49
70
307
308
215
263
260
141
8
151
244
18
307
18
261
8
154
182
22
246
22
291
284
246
32
78
116
40
33
152
307
95
230
95
307
261
40
151
6
238
376
141
260
300
253
394
49
238
307
230
173
33
249
246
115
247
8
151
307
188
40
10
8
162
2
271
312
40
307
71
4
8
33
359
306
34
113
239
157
89
112
120
70
234
239
284
230
70
201
312
160
33
163
141
233
307
79
70
312
250
108
239
72
34
49
37
160
9
160
239
40
40
173
239
270
141
270
270
48
240
173
113
160
155
352
284
70
234
242
259
170
111
92
22
402
95
170
318
323
44
40
284
141
307
91
285
362
70
112
261
105
114
155
33
234
230
34
151
211
259
26
307
78
294
16
318
26
95
324
16
120
230
152
299
335
137
109
53
41
122
230
264
31
29
293
32
94
29
70
239
106
38
108
40
169
259
131
32
8
34
233
71
304
318
74
324
33
152
205
34
95
109
230
10
116
163
116
141
134
233
304
253
111
173
65
49
8
49
148
8
335
188
307
155
70
111
22
8
32
230
293
26
229
158
259
273
49
25
151
279
301
151
206
142
115
212
141
70
4
34
271
69
18
257
155
34
244
234
22
334
160
234
309
173
141
141
304
106
154
40
34
320
75
279
230
234
263
8
263
8
276
91
120
34
230
336
70
40
34
157
34
38
18
155
279
111
112
68
115
320
40
234
92
230
49
37
49
9
22
76
22
37
307
230
316
116
16
22
22
24
259
37
323
243
49
90
245
8
263
318
152
111
48
92
92
71
143
162
246
230
173
47
39
49
16
40
300
108
230
230
40
40
150
205
38
234
155
210
113
335
70
36
306
389
112
150
151
120
145
141
307
159
173
307
40
105
65
120
70
120
230
108
112
336
37
173
75
70
54
140
111
4
136
283
40
22
34
152
239
61
22
236
112
230
314
157
53
230
239
295
398
29
123
234
40
6
300
95
405
238
159
73
157
207
371
112
127
230
318
188
304
21
141
33
79
68
8
106
318
49
148
22
34
230
50
257
230
65
53
43
233
293
234
141
14
140
22
243
120
115
111
25
40
318
304
261
239
22
88
390
300
78
2
40
4
40
259
92
49
257
141
39
300
257
40
33
149
111
307
239
34
304
116
116
40
336
22
8
76
238
120
150
155
49
14
71
314
40
238
148
148
148
148
148
112
44
70
190
109
91
70
70
40
300
151
190
336
157
157
155
234
92
72
230
33
152
397
154
205
111
34
160
51
70
152
49
152
8
234
34
42
34
15
294
307
190
204
170
324
8
230
170
112
77
314
230
115
152
73
310
34
229
193
26
390
20
49
26
151
70
307
160
84
70
173
40
287
210
70
67
143
296
14
70
67
139
188
98
336
290
284
311
158
230
44
49
230
290
71
71
154
257
22
306
296
292
73
71
22
230
260
40
299
22
91
373
230
22
152
74
58
259
90
120
173
49
239
295
40
239
336
44
402
264
154
43
26
294
88
137
32
120
141
148
230
2
142
267
26
71
26
132
141
259
111
239
112
2
257
182
318
49
14
307
234
8
63
208
318
115
263
98
35
307
290
389
120
264
95
307
34
336
92
239
29
71
170
170
244
394
38
260
108
371
69
37
239
40
120
263
92
70
89
239
37
73
205
318
230
208
49
111
22
310
259
259
22
312
32
152
18
35
24
26
238
88
264
318
161
70
239
70
70
29
163
253
307
264
111
92
173
320
34
22
264
320
335
120
259
156
70
306
291
161
308
264
22
77
111
71
240
234
238
92
264
370
26
31
70
301
92
54
141
116
73
405
157
307
40
37
154
159
67
2
120
308
267
70
318
40
211
239
259
307
307
70
188
298
159
200
233
92
64
197
106
151
40
109
22
307
40
316
246
300
8
260
137
88
40
216
140
230
68
336
22
284
371
158
33
290
32
34
251
141
247
243
284
29
42
68
22
148
230
307
304
34
121
141
205
70
234
234
26
230
49
92
22
34
50
34
238
343
264
244
299
64
234
239
229
120
246
8
115
233
335
288
95
123
152
148
373
141
369
150
307
49
8
49
53
44
307
239
152
43
8
87
2
2
275
22
71
251
205
95
301
243
307
189
158
9
189
16
75
230
150
234
154
116
204
70
239
154
290
29
71
259
73
92
8
151
315
160
158
198
159
29
230
134
230
152
141
205
70
173
70
160
198
141
29
229
234
230
22
205
35
158
298
307
234
111
403
144
141
70
90
161
198
22
190
190
190
41
371
275
78
152
120
259
73
92
155
318
157
67
152
190
234
32
318
111
6
159
239
300
259
183
183
32
120
234
296
22
264
140
8
234
95
8
8
35
230
307
70
318
239
151
151
26
111
155
230
307
90
34
300
70
257
312
245
111
290
407
109
26
234
239
306
270
273
239
243
35
71
116
71
109
71
34
34
151
70
162
71
264
34
273
347
151
80
18
101
44
89
230
211
152
40
140
49
40
155
24
5
307
26
8
269
120
230
316
264
120
264
8
170
170
173
292
31
8
239
71
67
284
279
32
152
70
275
240
95
294
140
238
95
143
16
164
316
37
49
108
14
116
318
201
164
252
38
164
143
394
300
91
8
230
141
71
301
207
70
259
72
157
141
73
95
73
40
90
108
70
34
202
152
109
296
111
343
211
153
264
40
307
266
22
9
150
335
230
8
8
255
151
164
22
83
106
40
315
32
234
120
159
33
299
259
70
50
70
37
67
70
307
226
65
234
92
29
293
308
230
49
273
40
234
34
26
394
167
95
290
16
152
141
49
338
40
151
414
9
118
306
299
34
307
71
120
43
376
308
273
140
230
120
394
70
115
34
288
34
95
152
284
95
36
259
284
42
266
259
34
155
44
152
238
144
234
70
260
14
320
67
131
159
114
152
230
238
44
198
114
141
234
134
155
70
158
136
35
234
154
141
71
173
150
261
170
2
34
348
26
238
130
230
291
95
95
40
259
95
109
95
148
141
140
40
92
32
248
162
216
158
288
230
22
70
92
70
70
71
200
236
39
33
136
137
309
76
307
73
157
205
194
152
70
173
65
230
40
230
71
238
26
67
75
234
2
70
98
264
152
40
333
311
120
196
210
190
212
106
92
125
307
143
264
264
229
34
188
257
246
157
230
9
37
38
123
264
270
284
336
70
307
207
212
40
246
306
40
70
120
92
78
371
34
244
230
234
70
26
230
314
112
161
230
70
57
210
73
120
40
104
34
226
22
269
10
10
160
70
70
67
140
158
55
4
158
307
266
234
211
70
40
371
307
41
159
314
106
120
74
238
152
279
309
61
22
71
95
31
101
304
238
164
179
26
95
92
335
266
26
164
53
300
8
8
49
49
40
239
238
137
64
64
61
8
95
151
40
170
170
170
111
270
120
8
78
229
230
158
132
312
108
238
170
257
394
52
173
92
116
95
40
91
152
269
307
106
299
309
92
309
240
307
150
246
307
234
191
307
234
111
230
208
161
159
173
309
307
49
70
15
155
307
91
40
307
307
307
307
291
307
307
307
38
243
307
307
307
307
309
307
307
309
307
309
309
307
309
307
307
296
335
309
307
152
390
75
309
92
106
239
120
284
34
108
70
22
71
88
40
160
155
164
104
273
233
238
111
92
70
152
242
210
198
40
39
112
234
101
198
309
70
189
88
148
159
131
205
116
239
105
244
44
115
212
33
106
275
94
49
249
160
320
70
160
70
92
198
230
173
155
34
112
2
40
22
29
264
183
76
320
169
233
270
5
129
70
288
101
335
246
239
234
157
73
75
160
106
154
154
40
230
259
179
52
318
318
26
43
8
141
22
8
246
304
307
59
61
49
259
78
34
141
279
16
279
343
16
18
377
261
16
164
238
26
238
37
288
26
92
115
373
264
240
36
253
164
22
304
211
291
230
187
121
101
239
261
112
152
120
288
141
288
4
288
312
67
290
41
95
40
308
290
111
120
263
239
26
238
120
301
49
239
35
173
71
320
106
70
71
75
160
234
52
234
307
307
230
44
307
307
70
152
65
161
343
70
70
204
270
92
405
170
205
114
70
70
259
71
92
78
227
191
71
324
72
141
32
70
90
333
111
92
239
239
40
190
22
296
40
239
307
307
29
22
40
309
108
70
92
22
40
198
71
22
158
160
259
8
158
120
22
288
40
250
40
300
112
288
283
259
259
34
310
112
71
230
230
3
158
44
260
257
70
307
307
230
92
158
288
307
40
50
259
106
160
307
307
70
229
40
144
230
73
70
318
230
112
105
141
230
300
91
22
92
264
8
8
284
70
71
173
320
40
78
40
290
40
59
230
115
246
230
244
397
250
264
283
307
26
275
293
283
16
92
164
37
169
71
8
290
292
46
8
8
269
151
269
95
26
59
238
307
123
264
73
71
151
49
18
290
230
255
120
307
159
111
18
290
141
32
108
234
74
344
131
95
402
70
288
44
390
234
70
154
9
209
234
151
308
151
70
230
247
22
108
152
230
108
70
92
34
190
238
22
115
246
24
239
306
32
312
200
307
288
152
288
70
70
70
155
9
120
9
259
234
234
230
335
211
246
152
35
188
152
293
40
271
16
67
158
33
173
40
22
73
333
70
70
36
161
40
34
72
158
112
22
112
73
160
214
18
70
263
29
238
319
118
265
152
161
67
18
234
112
270
190
31
71
33
157
264
26
371
26
71
11
89
160
111
234
270
33
67
150
234
73
120
115
48
120
264
148
230
40
160
70
269
157
152
49
243
155
140
16
88
40
152
111
67
241
71
137
61
154
290
139
141
90
154
26
271
206
134
34
37
263
16
259
67
273
36
40
154
18
35
101
149
111
40
152
151
251
71
288
40
94
64
125
12
70
57
18
173
234
52
188
40
143
32
108
40
285
92
73
307
43
141
22
159
4
4
239
49
371
402
26
26
55
22
323
26
173
34
35
140
106
154
140
230
189
260
76
22
108
328
111
76
160
41
121
312
155
205
211
390
239
107
336
142
159
40
8
9
71
141
9
35
71
67
255
264
144
55
188
73
246
59
255
295
259
40
54
320
320
307
201
73
40
154
264
40
77
137
167
208
70
89
152
8
51
163
44
106
216
234
165
290
26
71
26
67
40
173
159
33
71
22
40
32
38
290
275
160
162
169
273
284
136
141
164
273
71
40
6
123
92
16
141
44
284
307
8
243
88
373
10
141
40
318
263
201
40
33
269
201
209
201
44
211
336
95
95
20
95
2
91
239
263
6
71
10
32
32
131
36
120
244
306
70
136
70
159
49
158
6
273
71
182
63
71
141
8
204
273
173
120
161
70
75
205
73
9
152
140
70
238
71
160
34
160
155
1
211
269
299
70
92
70
259
90
259
40
40
151
164
164
204
234
143
140
290
34
255
230
9
16
334
288
40
233
255
49
105
234
70
22
284
22
307
264
140
160
284
312
239
32
92
70
259
140
198
83
333
160
9
101
310
136
18
90
71
115
8
22
238
140
335
296
92
150
52
67
238
152
188
39
40
88
109
251
141
116
264
234
141
34
260
148
9
47
8
150
120
212
116
252
260
88
14
201
290
73
141
402
26
287
297
154
164
260
101
132
129
66
208
189
40
259
71
82
312
78
71
239
208
71
35
214
72
230
69
250
120
211
144
230
307
257
307
144
140
288
189
335
152
92
152
188
71
315
86
230
71
40
90
68
152
189
318
159
61
155
69
315
26
18
49
173
8
40
22
259
151
92
271
160
67
154
236
323
73
34
43
190
139
141
108
73
108
160
120
8
22
205
40
288
2
250
158
405
120
9
22
264
47
141
155
38
318
318
151
154
40
238
47
143
223
80
309
2
18
8
70
234
8
70
34
198
160
18
67
71
120
173
239
335
290
239
335
240
61
215
111
43
26
294
312
8
8
6
43
8
22
8
8
158
8
318
10
85
16
243
95
154
143
33
62
319
88
141
390
390
141
40
131
397
34
32
164
164
38
158
229
152
234
109
105
390
70
259
150
159
71
73
157
71
271
105
164
70
34
111
151
250
250
40
154
70
109
190
67
150
92
140
257
234
234
152
71
92
8
211
54
34
70
108
33
307
150
48
160
336
151
158
49
152
271
204
70
290
26
290
73
106
111
72
32
296
293
141
275
70
389
33
273
290
40
394
259
10
347
300
230
247
188
264
92
152
34
18
43
71
16
22
22
318
116
36
8
127
294
240
335
92
26
92
347
71
71
71
40
71
264
63
152
296
8
8
264
141
248
151
26
85
70
115
8
4
41
152
318
33
239
230
112
250
33
335
230
187
109
141
26
158
269
92
34
151
120
120
22
40
260
284
189
173
400
92
312
140
291
188
151
170
233
414
243
230
307
22
120
95
291
239
40
260
264
264
136
18
293
16
335
140
78
255
239
76
3
40
255
39
151
46
120
9
230
260
78
152
314
74
307
238
108
92
310
304
67
290
311
405
114
70
211
22
78
70
72
26
170
9
402
230
239
259
234
310
161
296
299
22
120
92
238
335
230
73
70
160
188
26
233
307
234
29
49
71
289
296
148
43
157
307
34
78
239
137
215
70
250
18
259
333
300
112
202
150
160
33
316
230
154
151
188
240
144
161
189
192
67
40
44
26
26
230
28
70
70
38
25
73
160
230
161
22
109
239
141
389
40
152
8
92
151
95
3
41
173
288
55
159
112
148
215
230
264
136
264
273
155
108
32
299
248
290
266
292
33
91
22
120
290
158
158
113
95
120
57
26
140
264
141
84
101
279
140
116
29
288
49
70
22
70
120
155
151
92
155
234
142
70
70
160
71
144
92
67
70
202
98
2
121
230
160
49
136
158
140
261
73
105
230
230
95
73
248
95
275
139
154
159
22
103
127
239
173
338
141
108
49
153
144
120
49
152
259
4
160
201
141
290
45
140
55
202
373
318
118
83
300
288
40
251
263
73
205
318
34
216
89
191
9
260
101
284
40
238
16
10
70
18
159
94
307
95
108
50
88
336
157
44
160
150
70
22
157
120
155
92
71
230
32
230
62
70
12
71
40
188
311
86
260
150
293
116
246
70
116
309
234
164
309
365
397
263
120
3
152
20
88
284
230
36
269
243
50
294
230
44
303
193
136
284
108
312
233
26
34
32
8
92
152
250
317
71
151
70
71
159
159
71
32
70
40
44
159
309
5
34
22
72
154
154
161
1
70
307
120
34
243
108
16
70
111
40
264
160
140
189
335
173
78
335
299
120
70
189
26
255
96
141
70
123
306
70
190
70
293
25
95
182
243
48
95
288
141
324
111
70
32
159
163
34
68
266
290
40
34
290
291
69
136
230
10
136
9
136
335
52
2
115
31
120
236
141
36
108
141
173
33
11
306
208
105
234
152
201
314
73
98
230
307
200
112
183
70
83
70
73
158
26
164
397
317
89
292
75
22
71
143
402
290
38
214
140
261
106
157
70
154
109
67
273
143
10
238
141
143
159
44
71
318
70
141
43
244
260
153
233
205
9
44
205
67
98
157
92
309
26
290
131
205
154
312
403
159
40
44
164
49
40
109
151
170
259
264
264
318
140
8
143
24
9
142
49
288
70
70
314
70
70
70
70
26
261
88
93
71
248
290
190
291
152
152
190
230
312
59
348
181
120
335
34
152
9
34
189
264
35
112
18
70
22
234
34
336
230
263
287
108
136
306
92
151
38
90
189
150
200
140
34
290
120
157
22
347
157
246
70
161
234
8
414
33
150
300
251
113
239
248
154
22
26
173
26
34
230
260
8
230
318
108
240
307
394
263
273
260
131
152
300
120
211
264
311
120
397
164
105
139
164
143
164
314
236
299
159
115
132
215
86
314
320
215
141
229
8
92
70
96
284
26
230
389
160
240
151
114
159
160
106
75
230
129
92
188
106
55
11
398
90
273
205
288
244
70
44
288
161
40
34
159
72
345
40
251
157
45
193
211
210
88
105
336
71
324
151
132
70
53
160
22
164
268
85
317
239
301
52
70
268
318
263
250
264
151
151
140
221
288
137
44
205
109
99
414
164
39
92
22
24
243
98
26
293
317
259
122
264
261
32
173
115
131
293
106
26
279
74
154
173
312
141
308
141
336
154
5
92
335
320
157
73
159
143
37
112
154
154
151
136
233
78
151
173
8
156
230
307
158
83
114
75
8
230
8
40
151
234
264
18
318
137
243
40
315
66
33
198
82
161
160
234
108
198
284
64
92
70
120
290
316
155
136
92
165
70
92
301
288
208
70
234
290
149
244
8
76
307
5
67
294
294
201
70
211
22
152
290
290
148
189
90
318
273
166
249
264
44
61
290
159
111
335
291
398
246
129
186
129
143
142
140
123
71
5
92
120
233
14
264
290
283
249
261
201
234
201
140
120
314
5
304
322
115
290
150
70
8
151
9
159
22
160
290
1
1
16
234
146
84
273
141
88
154
290
290
92
92
335
335
290
9
164
9
173
264
290
92
284
299
92
84
271
290
157
290
188
290
290
240
290
307
72
318
181
34
6
335
154
88
290
311
290
290
290
203
167
212
294
294
44
157
215
263
10
64
234
33
84
290
188
1
261
290
1
290
414
127
290
41
290
290
73
264
1
1
151
1
290
161
150
1
290
290
290
290
34
70
154
402
243
63
318
299
238
299
307
215
1
234
5
273
141
167
64
336
251
141
9
290
9
151
120
290
164
157
164
71
397
70
234
36
251
255
150
239
306
259
120
141
99
64
290
93
251
250
120
49
85
290
34
290
1
139
92
34
183
88
180
290
290
290
108
92
44
314
290
191
290
48
290
88
170
41
4
16
71
290
67
32
44
299
240
113
320
269
171
154
288
233
49
160
92
32
239
244
38
22
390
92
259
164
164
164
275
34
92
5
264
161
154
158
283
136
71
190
164
154
266
171
84
140
154
173
307
264
24
70
88
210
244
140
141
158
205
157
78
104
183
288
59
71
284
260
141
140
275
170
141
157
59
243
44
230
152
335
120
95
260
264
150
299
230
315
64
264
248
234
28
64
151
202
73
189
70
160
22
239
2
244
165
70
70
239
239
211
158
140
24
32
309
140
41
73
112
70
299
40
88
154
264
26
414
241
143
137
300
259
70
106
290
284
70
264
57
160
70
88
238
320
64
40
73
8
143
270
157
290
67
159
312
240
290
127
276
250
230
264
362
301
140
239
44
193
142
69
8
241
143
290
116
336
78
120
95
162
164
151
290
120
123
140
140
251
251
248
141
181
238
290
44
78
67
40
239
198
189
189
26
323
67
34
264
73
132
120
314
191
204
164
64
246
120
95
158
9
290
144
160
2
28
70
92
70
141
300
47
250
158
143
26
157
112
123
35
70
160
109
161
317
276
414
248
161
80
71
40
234
309
145
264
92
136
300
10
143
157
105
140
300
284
73
71
26
308
2
154
307
136
290
143
293
176
170
88
14
95
131
176
252
64
264
261
264
95
271
141
250
233
299
33
50
198
83
107
22
151
207
141
150
143
263
333
70
136
26
70
160
293
8
212
230
92
26
284
141
307
314
300
44
312
250
70
70
141
71
78
148
105
54
239
113
290
141
44
169
70
234
73
71
83
188
8
52
73
151
22
239
154
290
270
394
74
64
44
72
143
264
290
88
6
109
34
131
32
141
371
250
151
246
307
92
140
95
95
120
94
26
152
10
243
244
44
201
97
160
151
40
318
61
151
320
70
212
318
34
204
78
261
239
248
300
61
264
205
223
75
208
336
26
70
158
70
154
318
264
173
158
70
70
318
290
92
33
74
88
275
259
140
92
201
8
264
70
161
70
105
161
59
234
244
201
63
92
335
92
92
205
154
34
92
243
29
43
70
46
301
273
271
230
92
275
176
18
34
120
53
141
290
9
2
201
61
141
159
233
207
320
44
40
90
318
26
136
136
288
251
120
160
160
157
390
198
210
320
155
193
309
116
267
92
84
20
70
34
70
109
161
136
70
50
239
64
11
40
70
198
87
152
233
320
271
230
323
300
49
48
133
248
44
49
160
92
263
245
105
259
189
169
164
293
290
169
120
9
230
105
34
32
250
36
26
205
320
251
136
148
141
120
84
264
239
84
303
240
114
257
234
302
171
164
88
173
70
240
259
9
246
41
40
164
62
251
141
318
213
105
243
318
67
205
159
46
92
40
87
204
131
70
151
239
284
160
193
70
347
190
40
92
190
67
301
215
70
270
151
160
164
225
120
33
187
36
159
34
154
307
301
8
95
164
233
251
290
273
6
261
92
143
247
170
199
291
176
189
9
239
307
44
294
151
255
201
283
48
269
260
70
70
189
251
70
9
33
314
239
92
155
240
40
160
198
105
206
167
292
152
160
160
115
268
402
88
246
167
230
32
34
201
205
318
290
88
260
246
59
176
398
57
302
88
115
115
92
35
20
290
92
318
24
241
70
308
191
131
140
318
208
199
205
22
71
264
298
61
318
163
161
77
26
92
217
159
155
75
233
111
78
40
198
294
301
142
362
103
2
120
250
260
289
137
199
92
121
290
92
320
140
180
61
94
92
320
69
51
101
97
40
143
151
188
33
234
155
70
143
32
159
40
92
70
32
188
230
25
335
103
307
73
40
76
157
120
32
166
95
52
198
234
71
308
26
160
241
397
8
84
108
105
141
307
296
290
215
49
44
52
140
46
316
233
347
199
294
284
68
92
290
136
141
44
251
159
73
188
157
70
40
92
35
160
71
120
67
60
157
229
307
92
200
9
125
299
111
213
22
293
170
290
70
274
239
290
92
290
34
46
46
141
137
140
173
335
300
34
299
230
133
91
311
55
92
36
101
255
318
131
335
71
307
34
284
211
188
120
192
70
189
92
70
80
239
150
120
18
279
140
270
152
70
16
270
300
115
290
251
141
111
152
160
190
198
48
290
165
157
8
64
188
70
49
273
275
108
158
307
159
112
150
92
208
158
166
205
71
116
12
35
78
239
44
248
213
301
8
287
259
269
176
104
70
37
192
33
72
112
215
230
195
73
293
284
159
85
239
9
71
234
155
243
141
255
141
26
230
115
229
85
194
120
25
221
154
269
52
120
46
290
318
131
61
317
321
321
321
321
321
321
321
321
321
321
321
157
257
136
36
29
321
73
230
154
317
140
252
22
151
98
230
61
290
273
88
40
397
264
71
39
246
157
158
4
140
46
141
141
8
295
44
131
154
300
52
161
160
181
318
136
151
159
188
70
164
150
95
37
108
44
263
307
273
70
290
112
252
295
164
164
123
26
16
95
26
69
398
169
311
129
70
234
317
25
159
70
70
279
90
120
160
320
259
9
111
143
246
225
150
22
33
70
116
268
74
284
22
68
335
34
159
121
44
44
153
307
131
208
52
127
166
378
201
70
215
70
70
250
141
154
158
141
270
131
312
120
141
16
26
152
71
70
397
52
400
150
269
33
140
72
141
164
71
155
92
64
129
141
279
92
312
85
141
70
71
76
153
40
151
307
239
260
101
159
63
136
248
292
33
70
198
193
249
161
193
90
314
290
95
292
157
284
3
123
53
299
8
255
44
263
188
116
249
24
95
33
246
190
240
294
299
101
181
70
159
43
244
314
95
316
161
48
34
69
160
157
157
9
260
284
335
144
159
335
336
33
21
70
34
105
70
120
9
159
34
67
5
263
3
40
239
72
158
240
59
160
16
70
70
73
240
159
72
237
206
114
323
92
95
109
320
203
234
78
39
44
120
105
92
230
92
34
120
42
205
70
139
70
248
173
173
158
73
70
64
246
260
320
120
95
336
266
304
239
250
230
70
87
198
108
92
59
251
318
26
4
157
151
73
59
335
306
44
229
248
299
190
141
259
270
70
88
264
239
54
225
26
255
61
247
70
140
180
22
151
204
207
64
307
14
154
127
151
225
320
252
157
35
162
141
9
26
71
201
78
251
279
160
72
158
70
240
70
160
150
143
8
234
85
8
263
240
243
148
293
318
115
246
71
398
318
92
251
5
5
26
108
114
92
70
279
243
335
91
72
155
57
8
240
105
114
290
290
9
201
189
188
115
150
191
240
160
225
199
33
248
303
141
154
106
34
230
90
234
161
129
154
308
70
161
106
48
150
284
141
161
191
160
403
71
284
291
201
211
238
239
239
9
240
69
140
151
22
161
101
136
210
89
114
191
141
165
152
154
34
115
233
255
64
259
239
263
315
148
38
290
110
150
102
234
3
335
70
72
85
92
92
158
111
105
281
11
159
159
50
193
162
95
206
11
125
312
70
5
114
186
151
260
95
159
131
73
152
73
189
28
145
264
104
229
259
151
33
73
164
5
335
283
102
244
154
239
230
26
105
140
159
141
44
260
132
203
34
160
34
320
173
307
333
92
316
159
239
161
264
230
335
290
273
164
140
34
9
270
234
211
208
328
158
111
259
127
335
140
132
243
283
84
230
141
85
250
54
318
260
141
44
131
186
70
394
70
266
198
243
161
120
95
136
154
318
92
194
158
160
151
199
330
290
34
208
310
264
154
308
318
92
264
158
263
335
46
88
92
143
318
284
225
92
312
394
92
92
140
72
194
32
207
140
309
112
248
144
32
131
148
88
9
33
167
335
73
240
201
260
1
154
40
73
296
78
65
116
29
335
191
170
157
9
205
2
159
328
318
307
233
157
35
140
64
5
264
95
292
161
189
240
299
154
150
249
327
318
32
105
6
144
154
92
159
140
26
49
50
133
257
332
325
335
11
165
307
70
291
303
335
67
9
308
70
260
22
239
240
105
92
105
394
120
264
394
44
233
32
101
173
154
288
264
170
394
52
61
54
260
335
151
229
151
16
140
335
301
170
143
61
26
335
190
61
11
170
70
335
230
91
327
335
320
335
230
141
154
328
154
318
327
61
89
279
160
236
208
369
159
84
335
154
105
71
142
29
320
2
307
95
161
70
259
8
240
335
328
78
202
154
249
108
291
161
70
68
307
140
54
328
164
273
157
18
159
314
283
276
92
70
61
327
70
44
1
291
9
202
246
238
240
347
87
290
92
44
309
257
181
299
273
330
264
73
164
67
3
8
326
159
153
243
304
95
9
168
98
335
335
67
318
115
230
92
264
69
88
264
335
132
248
141
335
230
264
283
170
240
73
331
335
326
43
131
70
347
141
95
96
9
112
240
201
246
179
290
318
82
260
335
269
330
151
240
269
264
34
72
82
44
328
233
167
315
154
70
234
150
127
49
70
164
64
240
170
307
140
246
61
57
260
86
78
22
276
202
200
2
136
50
301
40
158
73
307
179
150
157
264
158
330
154
327
151
240
260
141
136
78
229
1
269
44
335
330
312
328
240
84
104
259
315
64
330
92
150
292
151
40
157
238
322
95
290
70
140
264
140
299
320
335
92
153
134
115
67
105
328
52
295
398
148
151
143
320
287
335
284
328
70
261
284
40
150
167
301
154
154
317
173
299
151
328
332
329
290
44
141
1
268
264
112
251
120
230
35
290
1
248
164
335
283
154
44
335
338
239
230
140
136
279
317
328
151
32
320
78
141
328
176
129
335
190
284
260
335
320
371
70
320
331
335
9
92
164
284
160
299
169
284
230
239
59
131
290
276
10
239
317
398
150
307
189
257
244
335
314
398
44
59
33
269
161
72
234
37
330
35
233
234
246
234
234
326
136
157
259
269
157
257
137
176
61
101
3
266
240
164
176
70
22
314
140
136
141
264
141
230
108
70
64
330
140
95
138
66
73
154
70
200
105
283
260
72
92
259
246
327
50
331
9
154
134
140
160
233
140
105
317
273
329
259
70
335
161
335
240
301
154
136
330
239
152
121
136
317
259
41
140
266
269
317
8
259
9
230
347
347
335
301
62
57
301
159
300
207
34
257
1
33
105
283
83
273
40
152
41
152
311
276
257
154
220
73
88
22
9
96
264
315
330
140
328
328
266
44
44
143
335
59
116
64
20
111
70
330
92
292
329
1
317
49
159
397
92
143
151
170
161
92
304
154
337
338
64
290
70
325
290
57
92
269
272
317
269
329
140
44
279
240
127
92
140
240
34
92
8
136
239
44
161
32
112
249
52
293
54
233
72
70
290
101
290
264
269
101
290
6
261
325
115
54
331
164
290
240
91
304
154
33
44
312
72
67
240
240
240
327
106
70
240
170
73
101
157
57
73
155
207
145
157
141
92
284
329
133
35
290
134
325
330
398
317
136
318
44
329
141
141
101
317
152
264
154
240
120
92
140
10
1
294
108
327
61
78
238
92
264
240
240
140
68
154
70
140
290
108
264
148
221
306
140
66
170
307
284
92
63
240
137
154
158
133
325
329
143
276
91
331
71
154
221
294
398
251
101
314
141
221
88
169
161
161
150
87
148
240
240
315
49
134
154
285
260
70
302
276
92
292
260
233
94
166
69
154
46
44
307
141
317
290
181
385
252
307
97
188
44
80
292
49
92
315
34
44
290
141
95
70
240
240
240
131
154
181
320
299
311
154
245
70
143
157
84
154
84
347
151
109
159
71
70
372
295
251
159
70
216
288
109
167
170
106
64
288
134
338
54
263
68
140
143
299
105
73
296
362
150
335
290
247
240
136
307
257
16
290
150
251
248
59
299
5
140
72
396
84
71
317
234
230
414
290
276
48
290
290
44
140
338
26
247
62
123
70
263
92
290
318
397
264
233
107
335
260
44
230
159
292
48
338
111
290
290
226
71
230
158
164
170
185
246
394
164
335
363
371
246
113
31
234
243
95
335
292
98
127
347
243
300
70
64
120
247
73
72
141
70
59
142
246
120
230
327
327
154
35
398
112
290
318
183
143
33
89
154
181
299
108
181
317
103
150
164
306
127
143
264
378
160
234
51
108
398
264
120
42
239
347
394
92
31
240
311
164
252
61
317
151
150
151
164
259
120
44
141
34
318
233
91
115
249
292
52
320
120
229
44
34
164
394
394
167
131
259
234
154
283
68
1
61
151
211
317
66
159
279
233
318
347
168
369
49
44
290
52
347
154
290
290
338
226
336
230
46
108
120
398
245
293
140
116
335
234
33
150
210
398
157
1
109
92
5
151
251
107
249
246
71
118
227
190
230
127
8
233
317
308
335
57
158
264
101
279
92
234
151
266
318
381
68
69
70
68
234
211
154
210
150
335
35
239
101
131
140
60
221
304
157
120
230
233
254
181
338
34
347
44
307
8
160
409
353
234
233
46
240
59
152
233
292
292
33
395
49
36
314
46
168
10
244
234
166
120
120
234
44
59
317
151
381
290
112
49
39
377
164
240
173
39
40
188
164
164
290
284
154
