33
129
61
48
259
131
127
243
44
179
64
35
239
121
152
54
59
44
54
151
200
259
62
246
283
105
146
229
293
259
44
115
112
211
109
120
31
290
31
49
272
123
188
39
151
150
35
33
115
111
263
79
246
111
148
39
230
240
238
109
259
230
230
230
125
162
239
49
151
54
33
150
234
44
311
35
150
109
44
33
152
44
150
80
80
313
80
259
148
148
58
334
298
238
44
230
230
108
33
246
68
48
148
308
246
68
246
148
148
116
245
111
39
113
120
259
148
142
54
109
111
313
80
80
238
259
167
318
151
115
70
64
127
40
230
307
297
49
159
43
259
234
150
247
294
259
49
296
259
259
158
167
157
205
259
178
276
48
5
230
188
73
72
129
44
276
127
101
90
244
110
312
33
236
44
37
73
108
129
49
230
109
151
33
316
151
35
116
111
35
44
109
230
257
113
80
31
95
273
68
255
129
150
164
116
44
39
39
116
239
109
276
273
111
262
121
120
70
115
239
243
92
230
259
312
70
230
48
111
259
140
230
167
271
121
308
2
269
189
32
64
92
182
158
324
230
59
70
234
252
120
239
59
132
276
43
67
263
263
263
120
116
229
134
154
120
151
44
33
44
32
49
259
148
68
120
129
108
142
121
115
239
259
48
230
114
152
44
259
257
39
116
116
49
151
307
116
109
49
188
247
113
151
151
152
259
83
31
244
21
241
253
271
151
238
116
33
248
233
310
230
151
49
151
112
211
259
150
252
243
112
158
307
152
246
239
39
139
257
151
230
115
184
37
125
35
32
158
113
76
260
306
44
260
109
67
115
230
41
64
273
259
152
141
259
233
33
21
246
29
38
238
49
110
41
152
101
269
230
252
59
67
39
136
116
111
43
246
42
74
155
253
230
151
273
246
254
41
21
200
129
38
64
120
33
48
275
44
239
64
115
148
131
109
293
22
116
95
153
41
150
234
159
108
153
90
159
259
3
59
252
398
111
234
5
259
259
173
269
234
111
131
109
259
78
25
73
155
234
230
368
234
259
239
113
115
240
148
151
259
240
232
150
67
49
33
39
181
33
32
78
230
259
155
2
111
125
35
259
32
39
259
151
44
307
39
109
49
22
120
88
294
248
115
70
112
148
115
405
246
111
44
237
259
265
233
148
308
230
121
117
116
234
155
72
259
115
243
131
43
116
234
95
234
230
8
70
154
44
131
308
65
32
78
259
307
234
230
70
41
92
49
64
239
243
72
269
234
57
49
230
188
121
39
230
312
150
115
71
390
64
284
157
240
4
68
240
151
243
259
299
24
205
239
71
125
318
49
71
390
173
152
49
238
259
259
49
230
33
2
92
21
390
246
333
263
9
230
318
74
104
162
146
240
293
48
271
31
116
76
68
2
121
134
243
230
21
155
49
297
230
32
151
210
244
259
9
83
308
151
299
142
116
22
76
230
239
152
111
71
151
246
70
307
106
34
324
70
150
108
211
120
239
316
95
108
148
111
263
263
72
41
259
151
155
34
39
25
229
160
73
259
70
70
90
68
34
244
229
10
284
300
148
34
151
259
239
40
318
49
101
132
2
111
9
111
162
296
46
67
73
22
22
112
22
125
151
37
41
71
113
111
115
105
116
33
304
304
141
152
115
314
31
34
297
307
159
44
187
240
32
70
40
251
259
259
324
336
95
33
125
39
40
238
113
31
21
309
152
151
22
49
259
68
49
246
90
90
41
49
71
151
61
114
300
10
111
115
55
49
318
261
306
2
115
95
33
145
324
48
71
120
273
141
159
152
151
115
22
71
32
22
22
312
8
48
247
41
106
230
70
22
115
243
26
92
49
116
257
90
271
230
111
116
140
40
161
22
230
229
188
243
72
49
318
40
142
48
290
373
155
10
22
150
109
38
31
273
261
22
155
4
33
215
229
84
141
49
5
159
239
236
64
121
290
273
152
234
26
148
230
111
173
71
152
290
302
150
71
234
312
26
5
40
162
72
71
93
71
40
246
255
112
9
79
312
35
307
40
40
313
150
312
38
244
335
292
255
336
246
6
151
118
49
141
123
239
287
68
143
259
234
112
61
261
10
132
71
40
108
71
71
262
34
33
108
40
64
112
152
81
92
154
216
10
234
234
26
92
92
131
95
44
111
116
142
257
21
307
49
18
151
315
71
239
153
244
270
22
70
152
48
307
49
318
49
140
33
143
284
38
239
40
198
243
316
120
22
151
307
73
106
160
204
90
90
90
90
90
259
2
106
34
269
111
299
38
398
34
84
70
299
35
302
155
32
26
26
26
324
205
141
316
287
299
83
189
37
95
160
152
22
405
31
78
116
70
314
336
47
112
230
49
4
120
40
288
71
263
67
34
26
309
136
288
240
134
283
55
234
152
49
141
287
40
40
288
238
70
40
151
307
234
414
22
94
269
310
78
43
239
105
121
259
148
302
111
287
21
116
116
160
92
288
230
40
120
205
284
151
70
73
257
92
259
308
140
160
31
307
70
173
287
301
43
312
306
150
44
26
140
40
95
152
9
9
160
26
71
70
153
288
230
318
318
397
49
34
89
143
70
284
259
279
153
26
169
40
143
41
32
188
71
290
112
108
95
78
22
106
70
114
22
311
32
111
306
151
49
92
275
26
155
320
10
263
263
61
120
44
151
179
239
95
111
40
49
71
49
71
81
240
121
259
92
238
26
362
116
324
74
61
16
160
152
159
260
95
26
117
34
263
255
40
279
95
173
92
92
111
105
95
49
34
34
26
239
152
244
22
22
106
70
310
315
284
71
230
92
26
283
307
52
141
116
68
131
239
34
397
230
120
49
275
243
61
151
70
67
70
70
95
26
30
90
179
49
287
311
229
22
104
179
44
148
84
287
151
191
84
246
288
205
40
288
239
40
141
49
158
2
273
153
251
189
260
243
134
51
150
92
123
259
49
9
270
40
188
9
95
279
279
32
39
92
159
92
44
240
11
389
136
298
271
95
40
279
275
290
151
22
121
40
92
16
152
92
21
29
106
240
157
90
273
112
105
263
257
173
263
40
40
173
70
273
307
173
173
373
299
158
290
299
22
9
26
284
26
163
40
92
112
233
152
111
161
234
151
148
84
283
21
151
157
152
141
64
211
71
38
121
76
120
49
120
279
123
151
83
116
151
154
260
239
160
125
69
26
171
92
161
121
234
151
108
71
414
4
5
143
288
369
108
68
54
24
73
10
32
112
188
260
198
160
64
34
26
289
143
148
151
8
253
239
304
230
80
151
188
71
248
84
155
288
159
32
34
248
59
92
154
233
143
139
123
1
57
26
120
290
95
240
288
335
73
71
40
141
188
105
188
152
281
106
123
70
148
288
44
71
302
32
111
263
369
140
110
159
139
71
118
238
105
244
140
43
288
67
92
148
166
40
288
95
48
250
261
38
104
288
95
105
299
288
148
35
288
92
41
214
111
292
233
123
290
239
32
288
283
244
315
73
142
242
257
132
230
143
324
150
169
248
237
246
287
315
71
26
5
141
32
35
35
26
101
23
288
288
281
70
73
95
44
113
73
304
324
98
95
111
95
204
189
18
252
288
69
230
252
259
259
71
70
233
288
169
157
141
113
9
259
70
239
231
10
89
70
246
182
34
64
26
290
293
34
95
69
64
233
301
9
288
95
73
65
275
240
71
120
140
313
283
92
154
312
26
140
300
111
44
106
120
243
78
244
288
246
70
140
70
22
205
158
279
152
120
67
312
234
173
288
154
320
155
95
308
288
240
95
67
290
230
230
312
250
70
125
290
290
70
40
16
148
140
307
151
95
288
105
70
32
70
22
259
95
307
111
40
161
44
269
263
71
250
290
240
70
312
73
234
136
189
70
150
152
34
92
292
208
279
92
142
154
111
26
163
95
42
304
49
324
214
148
40
22
315
302
70
201
155
160
263
22
71
263
263
250
142
88
179
32
5
140
244
64
92
95
233
116
288
71
95
160
259
313
114
320
230
240
239
114
73
154
284
35
159
89
73
70
108
259
92
34
160
87
114
106
43
129
290
240
70
105
120
129
155
143
92
288
95
92
70
322
259
318
55
40
22
57
143
244
38
398
121
64
288
70
111
44
315
32
257
40
150
46
21
233
238
22
151
22
263
72
273
183
273
215
260
324
92
230
92
75
92
290
139
269
159
108
335
321
321
70
76
321
9
234
26
108
8
84
151
73
155
157
70
273
34
131
1
205
120
71
83
389
160
160
159
320
116
273
92
294
44
72
44
263
214
139
9
104
414
60
92
68
238
140
43
230
307
160
142
95
84
84
92
33
98
37
26
116
78
273
75
279
5
166
390
157
318
284
159
139
40
167
120
190
143
44
288
414
228
132
120
41
26
288
300
29
40
190
106
230
105
210
152
110
71
49
120
140
95
64
59
140
71
84
290
92
201
49
272
186
105
193
307
159
151
88
188
44
92
2
230
151
106
70
239
318
71
49
138
159
139
123
205
22
179
84
229
84
26
335
22
90
150
64
181
188
170
260
120
279
299
299
230
158
283
131
233
112
176
105
92
179
159
92
108
301
82
256
62
92
137
154
52
320
71
335
260
70
160
148
369
311
92
105
59
259
140
40
71
312
59
113
140
208
34
288
335
105
48
9
173
290
397
293
288
159
55
225
329
335
8
259
398
59
92
230
61
34
336
34
279
299
284
179
279
151
234
3
141
70
34
35
140
288
140
230
255
140
10
82
335
73
152
84
43
328
263
179
313
335
157
159
159
336
89
327
259
230
290
335
158
82
74
170
34
46
179
95
142
151
276
337
64
268
299
120
315
335
95
70
139
248
40
327
40
92
171
275
248
71
332
283
288
248
320
304
328
84
257
234
306
121
240
304
70
154
141
95
120
71
143
414
134
92
111
95
141
154
290
178
48
44
230
160
320
34
164
414
330
288
325
131
335
70
233
95
263
304
32
251
251
328
320
329
160
338
95
269
116
71
8
279
328
153
80
338
213
246
347
70
70
262
98
252
230
303
55
21
140
283
92
318
49
240
178
269
240
246
52
176
335
338
151
202
70
80
36
187
137
140
70
70
139
318
171
176
292
2
98
34
229
70
148
301
335
273
142
315
314
160
11
40
92
188
140
120
263
71
82
49
76
140
61
59
268
311
140
288
318
227
311
304
40
70
230
73
283
52
140
290
314
76
261
71
290
151
95
297
154
257
64
10
311
129
338
140
251
95
139
41
143
120
335
92
78
188
335
188
164
255
283
120
57
234
302
72
63
234
299
248
72
141
166
335
327
230
327
133
224
273
225
150
133
120
335
59
151
324
34
299
307
67
139
230
335
158
34
247
141
398
292
259
31
59
389
318
162
151
72
304
284
257
414
99
269
49
335
283
143
87
230
68
131
398
10
22
154
141
129
148
263
154
49
140
148
61
230
136
127
273
162
176
34
91
59
311
398
290
16
259
112
140
10
259
151
245
153
150
240
