129
167
44
44
35
44
110
44
120
141
68
127
44
151
120
238
151
68
69
68
44
121
123
162
33
126
314
25
148
126
4
144
79
44
120
151
233
148
148
108
111
35
111
126
42
115
247
120
158
168
34
243
251
116
183
46
152
159
44
44
151
115
111
239
239
246
148
49
33
95
141
141
49
63
38
159
44
108
259
49
74
300
111
25
162
132
238
118
64
269
38
70
188
160
49
49
112
239
259
49
353
112
49
318
152
44
90
307
234
240
155
111
92
43
54
230
150
114
313
308
31
271
294
120
318
32
304
65
114
116
348
126
259
313
112
308
120
31
148
49
234
80
112
70
31
263
108
50
113
80
44
211
70
259
335
105
159
70
307
67
120
92
259
64
113
33
19
31
259
159
70
35
9
234
300
31
105
113
95
51
70
120
150
117
49
73
8
33
246
83
152
236
234
239
151
239
28
159
112
88
70
22
112
114
157
307
126
49
267
311
304
249
26
120
8
40
31
70
300
233
38
259
284
32
49
312
159
95
234
311
90
160
70
120
40
49
311
32
241
10
33
294
318
304
311
311
335
33
311
111
314
34
63
152
200
239
311
35
159
152
67
67
92
120
4
188
32
112
311
49
33
160
22
111
120
260
307
111
70
70
73
70
311
227
31
259
70
205
141
98
31
71
290
243
141
211
311
335
364
93
230
311
142
155
83
324
112
9
154
83
26
120
152
311
161
299
312
8
26
140
32
198
211
40
33
300
300
309
307
49
35
22
140
315
142
141
9
71
70
157
173
173
40
70
314
35
318
346
80
88
70
123
84
70
173
9
92
114
83
92
230
108
33
416
260
80
141
188
70
346
38
239
343
240
120
22
6
239
94
40
80
152
184
259
152
92
70
70
141
115
261
52
294
92
259
259
338
32
184
184
152
160
239
141
113
151
32
92
260
268
47
44
54
109
312
34
84
114
299
20
260
142
152
40
114
248
294
324
63
248
346
259
137
136
287
225
233
70
193
142
95
112
40
123
22
32
392
92
318
260
141
143
92
238
49
33
92
287
44
63
88
299
324
183
136
136
141
250
157
215
111
233
70
33
270
195
300
142
160
141
239
261
299
299
40
40
113
67
95
299
299
308
105
159
92
92
122
95
155
52
108
260
364
140
70
324
50
40
143
189
70
32
8
40
84
140
259
150
191
106
82
190
22
67
260
324
239
314
260
120
120
39
34
84
300
67
270
18
189
173
122
200
105
311
112
294
234
40
61
157
260
233
154
136
295
64
84
82
299
160
108
35
311
211
42
88
89
239
2
112
193
120
201
33
201
204
275
109
114
85
44
240
141
54
187
170
134
148
311
155
240
88
150
82
416
364
346
120
169
141
80
328
398
120
167
263
263
140
57
80
161
311
31
330
50
79
158
208
313
325
302
82
70
273
330
327
80
80
44
80
14
39
120
64
239
33
120
127
335
