257
25
44
46
163
44
44
251
54
44
120
241
251
230
48
44
234
234
120
269
48
230
44
151
61
44
44
398
54
44
250
44
48
44
44
35
35
48
44
44
44
44
57
48
48
44
57
233
44
151
118
44
272
150
251
59
54
44
251
54
269
150
54
54
261
250
61
44
54
61
230
33
44
101
54
54
54
61
251
230
120
44
61
35
33
48
57
61
61
48
61
48
61
61
57
269
251
269
48
44
44
48
276
261
57
48
48
61
57
54
44
57
64
44
57
120
230
250
61
230
48
44
44
44
272
48
44
48
44
44
259
42
229
261
259
44
44
314
44
54
33
44
230
230
230
276
230
150
44
239
49
49
113
246
247
116
31
57
120
259
269
61
64
44
46
54
54
54
44
150
163
167
48
164
67
44
230
243
230
269
230
269
259
54
283
112
44
307
116
44
252
49
307
67
112
314
44
54
182
92
246
168
265
259
314
295
44
259
211
61
259
283
307
241
230
44
44
109
230
314
67
44
276
44
48
246
167
259
150
230
163
33
109
125
112
64
109
246
324
125
163
259
49
111
29
259
49
49
259
118
113
230
111
259
230
159
68
44
48
118
259
188
304
108
83
111
259
33
79
73
259
41
49
48
239
151
25
24
148
76
49
239
37
120
239
230
234
259
120
68
141
120
233
113
37
294
362
68
150
257
153
152
259
57
230
230
120
111
162
33
120
253
111
259
191
116
259
204
59
33
230
111
68
115
61
109
300
49
123
233
150
276
61
151
61
61
188
215
247
215
40
159
32
32
284
151
307
304
150
116
304
234
111
318
148
257
257
259
239
233
244
101
243
184
113
120
150
241
201
362
70
34
148
284
76
300
167
76
8
157
263
238
112
120
259
111
239
246
152
230
259
317
182
246
150
230
67
41
49
261
67
33
49
259
149
100
307
95
216
67
163
116
120
178
92
259
49
111
44
140
95
34
120
32
49
113
168
35
4
152
40
152
257
324
57
204
308
243
293
44
109
241
44
125
108
159
54
239
163
298
37
230
49
126
31
162
8
129
44
287
113
234
259
70
150
173
129
125
116
150
270
141
141
259
111
233
263
234
294
154
68
251
229
234
8
263
338
201
37
149
292
49
230
38
234
211
307
123
230
246
148
318
26
152
109
111
297
33
111
44
246
92
216
70
159
230
120
32
70
68
257
109
8
152
108
123
62
190
49
151
40
114
239
48
44
230
40
22
300
230
2
67
300
263
49
150
41
307
120
70
307
40
152
249
252
148
44
283
230
150
159
246
230
246
182
148
159
251
251
152
300
230
41
108
310
307
4
273
227
57
119
308
188
49
141
141
241
243
230
121
239
120
269
168
64
95
44
67
140
162
8
70
111
118
230
300
300
199
159
152
44
152
300
109
230
120
74
152
259
95
120
40
146
95
155
111
120
65
29
234
95
111
159
241
109
109
109
109
116
230
8
49
230
120
70
120
123
230
307
230
242
307
33
304
225
272
233
8
307
243
31
120
67
120
307
295
111
259
41
120
269
95
215
141
112
230
239
230
78
92
101
353
49
239
158
229
111
296
246
120
150
154
42
246
49
163
152
192
36
230
163
33
19
227
31
116
150
227
106
120
49
120
115
33
269
111
120
70
120
43
314
152
243
255
120
230
318
150
4
25
67
120
112
150
49
44
48
274
131
114
283
159
40
230
259
152
293
125
229
225
304
36
234
230
230
34
116
230
247
230
307
22
70
193
22
234
109
245
43
43
158
238
259
151
70
70
120
44
314
257
244
240
28
13
42
115
230
152
65
49
245
230
44
111
70
54
49
150
241
61
300
307
145
116
94
267
257
318
173
92
150
229
2
307
33
40
168
108
111
25
300
300
241
118
44
257
365
22
300
120
2
148
67
148
302
216
111
230
105
293
123
116
246
261
105
239
33
246
75
324
2
120
49
296
49
246
111
317
59
203
120
230
120
246
230
64
259
230
125
246
205
229
229
109
255
307
241
241
111
125
49
95
184
113
168
61
38
49
95
259
307
129
230
246
14
150
246
230
71
230
291
32
320
120
205
230
148
32
22
271
259
33
306
49
103
24
230
101
59
307
120
70
57
101
67
150
70
246
125
239
148
32
261
259
257
116
125
76
230
33
241
150
34
244
193
35
246
41
33
150
111
246
44
120
111
120
54
90
33
116
151
239
41
150
35
246
234
148
95
234
71
168
163
234
32
35
239
41
120
39
230
49
44
8
212
158
188
115
142
115
234
234
311
49
257
209
318
234
71
152
211
318
10
267
261
259
44
335
155
40
78
8
259
120
314
121
151
141
173
315
173
2
41
324
151
234
234
22
279
164
120
109
40
61
38
38
94
43
40
67
152
271
271
300
243
49
297
151
25
111
318
259
148
43
43
43
33
32
150
230
120
300
31
167
76
8
243
154
41
111
33
116
129
238
247
32
230
95
109
151
8
335
150
120
151
230
307
115
210
279
49
304
49
148
116
115
54
184
244
57
106
233
176
221
217
179
259
152
111
307
229
205
241
230
108
67
67
190
83
300
70
33
49
304
300
238
33
26
26
152
152
257
34
35
111
33
248
158
333
44
31
259
70
120
244
300
76
159
49
33
108
150
152
261
160
239
230
33
188
33
44
40
54
109
261
61
253
129
105
109
284
306
397
150
111
49
243
120
232
230
150
152
257
5
159
95
49
246
2
2
267
40
40
40
120
67
68
106
159
32
32
307
151
9
112
2
29
42
42
31
42
306
116
304
188
362
243
70
212
49
190
229
155
75
109
108
239
76
238
243
173
150
150
259
71
70
71
71
120
32
76
9
227
76
246
101
238
62
41
92
230
71
40
293
148
300
230
105
243
76
229
67
49
230
42
8
120
67
238
311
71
129
151
152
120
259
120
44
153
79
70
142
44
152
163
311
311
386
292
65
112
33
71
159
190
190
64
300
246
14
95
109
230
152
33
63
33
150
150
163
307
152
241
323
159
54
162
152
297
111
153
111
41
152
152
152
54
2
251
54
309
152
131
398
49
150
150
153
150
181
230
159
115
290
152
109
188
49
128
257
246
71
33
120
8
54
241
120
111
241
234
116
152
31
70
150
259
294
270
310
241
152
243
307
8
239
246
259
152
234
293
151
230
148
111
210
40
23
49
300
230
152
25
152
151
76
41
335
234
90
155
33
33
44
158
158
113
49
152
307
318
92
300
49
152
259
300
111
233
120
314
300
234
318
234
230
49
2
40
352
173
106
44
111
152
49
168
168
233
108
109
300
284
8
8
67
163
116
40
163
33
241
230
300
120
307
57
150
31
188
118
151
166
10
114
234
314
35
49
120
259
32
200
109
259
162
115
230
70
90
324
120
253
318
238
158
158
284
150
243
168
111
259
92
44
230
108
230
157
32
150
230
41
49
230
16
297
230
44
109
109
234
123
115
10
116
115
8
47
102
243
239
31
244
230
44
118
230
230
31
259
120
73
116
241
32
241
259
230
234
230
34
20
33
238
226
120
125
150
261
71
154
65
163
112
111
33
49
40
300
152
150
259
159
33
168
230
108
40
49
118
111
154
49
120
318
300
22
120
230
40
44
315
205
159
234
234
49
40
112
32
163
155
300
150
173
108
22
2
70
152
68
230
65
167
318
229
116
307
243
290
54
40
259
257
70
243
116
150
120
244
270
49
49
118
33
44
152
259
71
114
17
234
314
153
94
49
116
125
71
259
234
70
150
98
120
33
157
70
32
71
32
234
152
234
173
40
111
94
324
65
120
230
152
62
158
148
298
259
5
335
116
108
257
92
71
71
18
70
49
241
300
49
33
49
33
92
32
120
120
259
44
64
152
307
152
205
109
34
71
120
2
234
239
318
49
25
284
307
109
16
284
95
150
120
300
40
27
293
276
152
152
150
67
95
141
111
239
150
234
259
230
152
304
239
70
71
38
40
120
95
335
49
230
300
307
108
230
113
120
71
70
200
33
116
71
22
150
111
35
155
152
70
152
150
253
67
20
71
230
155
2
259
304
239
241
137
70
152
200
314
362
284
118
234
83
159
148
159
230
108
246
150
44
238
62
152
299
257
44
33
116
230
32
234
246
208
293
112
113
40
34
259
111
242
33
49
159
155
190
22
244
152
311
113
9
230
142
233
204
34
152
16
125
241
109
44
68
246
152
48
120
162
92
32
31
150
150
114
230
151
34
190
259
152
40
22
71
307
229
32
22
239
34
290
163
259
31
246
39
123
159
259
152
307
152
61
251
141
234
259
261
152
148
8
150
243
32
120
152
293
259
412
49
304
38
243
105
38
150
28
32
71
159
239
110
173
238
230
405
230
230
233
151
33
49
61
259
151
259
212
162
109
150
120
381
12
259
95
230
49
293
120
150
32
74
49
152
118
257
160
67
233
230
32
190
111
310
120
38
241
111
159
4
35
244
8
115
62
49
9
70
73
40
49
234
155
49
144
144
234
239
243
95
67
173
157
32
40
253
152
74
243
152
44
152
230
141
37
152
74
230
111
234
111
300
234
40
234
8
251
230
41
70
243
67
155
310
65
335
239
263
71
69
26
257
241
33
35
33
152
259
106
184
9
118
118
95
163
152
70
323
229
314
115
120
71
150
257
214
40
41
34
40
151
271
32
116
239
173
259
113
49
163
101
261
44
230
2
261
109
8
109
120
279
34
243
120
49
159
12
163
2
290
141
6
261
300
67
111
152
233
26
151
49
307
230
307
234
230
151
123
40
116
44
318
265
152
152
152
49
49
95
95
113
140
106
297
113
33
109
141
120
41
73
95
65
293
120
67
335
243
307
230
300
32
150
352
189
72
114
120
152
234
71
226
18
152
111
239
294
159
67
22
25
152
307
44
150
118
270
290
31
39
230
70
105
141
259
71
49
234
120
49
71
230
152
153
25
325
32
188
159
152
259
153
307
32
243
259
230
49
238
31
234
31
159
40
111
44
311
146
299
9
67
150
207
159
22
151
41
234
33
239
115
115
159
34
44
71
8
150
241
92
243
229
230
259
90
160
8
200
153
234
230
120
131
132
155
70
230
152
257
234
70
2
71
151
205
263
230
304
152
40
257
71
152
238
67
64
32
33
29
37
152
150
71
300
70
304
125
40
230
120
152
191
190
259
144
95
307
293
78
38
234
230
230
16
72
242
120
241
158
262
109
152
318
304
259
171
111
71
95
38
44
40
49
108
38
41
291
223
299
152
38
230
307
150
212
290
151
68
243
267
276
40
230
234
158
173
299
54
112
300
41
152
241
307
239
120
162
111
227
32
41
296
33
244
118
111
211
32
150
70
252
320
311
241
33
70
32
70
70
112
230
334
111
70
155
299
307
49
49
34
335
259
152
111
10
152
239
159
159
204
243
136
64
44
261
233
2
259
16
257
70
144
120
300
190
76
42
151
234
40
239
151
201
152
318
293
8
156
200
26
118
150
40
68
22
68
92
134
90
38
8
94
37
123
150
263
73
212
159
263
2
234
300
34
49
10
152
311
200
122
111
234
230
307
152
157
32
49
70
49
152
120
111
70
111
230
83
113
152
234
120
152
120
44
116
182
247
152
152
152
38
151
8
155
141
120
159
230
14
261
120
32
152
109
32
114
314
109
115
155
234
44
152
111
246
33
150
187
26
70
120
41
84
300
95
54
230
152
173
106
200
230
163
57
243
44
44
123
42
293
95
109
152
300
71
116
26
335
152
116
49
22
276
300
112
290
152
151
71
244
257
173
300
26
307
152
159
243
152
57
255
95
318
120
188
323
162
64
152
225
38
118
352
246
230
246
152
243
44
230
49
152
40
304
150
31
158
188
65
241
239
40
234
22
263
78
155
71
92
109
246
249
32
159
152
307
113
159
113
259
92
120
307
152
155
34
234
31
49
188
257
229
123
70
152
315
2
64
33
160
14
92
70
155
234
405
230
49
25
234
241
152
293
163
10
152
41
22
70
161
109
118
159
115
120
244
152
239
70
279
57
71
188
8
307
151
152
84
109
160
187
151
226
150
157
113
152
290
188
70
188
197
151
32
4
239
33
152
235
152
307
265
32
70
262
40
40
206
188
75
152
155
246
116
39
33
108
312
111
116
42
24
34
34
34
34
284
120
150
311
148
24
150
234
244
48
300
152
244
230
59
229
230
230
246
230
152
120
106
109
160
259
8
22
273
76
304
151
92
257
31
257
40
304
88
10
47
37
40
243
40
230
41
265
173
230
246
108
32
33
300
152
64
114
103
22
151
95
24
108
405
150
71
238
300
40
55
116
38
241
225
148
141
103
42
111
92
115
120
33
111
230
261
230
259
61
306
22
8
34
190
34
152
259
40
120
315
18
40
159
71
4
230
290
158
255
59
70
70
22
318
245
22
17
33
120
38
116
246
71
205
120
299
14
152
37
141
39
152
76
245
275
8
32
241
49
150
109
154
241
188
73
73
73
6
67
87
73
33
32
233
33
111
38
48
307
230
257
83
73
114
150
111
115
49
120
152
188
67
106
70
71
120
307
125
249
92
243
230
307
234
92
82
31
226
230
40
40
309
40
40
108
120
120
92
152
307
117
92
44
307
61
109
84
71
233
159
34
92
308
8
71
49
153
141
213
4
15
118
290
8
112
304
230
290
49
158
71
8
293
20
290
8
116
304
116
257
173
8
152
154
118
44
249
152
55
230
109
43
68
259
152
92
116
67
112
8
4
151
111
243
39
152
307
38
150
152
152
246
71
307
71
114
37
26
192
160
49
37
22
239
259
73
152
296
316
238
271
113
157
230
115
230
159
43
151
307
259
152
307
160
70
160
92
116
33
115
155
152
263
312
152
234
198
150
164
164
164
164
164
362
152
78
26
215
152
112
49
116
109
257
159
32
271
151
92
112
234
120
44
120
115
243
111
318
163
65
112
211
214
8
40
159
241
49
40
3
300
92
152
152
157
8
40
32
9
239
233
151
22
70
118
362
239
307
141
41
152
49
71
49
44
300
33
243
150
259
153
241
234
249
111
39
8
243
234
241
152
310
111
307
116
188
26
324
230
176
230
159
14
290
238
163
44
92
287
57
230
64
61
120
120
62
148
362
71
152
120
159
38
173
8
71
95
230
257
270
204
152
47
141
2
68
33
152
54
314
270
141
38
26
95
65
141
151
234
300
31
40
25
38
71
230
120
40
116
183
188
230
73
83
26
38
234
198
150
318
38
26
150
188
234
26
92
49
239
152
112
33
33
33
243
230
120
314
188
8
205
229
76
234
49
308
246
111
320
143
111
32
158
320
92
22
70
295
154
73
158
151
73
40
150
123
246
239
335
70
40
279
40
271
34
134
20
33
31
65
152
116
229
152
76
90
293
230
22
22
242
38
152
271
152
94
105
49
352
163
120
57
113
243
152
8
116
238
74
148
141
31
259
230
246
197
230
34
230
243
33
150
243
243
229
92
44
35
62
201
259
234
22
385
205
116
34
113
257
18
114
239
32
307
33
115
238
230
40
48
265
64
136
259
44
40
71
284
307
273
230
115
163
290
299
299
111
152
267
111
111
181
32
159
288
71
189
70
120
111
65
159
152
152
390
9
9
212
111
121
257
152
22
25
95
70
40
279
70
230
242
149
154
34
71
109
92
370
22
158
233
82
8
150
276
118
250
307
259
148
25
22
71
230
49
24
38
92
154
120
190
34
22
141
49
105
32
230
230
244
288
70
243
230
108
33
70
136
44
40
70
95
242
299
151
31
64
152
92
152
159
70
152
293
190
44
288
234
234
112
70
33
22
141
70
33
40
259
70
8
275
225
335
239
263
57
239
69
39
111
108
49
108
294
241
163
111
230
44
284
26
309
9
152
318
26
26
49
112
233
140
58
114
239
34
4
152
55
26
34
38
318
33
318
246
173
120
233
234
117
405
24
307
44
68
61
61
132
230
111
179
95
270
159
211
301
40
300
67
76
8
152
125
152
24
2
111
33
120
288
33
22
32
32
152
38
238
246
120
118
118
307
265
257
257
64
71
71
159
173
70
38
70
70
296
125
22
71
234
188
101
70
257
336
76
336
233
112
279
234
84
108
320
6
118
35
229
238
150
269
257
257
29
230
290
70
155
9
92
75
230
78
32
290
155
40
125
122
112
150
152
152
212
259
32
24
211
49
318
49
98
8
318
261
118
32
152
118
152
92
67
141
44
152
240
240
92
49
70
265
57
150
65
111
304
83
120
71
173
234
257
288
414
283
143
230
80
234
288
120
246
118
290
120
74
32
152
32
140
62
288
71
160
22
299
75
318
150
8
243
26
159
70
34
120
234
294
8
288
118
67
108
108
140
120
230
32
32
8
108
234
32
141
120
26
14
22
243
261
76
239
71
257
33
120
152
44
26
324
398
152
154
288
26
288
140
152
159
259
92
74
115
95
114
230
293
190
318
26
49
32
230
239
263
2
116
335
95
106
233
309
10
239
149
76
154
241
116
44
259
33
49
120
40
38
230
95
288
230
95
230
304
71
141
226
65
152
8
38
118
118
52
44
335
70
22
200
307
120
70
405
22
293
112
22
4
234
70
24
76
236
71
283
49
52
70
92
239
152
40
22
160
54
67
32
269
335
49
71
190
288
113
304
160
71
152
151
279
286
112
281
239
84
71
257
230
44
160
34
335
49
141
141
76
49
292
152
243
57
307
95
92
158
188
92
204
70
257
335
70
89
73
22
152
40
49
70
8
111
152
5
279
40
22
70
173
92
152
120
95
40
152
42
335
92
73
70
160
70
233
71
109
92
284
120
243
75
152
271
234
243
243
32
83
290
293
71
8
286
34
152
261
307
234
241
120
53
106
259
188
70
200
89
279
279
283
281
83
70
230
208
152
49
92
246
230
150
288
151
152
257
33
288
18
150
44
22
26
290
146
92
287
287
13
152
288
243
290
26
140
38
243
183
44
246
243
230
234
307
114
68
150
84
159
158
70
4
323
288
300
263
271
33
40
183
10
53
16
32
273
71
304
307
40
116
40
42
152
92
44
245
69
57
271
275
67
290
109
151
166
61
230
240
49
114
123
233
67
57
270
40
275
178
243
302
239
288
95
257
38
136
33
299
230
12
398
99
158
108
234
40
307
188
233
161
288
92
22
70
70
70
111
152
108
234
106
233
257
22
33
288
116
40
114
92
71
9
2
257
118
310
323
150
150
120
71
259
70
193
188
151
335
63
150
188
152
37
173
111
233
70
70
304
49
259
62
132
335
131
33
44
57
151
106
150
279
114
299
200
86
120
234
230
239
26
288
141
189
71
236
160
246
300
57
239
151
152
120
230
49
44
50
73
49
48
34
335
73
259
150
205
116
318
234
198
198
304
234
244
120
71
259
22
311
49
61
230
230
3
120
33
175
33
263
44
44
261
250
109
70
70
9
92
120
70
288
320
155
49
153
323
152
116
246
71
148
55
22
168
160
8
300
95
34
41
115
230
33
10
115
44
44
120
150
151
40
109
230
159
92
20
324
271
151
141
71
43
40
84
10
8
26
304
294
71
230
163
243
95
261
34
8
230
49
37
397
230
251
95
230
290
31
34
40
151
8
233
24
152
70
159
22
233
32
14
22
234
71
123
71
111
71
2
259
71
44
152
288
155
32
288
141
230
44
230
249
238
210
70
152
189
22
72
73
38
2
38
106
161
183
182
234
70
112
259
183
73
70
26
300
22
118
40
33
191
150
57
240
152
95
157
67
22
70
150
335
259
160
163
151
120
293
150
116
230
150
190
150
116
49
116
95
307
152
92
2
70
22
205
95
126
70
150
22
95
338
263
33
33
125
70
40
157
25
115
38
34
70
307
318
92
311
153
65
40
8
152
40
54
246
70
314
108
150
397
61
40
150
92
160
230
111
230
71
154
184
239
71
149
33
152
230
288
155
238
150
152
40
288
49
163
206
41
111
205
306
239
152
141
116
152
153
101
250
33
230
163
307
288
32
71
141
95
141
261
44
40
67
57
302
8
76
318
152
297
288
152
234
230
32
57
32
108
318
40
148
152
265
320
70
288
288
114
120
120
95
234
34
31
238
279
284
284
116
22
152
136
311
238
16
159
230
311
85
230
238
318
249
250
120
32
230
163
324
230
288
356
150
288
70
288
259
283
155
311
284
73
299
112
307
307
324
307
200
83
307
307
307
307
307
112
307
26
307
121
44
307
307
307
34
92
75
307
307
307
152
307
259
152
167
307
112
288
307
307
152
307
307
307
120
307
307
307
307
307
307
307
307
307
307
307
96
113
307
157
26
9
318
70
152
70
152
320
92
84
335
70
42
152
152
118
271
299
65
16
318
44
65
288
299
70
335
120
205
70
234
150
239
230
70
200
125
198
158
234
70
123
106
2
116
44
261
234
250
324
18
40
243
152
152
152
64
312
70
34
26
22
234
70
279
288
317
281
109
248
154
9
67
301
167
129
120
114
230
8
253
300
64
44
259
40
71
105
312
189
160
288
318
18
288
152
111
18
307
307
307
307
111
38
160
284
257
226
92
22
152
152
34
116
141
67
230
238
173
92
152
111
155
85
320
44
71
288
200
26
158
120
284
310
22
104
173
288
106
55
150
26
40
71
26
65
284
88
40
71
8
8
8
26
63
34
290
189
26
299
58
33
33
257
108
241
307
35
120
230
141
95
34
108
49
335
77
67
234
118
20
95
105
8
25
115
35
301
244
230
243
70
320
150
157
190
159
70
32
198
290
26
159
120
152
152
318
149
118
152
92
92
300
205
230
239
70
14
152
40
40
95
108
318
70
32
35
121
234
164
265
34
164
164
164
116
312
71
159
57
40
150
234
40
243
70
40
26
271
120
92
136
234
70
203
33
152
70
70
244
92
284
150
198
70
95
45
290
317
22
125
152
152
40
241
152
288
234
120
158
244
40
311
140
311
40
236
259
70
204
34
25
83
116
45
284
26
155
95
152
78
152
148
49
287
25
35
259
233
74
335
92
120
44
288
40
33
229
64
241
118
40
269
120
299
307
71
160
70
92
89
40
160
108
152
111
120
18
150
163
236
239
90
335
95
159
246
34
315
238
141
8
14
243
239
60
276
335
32
106
65
273
14
304
22
69
8
239
304
71
136
157
120
188
101
111
234
288
300
234
22
92
159
150
120
35
238
230
38
120
230
44
152
152
269
318
61
279
288
121
335
95
25
230
301
141
152
49
290
318
67
40
293
290
335
284
239
239
37
32
168
283
70
2
49
71
71
71
145
70
246
307
362
92
257
152
92
70
22
157
92
24
234
40
307
243
127
159
49
111
40
57
159
112
288
69
73
38
70
150
108
152
71
230
152
259
22
257
285
22
71
238
188
49
61
323
44
40
152
152
243
188
234
40
299
211
71
152
307
37
234
300
230
6
22
318
40
116
242
70
202
70
216
40
230
323
71
290
44
230
173
244
32
158
259
158
61
160
290
114
125
257
352
67
70
120
152
26
70
67
38
152
71
26
73
290
257
22
75
16
25
33
33
288
241
33
152
120
111
120
208
290
250
335
114
152
288
288
288
230
323
70
163
8
324
140
120
22
71
259
279
158
152
239
34
230
92
257
49
40
126
159
188
230
111
22
112
205
78
188
40
20
76
113
14
71
318
152
250
173
120
318
8
293
160
75
306
290
10
44
250
62
114
114
8
151
95
188
44
113
49
215
140
111
271
163
152
8
241
230
120
116
32
118
70
129
92
92
40
288
92
261
70
67
73
131
234
152
38
243
318
288
307
259
157
307
198
152
246
296
2
40
255
152
335
152
92
173
229
160
8
405
188
108
111
113
259
55
152
154
67
230
116
33
288
257
13
307
259
259
259
259
259
259
259
307
40
230
234
160
116
5
306
29
37
124
259
16
234
41
334
230
304
49
152
230
55
238
230
120
44
70
259
288
34
152
40
230
193
234
49
92
26
92
70
33
318
73
311
44
44
311
311
230
70
151
160
40
230
109
42
49
229
290
200
76
160
338
151
71
187
32
249
106
288
33
33
68
276
136
40
44
261
109
188
26
284
257
294
36
293
8
168
44
8
32
318
67
241
296
111
129
150
188
61
52
307
152
95
263
114
95
293
92
152
221
253
78
92
230
283
243
288
109
106
22
157
161
259
92
155
120
70
71
49
112
152
288
71
152
92
116
161
58
34
49
108
32
307
44
106
152
205
29
111
33
83
234
70
150
239
188
188
169
300
294
243
241
157
40
152
70
22
160
150
120
151
73
300
243
22
120
34
71
238
152
290
230
71
288
40
75
314
304
35
22
239
111
414
22
120
300
101
70
352
70
40
159
57
90
301
318
234
44
114
32
316
333
22
290
183
49
273
59
22
160
59
234
8
70
36
34
26
196
84
95
32
324
290
241
299
61
230
140
109
109
38
120
159
70
314
18
118
290
257
362
65
8
71
70
8
152
26
4
40
205
152
229
198
57
44
64
129
271
95
32
104
318
243
26
8
300
168
154
230
230
111
238
61
92
44
255
239
230
167
253
246
318
152
44
57
44
261
152
40
259
37
73
299
112
70
67
112
200
155
49
26
40
40
40
26
141
120
259
120
114
160
159
40
111
108
26
120
290
116
159
40
261
22
39
120
230
70
19
241
155
112
259
109
166
160
73
73
22
109
230
38
38
188
71
170
117
150
243
5
239
26
243
44
213
3
38
246
238
311
71
259
62
9
288
230
109
71
155
179
108
112
118
8
92
70
71
257
26
150
284
22
239
108
92
111
70
207
314
150
227
108
230
230
257
163
288
22
259
233
160
40
40
299
74
173
44
36
234
134
230
267
244
150
249
67
95
105
140
271
293
38
67
78
76
120
4
163
71
294
67
318
108
120
240
41
38
120
263
335
136
275
26
71
18
293
131
243
263
40
301
152
307
40
288
58
38
48
26
290
88
304
35
12
304
288
37
108
241
288
108
116
70
92
40
259
301
160
71
141
205
71
257
279
288
158
163
49
40
141
296
244
44
120
241
33
34
26
32
92
243
284
87
251
95
112
171
307
9
243
158
288
324
41
22
234
352
259
8
26
8
40
61
307
259
18
118
132
288
37
71
271
9
111
163
73
22
163
152
152
152
152
152
234
112
161
22
152
26
288
243
71
263
141
40
32
238
31
300
239
267
118
230
114
71
70
312
263
230
315
33
71
140
70
40
92
152
271
34
299
318
140
38
92
288
241
111
230
307
152
299
152
92
188
288
26
126
26
155
304
44
92
261
49
275
318
239
95
244
250
109
92
186
92
40
233
152
55
92
74
288
111
233
44
76
31
242
40
57
176
205
92
106
188
160
125
70
243
70
111
92
233
40
163
205
230
259
152
190
40
71
88
92
304
2
120
32
26
259
22
233
230
290
123
48
33
234
40
159
10
70
71
40
155
118
159
22
70
205
293
310
234
71
230
320
120
335
312
105
9
70
67
91
70
155
243
243
70
22
157
234
65
78
173
92
312
101
34
32
335
154
136
163
71
95
205
24
152
290
238
108
113
44
239
71
287
120
165
288
239
34
230
92
148
90
276
284
6
22
49
33
111
18
2
31
299
61
26
311
230
49
118
238
263
89
136
120
71
57
141
335
22
152
61
152
114
283
70
65
40
70
94
190
106
71
152
100
71
120
167
22
230
112
290
287
312
31
318
92
190
190
190
216
2
163
152
67
92
263
70
304
40
134
8
284
318
40
44
40
216
189
92
114
403
234
45
152
92
136
92
32
140
208
71
22
230
95
265
140
188
234
152
304
120
125
234
22
49
152
92
94
263
32
10
190
312
288
70
152
92
230
335
159
238
108
215
263
233
229
311
40
44
286
101
152
288
22
259
169
151
120
152
293
108
239
76
105
58
95
108
173
141
246
230
40
309
150
22
230
335
116
71
8
288
40
120
40
262
288
73
38
288
190
270
241
35
160
320
70
106
244
318
15
16
115
111
92
154
4
154
57
71
116
92
32
275
44
71
225
137
44
40
152
188
373
160
22
159
160
34
335
22
70
34
70
69
111
150
234
159
70
141
160
32
90
233
10
10
108
141
240
44
152
52
239
335
284
188
244
108
71
234
67
112
405
90
57
250
14
106
75
22
257
120
152
16
57
61
116
318
32
206
32
111
161
234
120
405
36
22
40
239
168
108
95
261
18
304
120
123
238
20
230
92
288
92
22
40
6
40
15
248
92
150
257
132
230
230
64
115
40
259
70
131
36
288
111
155
234
301
120
335
67
40
71
288
215
70
71
270
65
25
414
318
76
301
151
26
288
312
120
245
211
188
123
54
234
106
71
152
210
69
92
89
288
153
261
141
152
288
288
288
70
152
111
70
263
71
239
68
67
158
288
67
288
71
49
239
146
71
204
49
300
333
239
61
54
44
120
140
68
54
71
141
154
294
65
65
214
40
120
290
120
26
92
263
44
265
40
95
10
152
269
250
151
39
70
92
335
70
70
105
204
152
155
65
92
40
316
230
67
154
230
167
318
233
114
92
70
234
269
9
70
120
26
9
315
8
307
67
10
300
152
49
304
167
9
239
116
230
40
9
71
71
230
71
26
49
44
230
307
141
288
106
9
159
22
229
230
152
152
8
118
9
120
45
263
244
290
92
70
22
16
8
294
34
73
95
34
300
299
92
158
253
318
44
93
114
261
230
22
78
120
304
51
67
110
159
92
4
26
188
173
249
239
64
64
307
64
290
114
259
304
71
38
136
18
159
304
67
257
49
300
95
294
141
239
250
233
152
92
152
61
271
76
304
303
120
136
26
312
67
159
82
290
152
300
85
40
85
141
190
9
70
288
40
141
73
46
230
307
71
70
2
5
238
69
116
163
70
40
67
108
61
48
106
152
288
158
316
18
73
120
259
120
120
120
120
120
120
49
22
22
92
239
3
71
120
116
44
284
209
159
150
152
188
198
67
72
115
152
40
155
9
298
315
92
163
118
284
92
40
32
276
148
40
230
152
92
157
40
40
69
152
230
261
64
163
25
118
95
152
40
148
92
153
230
108
304
298
116
63
279
14
120
253
263
118
168
143
70
152
152
299
95
290
95
67
36
116
230
288
70
22
115
71
116
362
190
152
188
71
234
9
230
299
312
161
234
22
318
198
95
40
179
288
70
210
306
307
157
8
8
68
92
70
116
111
120
257
163
140
70
190
71
92
22
152
238
148
214
118
92
5
290
49
76
44
150
307
160
115
71
204
112
158
106
22
71
92
240
324
159
19
310
31
40
40
40
40
152
34
255
95
26
31
71
202
70
159
243
117
246
110
238
298
201
261
160
318
112
75
65
160
92
160
141
230
241
152
312
95
152
168
44
88
71
134
314
71
161
26
150
243
115
67
52
314
234
108
92
190
263
249
251
114
290
32
49
290
150
95
230
318
301
152
114
40
301
14
200
77
15
32
70
188
362
158
95
152
67
250
255
70
273
160
92
170
92
310
150
32
16
95
45
9
70
324
159
120
120
320
161
108
208
148
312
158
234
241
403
307
76
40
241
95
409
26
92
200
318
70
188
161
120
22
116
40
2
65
158
249
213
44
92
160
92
41
131
12
263
169
324
92
111
293
71
318
152
40
49
294
318
160
67
275
116
111
44
64
44
148
215
71
70
49
245
318
32
304
296
118
154
32
141
2
12
140
230
113
111
243
62
95
141
271
136
244
92
239
150
95
244
154
397
118
414
250
70
259
198
152
95
72
70
120
120
141
108
247
70
40
335
115
74
290
70
40
127
118
31
62
44
22
71
70
190
212
152
125
151
34
36
149
140
112
49
269
270
70
335
9
92
40
26
76
70
293
157
91
157
300
288
9
39
52
40
43
152
273
49
108
318
312
263
32
243
373
119
33
26
318
239
249
40
307
9
40
2
120
70
176
161
112
58
314
120
18
288
131
318
32
230
158
10
118
160
34
263
318
49
290
111
259
34
76
49
112
159
304
120
148
150
314
318
259
198
26
49
234
152
33
11
395
44
70
150
136
22
18
246
111
112
70
159
73
188
270
152
190
152
22
70
87
234
205
70
243
245
259
112
40
243
333
214
78
239
318
44
109
44
106
300
33
298
290
22
257
49
41
151
8
320
157
154
59
102
295
61
123
44
263
85
49
85
112
70
154
71
26
239
32
8
141
159
105
159
70
230
71
70
68
70
106
88
314
38
14
73
67
71
116
296
40
414
288
49
154
131
34
148
230
150
70
205
259
4
34
318
8
414
317
120
238
44
114
49
152
55
255
239
239
239
239
239
239
239
239
239
239
239
32
32
32
32
32
32
95
32
32
32
32
70
9
123
73
70
190
121
33
70
120
157
152
2
307
49
176
49
279
32
8
10
188
159
301
234
257
117
320
227
22
244
230
120
120
73
335
250
70
53
261
106
157
108
299
157
318
92
151
120
70
259
157
120
57
33
33
44
44
92
213
9
26
160
32
106
40
139
67
40
26
95
40
229
230
22
116
257
10
71
49
230
279
154
159
120
62
299
293
76
95
10
136
40
64
114
160
123
318
70
70
290
201
9
205
22
116
158
157
234
285
45
71
71
40
70
295
233
71
333
150
299
248
61
244
105
105
67
259
190
288
157
150
109
26
8
22
152
230
10
213
64
49
213
40
288
288
270
40
152
161
14
198
26
40
106
261
26
125
317
26
49
95
230
32
114
189
70
73
198
233
34
230
318
287
76
230
41
230
142
40
109
26
140
118
70
293
26
230
34
304
245
31
142
238
249
301
288
95
230
17
108
95
34
187
71
204
92
205
198
288
105
71
198
148
71
70
53
71
190
106
121
70
71
70
105
233
246
82
57
44
259
106
189
161
22
335
71
242
31
70
335
160
70
106
323
22
284
34
230
31
227
301
193
92
230
70
371
70
92
159
108
236
26
71
40
262
141
67
141
120
40
73
335
157
10
165
44
160
129
18
152
190
49
193
22
9
26
221
288
38
188
300
92
94
301
44
187
26
26
150
290
320
92
34
288
57
154
18
270
57
101
151
111
111
273
31
44
42
243
49
92
205
299
314
87
120
200
120
70
234
71
150
84
200
40
193
230
160
71
160
187
38
108
230
120
22
160
47
152
159
253
44
40
92
288
103
155
40
70
22
273
244
64
239
376
227
32
109
188
301
288
92
76
234
70
200
106
14
176
18
230
243
116
70
120
160
230
6
188
152
230
301
157
8
40
22
40
239
84
188
188
188
52
132
108
320
57
230
26
318
229
95
259
32
44
127
95
95
71
244
57
92
70
72
290
64
279
233
249
240
148
301
318
118
151
111
118
187
208
92
70
73
157
150
71
150
92
158
152
70
90
22
158
157
105
92
310
40
8
288
4
188
190
34
152
118
26
211
144
389
152
248
106
148
244
26
198
22
63
70
290
40
17
120
44
160
230
205
239
120
44
290
26
150
244
141
267
301
263
44
335
103
290
300
244
145
159
40
49
230
70
67
73
70
70
9
22
243
209
307
244
190
234
26
70
225
120
201
273
22
8
109
152
70
297
152
22
189
249
112
243
73
190
229
22
300
190
16
65
140
139
140
141
318
70
190
71
397
234
49
312
70
92
290
92
148
108
111
142
140
105
71
152
18
2
294
40
31
26
61
299
114
95
95
76
16
263
92
284
150
116
234
246
75
29
195
70
191
70
276
70
49
159
301
92
243
53
110
152
290
290
70
82
92
26
92
335
67
73
34
82
49
159
151
288
61
310
151
189
70
73
204
26
8
22
234
108
199
36
61
123
63
120
9
397
246
44
276
61
44
114
22
39
151
136
163
36
120
154
67
272
40
61
255
44
95
124
308
290
150
230
71
70
70
71
300
299
150
263
64
230
152
95
190
84
311
73
32
70
71
292
22
300
312
71
318
204
61
161
92
14
71
202
36
64
160
92
67
150
8
57
269
160
160
290
160
67
12
34
173
304
150
92
312
36
111
230
140
85
92
32
98
230
70
152
141
304
4
243
303
61
61
347
95
243
234
275
228
64
70
70
70
192
70
71
233
70
230
324
44
259
152
230
161
92
208
120
317
44
230
64
73
160
307
160
32
304
239
200
46
44
52
40
44
152
307
9
210
333
230
26
109
98
71
290
34
92
92
299
8
57
71
57
40
136
94
318
141
90
318
299
259
116
318
173
204
95
95
120
34
120
152
95
304
26
304
239
230
64
105
204
32
152
71
71
83
16
230
55
57
193
34
16
288
198
234
223
40
159
299
40
70
70
70
188
70
121
65
240
33
70
48
92
40
70
333
234
120
118
160
64
40
243
230
158
335
120
152
2
205
307
40
67
26
284
230
300
290
290
111
304
167
240
335
176
324
257
33
70
70
70
307
307
307
150
152
150
293
71
32
140
73
321
92
67
283
8
299
296
157
157
161
41
259
230
141
321
301
40
157
70
335
44
307
202
40
240
36
92
70
72
152
121
263
70
152
76
9
92
84
285
182
230
158
8
141
160
318
159
259
171
120
292
188
44
61
114
95
95
233
310
378
152
318
283
321
46
151
70
63
42
71
70
103
159
131
40
120
70
105
259
157
71
92
335
49
262
139
193
335
163
106
22
64
26
188
54
44
44
49
71
205
32
70
301
184
22
299
62
238
120
283
154
9
75
142
87
318
34
58
49
241
49
397
59
141
154
246
209
2
44
92
54
71
40
207
160
157
321
321
321
321
67
275
246
243
36
120
160
230
105
49
70
152
271
273
230
240
250
22
8
63
111
290
161
114
106
71
61
320
311
9
40
59
50
22
98
72
78
44
241
120
239
96
26
290
300
283
18
290
271
288
299
259
73
22
152
157
211
111
230
155
70
92
150
150
152
70
234
76
290
236
157
152
299
163
307
92
229
152
154
230
160
40
40
318
296
40
288
70
64
95
71
32
104
234
42
159
160
120
239
40
52
198
71
152
301
70
173
151
161
173
92
2
70
53
140
75
40
284
310
40
92
157
140
188
257
70
106
31
294
12
71
40
284
333
108
276
307
271
92
300
92
67
69
176
8
40
78
61
4
92
299
160
285
211
301
160
65
259
92
161
188
290
159
44
92
168
159
49
71
290
40
40
335
290
40
61
290
14
33
300
318
44
34
124
95
318
414
122
155
120
98
259
152
49
92
284
70
106
36
71
118
132
98
151
158
152
164
300
239
140
306
157
154
243
253
120
120
26
119
118
273
259
155
140
246
160
184
189
160
173
159
335
210
311
159
164
26
239
230
188
73
70
158
70
71
158
234
205
149
68
120
290
71
2
26
140
230
148
320
243
120
109
234
163
320
230
86
259
299
141
108
84
83
257
67
70
34
120
230
22
55
108
26
248
92
336
118
59
84
150
299
314
57
151
230
95
34
269
234
114
53
214
161
267
150
161
114
299
92
140
250
141
111
57
318
290
8
94
61
118
170
123
279
33
123
22
324
234
151
67
198
163
261
5
122
113
108
9
250
40
103
44
26
226
44
44
211
33
14
120
61
141
234
160
71
159
68
109
240
243
70
250
111
276
39
189
44
152
157
70
34
312
290
22
211
259
247
202
284
191
2
57
335
312
70
112
190
115
279
188
318
190
41
92
221
239
141
111
18
95
95
229
152
92
299
25
194
116
230
83
230
188
167
191
95
296
159
151
95
184
163
95
259
230
85
70
73
8
71
105
246
40
259
10
234
129
159
14
234
44
318
371
244
230
175
236
42
23
134
52
163
92
320
159
36
304
90
41
159
92
5
69
25
129
22
40
204
114
318
158
68
297
70
371
120
154
318
225
161
109
263
103
61
160
172
240
76
154
44
184
150
335
246
250
157
111
178
230
159
263
150
312
225
70
92
279
83
198
189
251
244
311
57
55
299
163
141
95
246
70
227
335
230
22
139
31
198
70
318
26
22
146
234
111
243
96
44
40
132
141
38
158
140
307
40
142
159
92
34
312
246
140
259
362
293
293
120
32
267
57
116
230
208
244
44
275
230
238
251
160
290
71
71
151
288
243
34
40
230
203
214
157
64
71
95
71
162
31
70
34
161
92
120
92
34
318
18
300
61
32
92
193
259
141
33
54
70
116
152
40
92
13
40
70
54
283
32
32
44
134
131
68
92
276
284
284
263
284
159
116
296
70
70
92
105
92
34
70
293
111
61
3
92
10
95
92
70
43
44
62
320
240
116
92
59
300
140
144
336
243
70
335
44
150
240
40
335
73
398
141
26
61
248
40
271
300
240
279
205
335
240
70
67
233
320
151
40
338
270
34
198
198
160
320
207
49
59
111
335
34
111
307
70
92
8
8
283
39
71
397
95
140
98
188
159
294
75
141
148
326
29
120
299
230
95
34
141
95
92
121
310
70
141
279
114
92
22
314
143
335
14
70
151
4
49
378
335
62
299
70
105
40
71
70
328
33
335
95
288
318
25
154
54
292
290
8
275
328
265
295
2
112
68
160
64
269
75
20
190
318
155
201
312
259
312
40
131
34
95
184
87
141
320
92
67
234
70
16
70
112
85
335
120
331
40
92
157
288
49
293
111
111
99
74
160
207
328
300
120
111
328
54
73
325
168
114
263
115
241
64
92
215
328
221
70
318
64
334
157
230
275
240
173
34
40
140
92
243
78
299
229
279
159
49
315
327
335
335
105
70
92
34
150
163
308
134
140
328
68
136
157
26
70
70
65
95
95
158
70
136
301
173
230
22
49
230
52
335
62
150
9
70
328
152
158
111
318
123
307
157
327
229
48
331
70
153
40
335
336
67
287
29
298
120
67
315
40
118
142
40
154
40
329
116
137
136
398
335
61
73
163
234
248
40
18
64
46
54
328
70
70
230
106
108
152
14
44
307
109
22
14
325
52
233
230
188
24
332
46
269
154
335
275
144
263
40
257
57
92
34
68
318
132
299
92
71
244
71
116
83
34
322
70
328
33
288
44
335
234
92
8
335
52
251
123
70
335
190
34
148
335
238
73
284
44
92
70
123
299
44
259
325
328
120
92
73
95
328
275
335
327
61
137
328
332
330
136
49
259
230
120
152
160
10
230
92
269
217
70
92
230
234
16
6
70
335
61
157
34
40
71
315
70
234
150
71
92
335
59
157
234
71
241
74
74
74
74
74
74
74
312
296
92
44
158
129
92
267
86
335
92
119
36
33
34
335
141
70
71
159
234
242
22
54
122
59
160
250
160
92
157
161
44
318
70
111
70
92
40
70
25
8
335
335
140
131
328
112
121
120
141
273
284
26
122
105
40
332
167
299
200
299
40
330
233
335
152
32
141
92
43
225
120
141
92
230
335
48
92
295
34
246
307
82
141
141
105
160
279
40
105
105
71
92
335
193
118
335
53
331
331
54
241
120
120
92
301
335
259
259
259
322
44
112
150
152
239
230
22
116
44
61
9
30
150
84
120
71
14
91
92
328
154
150
148
105
83
160
300
105
22
253
288
95
92
9
240
22
78
120
61
336
70
70
123
106
230
234
157
69
249
106
214
36
250
154
159
49
154
46
244
284
64
188
327
105
159
22
92
70
320
141
188
42
296
64
8
64
3
234
37
328
336
166
50
6
40
328
123
33
44
95
78
95
250
259
300
179
204
70
9
150
318
290
61
52
157
141
243
263
92
327
34
331
332
283
200
331
92
315
296
41
200
283
62
330
34
61
315
273
152
152
161
92
131
244
22
92
299
152
230
113
184
275
44
70
150
299
217
34
44
325
269
330
288
71
300
329
236
61
95
271
299
59
320
188
154
136
160
33
306
71
279
44
69
120
269
68
157
330
257
160
283
173
320
95
44
13
283
301
283
70
106
34
161
22
327
157
160
105
152
335
208
149
317
242
141
233
327
24
8
244
279
328
234
95
95
312
293
255
259
111
307
9
23
92
141
299
328
92
150
330
105
92
157
188
53
78
111
33
290
290
70
127
279
154
127
335
52
307
336
288
94
92
233
120
304
154
111
148
230
127
397
269
120
140
209
269
286
362
398
336
318
120
70
116
312
92
279
335
250
273
290
398
234
240
263
70
301
121
244
236
120
300
239
259
92
299
304
64
114
73
290
131
125
176
134
9
151
49
210
95
188
248
18
18
120
362
44
336
54
91
290
264
92
92
40
92
338
154
120
105
108
22
40
167
335
276
170
299
154
318
240
105
296
188
299
248
150
148
324
67
67
290
135
70
318
200
318
275
290
10
271
120
230
290
301
322
141
112
157
148
244
160
92
68
32
34
301
35
34
92
36
335
154
61
70
276
113
29
159
335
59
348
92
70
70
398
324
151
120
73
70
70
70
42
70
4
120
230
267
18
307
92
123
294
233
157
92
92
49
71
287
36
44
309
70
154
28
67
70
92
271
290
378
44
250
310
299
52
8
18
352
234
140
112
129
95
239
10
234
57
343
269
281
246
238
158
120
44
34
92
226
137
61
64
141
159
140
34
154
320
273
22
246
34
257
108
243
54
189
247
161
248
71
92
169
64
64
246
160
37
247
238
61
37
25
63
124
240
358
176
66
335
246
240
125
92
230
120
108
44
257
150
120
198
257
369
186
230
240
259
327
243
327
67
397
1
299
378
152
70
85
318
208
64
108
150
288
5
275
255
299
61
84
140
154
233
140
141
259
324
230
257
53
68
335
272
131
338
85
64
40
378
246
333
131
335
257
377
120
75
37
129
335
101
5
125
210
71
299
92
284
154
148
136
246
143
140
237
299
304
160
92
299
141
288
263
59
238
335
159
75
283
73
70
230
283
111
315
150
44
299
336
318
243
108
158
40
369
253
8
157
71
70
318
92
92
159
49
52
188
152
376
108
324
158
356
141
121
292
123
284
259
150
22
44
57
293
64
10
155
8
157
284
50
288
263
44
136
144
77
25
159
33
47
365
175
44
44
120
299
188
40
299
247
115
320
22
22
22
22
22
279
240
44
150
335
159
152
92
72
295
148
184
257
300
8
109
8
175
230
295
136
168
92
92
240
108
373
57
161
123
120
234
230
151
157
116
57
230
109
57
64
162
307
109
120
120
266
64
230
243
64
34
61
44
120
8
84
240
120
25
234
240
44
152
299
118
59
233
69
163
240
120
257
257
34
257
150
71
66
188
116
120
320
116
151
150
307
57
288
159
290
113
335
240
263
299
230
92
335
335
61
171
243
128
57
92
151
187
68
290
335
290
92
301
241
324
304
37
70
68
120
288
64
64
33
279
120
290
150
116
9
122
321
324
161
68
120
57
150
335
176
398
315
21
50
44
120
44
240
70
209
160
233
190
263
389
12
230
240
275
261
259
238
203
49
357
144
44
335
320
299
356
116
120
318
242
377
49
33
335
188
290
116
269
43
398
281
244
48
160
259
239
334
299
88
64
95
240
273
44
412
213
230
250
49
36
57
307
9
115
251
44
44
32
381
26
263
40
176
381
157
67
383
381
40
173
198
57
369
14
167
257
299
250
157
44
120
10
40
120
381
288
84
1
109
187
259
98
54
70
229
234
62
151
150
120
234
31
64
290
290
233
321
321
321
321
321
321
140
159
318
167
120
290
244
159
304
140
413
116
120
151
44
61
141
283
61
283
307
299
262
116
290
164
54
233
316
233
419
324
34
225
381
163
120
37
259
92
152
59
48
95
233
243
317
248
64
290
290
250
230
248
