44
33
44
179
57
57
239
57
120
92
237
211
101
57
164
33
33
68
183
54
159
44
44
88
243
241
227
259
141
132
132
148
140
257
262
44
243
264
211
205
234
158
115
54
343
188
90
193
3
33
318
141
152
233
48
243
271
211
243
33
33
82
239
182
244
120
243
239
106
188
164
64
64
61
61
44
120
188
263
112
44
112
51
19
83
80
80
80
132
73
120
120
188
188
134
188
112
112
313
313
239
313
234
313
148
234
313
313
205
298
113
132
211
44
324
188
162
32
35
80
112
80
159
239
168
33
113
57
227
32
24
44
113
243
239
313
113
259
67
152
113
44
111
113
239
313
313
315
239
83
168
112
239
313
294
24
8
84
313
111
314
41
313
113
243
33
313
33
152
230
152
83
44
113
313
313
49
259
44
313
106
313
22
313
80
115
33
22
148
152
267
9
67
239
259
65
257
33
313
190
159
152
312
40
313
109
49
67
239
49
155
148
49
315
270
257
54
33
313
263
33
313
313
239
49
324
313
113
313
227
152
211
234
83
306
80
255
113
8
95
152
152
141
106
22
112
32
33
300
239
308
32
188
152
239
313
49
239
67
313
312
67
24
113
106
32
230
122
239
32
92
67
230
67
49
84
80
109
148
90
80
80
35
150
2
49
204
300
293
239
32
152
73
28
6
227
151
92
239
152
239
152
114
313
173
241
108
120
164
164
293
158
164
114
240
111
109
273
40
324
32
112
57
70
32
84
313
152
49
239
313
211
126
313
238
44
9
65
150
313
290
152
164
80
243
300
243
259
38
159
318
318
32
32
24
313
70
65
70
92
188
111
265
120
239
315
108
110
44
80
230
152
22
315
190
152
59
155
123
49
44
114
110
234
32
313
293
34
159
57
243
243
313
141
313
142
313
193
190
111
313
106
200
82
92
152
269
313
5
271
160
313
313
313
313
82
120
183
307
239
49
160
32
84
18
84
227
64
120
112
152
188
112
82
71
173
95
164
164
151
70
152
239
95
244
148
95
170
168
82
313
190
8
208
313
261
164
71
152
80
239
313
112
239
29
92
324
106
106
92
44
64
67
92
239
208
142
259
22
98
22
32
227
22
290
313
112
271
73
155
71
299
239
92
34
240
22
40
240
154
112
49
257
112
142
33
314
67
227
152
73
315
22
32
201
313
92
112
32
239
239
150
275
49
112
84
300
67
110
22
227
82
240
114
179
320
243
187
67
290
169
304
154
113
39
73
112
234
22
173
49
141
233
247
70
240
160
122
201
40
313
26
290
313
46
164
44
38
44
243
120
142
290
84
141
144
84
259
84
106
49
114
49
9
35
49
32
152
67
90
114
32
88
33
32
109
57
201
114
239
170
134
44
84
290
155
119
155
110
294
155
241
152
110
290
111
306
141
110
92
113
26
141
84
67
26
190
120
155
34
22
152
313
294
250
290
155
200
57
300
22
230
89
151
190
141
275
158
201
112
95
82
152
84
315
113
318
3
64
64
44
105
84
239
49
69
112
57
290
318
141
92
314
152
155
188
152
155
137
92
144
315
335
273
84
141
84
313
52
40
261
152
82
111
22
67
40
238
239
148
246
369
141
84
169
315
233
313
259
82
22
76
141
152
143
160
82
38
82
306
61
89
95
32
162
112
70
159
92
320
141
213
40
92
32
32
32
67
67
67
32
315
40
313
155
152
32
152
90
260
239
318
82
40
84
22
70
40
49
299
205
209
314
9
113
80
315
49
22
190
324
315
73
152
40
189
204
74
259
149
89
148
141
18
12
173
2
269
154
62
273
296
148
141
324
13
49
122
190
190
106
198
234
57
49
190
233
84
105
44
120
34
290
313
22
111
179
70
95
121
120
67
16
49
315
209
313
38
110
294
33
57
335
155
33
290
299
290
140
70
378
92
290
290
112
159
92
315
140
313
244
120
290
145
126
84
132
140
92
49
106
95
84
26
40
329
16
90
250
64
239
92
315
243
314
159
82
293
312
122
158
198
324
8
32
143
290
32
82
306
239
132
143
22
196
49
227
234
84
106
150
132
120
233
312
112
71
2
92
63
150
250
315
152
152
111
285
120
260
239
179
61
299
78
95
92
318
82
164
212
44
64
148
70
154
164
141
313
40
110
105
331
28
141
230
257
80
179
315
18
179
318
142
234
313
84
159
179
84
148
24
92
112
111
335
335
189
46
132
329
335
140
315
133
304
299
328
199
259
273
328
49
131
259
148
82
143
85
70
318
106
239
140
259
80
230
157
34
179
330
84
40
208
325
275
64
140
103
159
142
308
313
140
132
105
120
290
179
150
335
92
315
315
140
160
