31
253
25
44
230
42
239
68
230
57
33
44
25
54
44
239
33
54
54
111
25
31
238
44
120
115
54
111
33
42
243
151
241
25
46
398
151
33
113
234
42
239
44
44
33
398
246
120
243
120
252
115
64
241
120
272
120
128
25
246
48
113
247
297
111
108
111
297
244
251
246
111
111
111
181
116
111
113
246
54
61
239
44
239
162
115
44
250
149
111
44
44
230
276
44
239
239
44
48
276
120
48
239
62
241
252
276
68
31
230
44
241
64
54
120
120
33
39
33
243
115
111
108
44
263
54
54
54
44
54
44
62
69
251
64
120
33
243
251
44
259
120
48
44
44
48
54
269
243
398
44
44
57
54
276
109
54
44
230
61
251
276
251
57
44
44
44
54
44
233
44
54
44
44
241
57
54
44
54
44
61
33
249
243
44
44
127
88
44
120
54
61
61
54
48
33
181
298
33
33
44
57
54
44
54
57
44
250
259
54
247
44
44
239
120
44
57
44
179
33
247
61
238
115
44
41
129
317
44
109
151
127
61
57
64
234
172
54
54
246
54
241
120
234
64
61
259
259
168
141
259
61
61
276
312
44
111
269
243
33
54
57
48
54
33
241
62
61
8
62
111
120
54
44
61
178
25
307
25
208
151
122
234
122
124
398
54
120
44
120
54
230
44
190
394
132
64
44
243
251
283
397
182
33
101
263
64
151
120
239
249
54
61
44
44
61
243
64
276
267
243
33
50
52
208
120
54
54
314
48
25
230
397
141
70
182
57
338
313
203
44
44
246
33
151
44
33
105
285
90
259
215
54
59
259
101
259
140
114
54
259
151
234
200
120
252
239
241
246
127
111
127
148
112
33
259
70
259
307
120
33
54
54
181
54
211
241
230
151
129
241
115
233
49
129
25
238
238
34
28
164
270
35
54
129
120
108
249
249
25
239
54
120
62
41
153
44
239
154
120
233
49
243
129
125
44
151
25
129
211
313
168
70
141
234
246
253
230
230
115
33
54
26
230
259
232
110
269
31
101
72
267
314
234
34
307
289
44
35
238
241
243
338
243
148
35
23
234
33
25
49
70
307
44
307
115
111
35
125
154
129
307
259
67
49
233
307
292
44
62
44
120
64
307
260
16
202
70
120
257
157
244
150
398
152
10
63
44
49
234
314
169
111
317
242
234
259
239
113
26
259
151
259
33
120
48
239
234
150
151
148
320
6
169
129
307
125
190
397
35
129
57
54
25
229
246
307
88
54
263
276
68
243
239
249
113
152
35
70
239
35
90
246
120
234
239
249
33
148
21
259
78
2
68
307
307
33
259
211
18
234
115
259
111
313
146
92
49
259
240
148
57
239
188
260
57
139
307
44
239
141
148
307
234
49
33
148
120
116
70
290
290
259
307
41
57
159
70
141
33
173
8
243
151
44
190
25
57
307
158
239
33
31
259
120
238
307
217
112
239
70
313
159
114
33
307
259
150
115
161
243
125
116
44
35
33
257
141
4
33
173
182
259
211
90
33
307
70
207
83
70
34
233
70
150
254
234
253
73
129
263
64
188
263
32
51
38
298
38
313
44
108
142
243
243
49
25
297
234
151
115
259
259
243
151
111
239
314
307
70
259
125
44
259
33
230
88
157
307
92
247
116
44
54
87
259
70
159
72
259
308
5
313
307
208
9
44
297
205
398
42
230
54
307
129
233
300
302
44
246
416
259
292
151
78
239
109
136
307
259
150
239
244
129
33
307
70
243
113
72
31
115
140
115
157
120
241
233
33
115
44
188
54
25
151
125
109
299
259
263
263
101
264
239
41
70
70
35
315
110
90
230
105
141
239
44
50
71
120
234
70
226
41
34
239
33
33
35
306
141
70
5
121
260
260
120
238
64
57
108
307
239
307
122
233
125
108
243
188
94
245
116
239
111
111
272
141
259
33
141
298
169
320
238
245
313
313
313
188
6
70
234
211
208
313
2
116
33
234
116
238
191
79
67
188
238
148
158
148
134
115
112
293
92
34
259
150
32
32
64
259
243
259
152
229
154
259
215
49
204
133
226
92
158
65
120
255
300
70
34
155
245
263
226
70
120
259
4
211
313
48
159
22
57
313
151
125
32
313
14
307
33
307
22
299
259
239
142
35
120
148
33
358
88
33
238
239
76
405
32
113
113
8
33
62
155
264
32
67
238
307
300
31
8
273
59
105
33
23
111
225
34
259
259
259
239
33
308
111
153
49
151
238
234
242
92
33
239
159
307
162
34
108
33
203
230
33
44
259
234
8
49
293
137
249
398
239
120
238
114
160
199
42
54
307
151
313
61
51
239
239
259
226
70
154
26
190
31
318
230
4
151
313
260
313
246
34
125
198
243
313
188
198
234
307
34
207
212
312
112
63
315
152
173
44
313
259
151
243
152
312
49
244
120
298
141
8
120
10
230
293
29
44
153
240
313
313
190
42
226
111
33
226
148
31
8
26
41
57
284
43
313
234
239
290
125
290
5
307
120
318
67
259
215
234
70
101
244
120
8
270
114
44
31
234
8
234
49
150
300
259
54
259
32
54
173
10
49
8
313
36
120
313
44
95
239
234
101
352
159
141
234
92
239
307
32
70
234
34
317
70
247
336
239
70
49
234
190
241
239
151
243
47
239
173
152
44
44
95
190
71
90
318
259
239
120
181
61
313
49
239
26
221
26
54
307
108
54
304
54
287
32
158
253
44
229
239
8
313
44
34
226
259
6
313
44
120
64
234
239
33
173
269
234
241
292
92
246
16
259
112
34
4
239
44
101
115
111
33
61
159
86
49
234
54
336
113
67
70
230
249
49
269
51
230
44
152
275
297
44
115
101
32
46
108
142
131
300
173
129
188
259
239
162
153
284
114
204
92
111
70
234
239
70
230
33
125
199
33
33
68
109
33
159
283
81
162
162
324
199
32
141
307
128
35
2
293
25
151
276
246
33
369
313
44
316
198
300
34
259
252
101
111
190
34
159
34
120
369
101
173
51
33
49
33
307
313
313
269
313
313
313
259
214
318
116
25
259
92
61
234
8
239
191
259
120
190
88
243
313
49
284
151
239
23
114
8
211
313
33
48
148
120
111
8
292
296
141
217
239
48
159
259
125
239
44
241
162
307
188
76
307
49
33
8
338
267
32
234
173
243
111
259
239
64
22
65
230
70
190
313
158
151
198
276
152
49
238
233
307
92
313
313
313
313
148
313
313
313
313
313
313
38
112
151
70
33
173
253
67
95
120
307
113
111
34
318
197
8
298
313
49
239
70
208
259
190
157
290
313
173
200
259
120
33
92
34
111
33
105
106
154
315
259
201
41
230
32
259
201
226
259
198
70
313
33
259
8
290
54
38
16
313
304
234
205
190
25
246
253
159
120
241
33
204
300
64
307
201
32
28
70
338
212
152
313
212
33
4
32
92
48
33
49
204
148
44
125
307
148
152
54
253
234
238
41
20
397
41
134
132
159
238
398
148
109
246
234
111
239
76
259
269
259
109
243
159
239
33
239
205
239
204
191
84
190
211
234
259
25
71
239
159
108
239
70
162
26
239
162
316
109
188
68
239
111
61
112
111
159
80
36
33
230
115
217
243
49
259
318
120
239
44
243
33
324
284
259
141
49
148
120
8
19
22
139
150
234
259
142
32
239
304
65
239
120
259
259
312
304
218
306
70
230
239
44
234
70
125
34
10
72
18
70
193
141
120
112
92
201
22
239
10
152
154
190
159
307
159
10
259
16
55
54
259
49
234
218
36
26
39
246
5
111
111
239
129
312
143
92
234
33
279
279
279
279
307
120
259
259
114
193
310
33
49
125
69
377
239
120
70
201
159
152
70
307
248
259
47
51
39
33
352
226
112
336
73
318
24
78
159
8
95
233
64
259
39
120
32
259
159
22
31
111
148
318
201
108
120
33
359
188
114
126
8
83
313
9
70
8
293
16
14
8
300
259
254
10
151
8
333
117
8
398
70
8
226
296
259
70
293
239
115
65
111
313
8
68
162
259
120
152
114
64
22
38
34
4
33
51
243
120
33
155
90
70
125
148
65
159
8
42
131
120
152
159
120
226
70
44
22
116
313
20
25
95
44
338
116
234
120
8
304
293
10
143
109
304
159
98
159
173
131
259
8
155
273
70
13
125
239
26
259
70
34
338
318
234
233
243
24
159
35
70
293
16
33
129
255
238
49
167
39
32
190
116
190
70
313
293
203
111
110
312
92
72
22
190
189
190
190
196
114
32
32
134
141
260
212
9
189
92
49
201
201
199
72
234
234
29
5
70
29
324
32
234
229
313
148
148
152
233
64
32
129
70
259
53
279
71
313
18
120
120
335
69
120
238
44
167
44
259
54
120
234
32
95
8
293
173
49
173
115
338
211
25
190
239
125
16
146
54
259
239
20
49
63
49
152
244
160
159
90
16
70
106
151
259
70
205
34
70
226
227
397
92
106
205
136
159
40
259
161
239
312
120
148
189
239
201
287
248
70
160
90
189
65
16
47
40
43
201
34
55
259
193
234
260
115
120
159
8
8
8
116
92
44
239
54
307
211
238
307
313
155
196
157
33
2
4
189
198
71
307
70
191
26
71
207
95
160
310
63
190
33
92
120
292
216
71
8
109
190
113
199
201
307
287
173
120
315
259
148
34
293
111
44
201
70
259
33
190
253
313
201
307
70
204
101
92
191
288
70
161
70
70
211
234
243
352
32
211
70
215
146
336
161
321
51
307
201
239
71
207
189
67
208
34
223
246
263
263
263
62
201
279
114
318
290
316
44
60
318
26
159
32
173
239
307
112
248
273
33
134
159
92
270
108
3
157
190
111
33
239
243
41
26
95
120
148
51
8
14
290
155
120
129
109
32
157
92
299
233
34
34
201
296
234
72
215
70
307
262
259
246
20
92
233
26
111
45
51
26
154
173
312
18
284
34
34
34
34
284
304
44
201
201
63
43
307
239
150
38
307
259
188
335
23
201
313
234
257
216
70
160
125
33
210
70
218
114
8
234
8
33
259
315
148
151
32
307
70
190
155
57
189
70
161
43
32
307
259
225
211
272
32
313
215
44
18
32
33
162
259
49
4
92
228
236
40
33
234
40
54
146
26
153
234
34
44
234
239
114
22
205
92
189
259
76
33
72
291
213
239
141
244
189
159
151
155
34
189
204
204
313
196
287
141
157
33
263
243
103
88
159
239
288
70
11
336
287
70
150
212
189
109
8
109
106
229
239
84
23
190
243
312
40
307
183
142
219
26
288
288
288
288
84
183
32
288
190
190
61
259
230
259
259
142
313
313
313
288
82
114
234
80
114
211
92
287
70
113
279
96
288
190
312
151
70
190
90
227
318
320
301
92
88
44
234
313
48
92
259
154
141
199
141
34
211
34
112
26
70
101
299
229
35
243
87
246
84
63
190
190
141
54
338
295
308
141
260
263
2
41
88
264
288
120
67
141
32
244
84
111
25
209
120
313
259
141
108
207
307
259
259
2
260
50
307
293
259
33
16
141
290
260
301
259
157
288
70
188
259
201
87
244
89
89
89
89
89
70
33
259
259
293
111
151
306
151
157
199
67
114
51
318
288
159
108
205
34
10
288
161
169
234
114
53
234
318
71
323
80
40
318
318
279
89
159
35
90
22
152
16
336
316
141
49
112
152
22
22
287
18
140
238
95
26
131
88
259
141
139
95
307
8
234
49
260
211
151
259
320
313
83
288
338
288
288
288
188
150
83
288
288
288
287
50
33
33
287
76
288
84
285
288
149
307
70
307
70
162
134
233
192
369
141
70
259
18
72
243
114
315
70
84
34
142
92
157
70
70
201
260
40
233
288
26
201
142
270
157
142
140
315
70
269
31
212
255
143
229
67
324
70
301
95
127
218
313
57
33
127
211
141
89
44
49
141
101
70
142
273
120
54
160
120
61
273
127
288
127
259
269
40
44
288
141
35
189
92
211
142
189
151
318
16
155
290
397
120
213
92
32
187
22
73
154
336
122
44
141
259
89
288
234
63
70
70
173
239
250
70
151
73
8
8
239
154
264
260
320
40
57
18
251
70
150
16
288
259
26
201
111
40
158
22
141
259
121
144
88
205
275
288
160
9
173
34
260
306
155
9
335
301
9
233
284
92
234
22
183
5
155
173
8
52
148
141
347
70
263
70
22
288
82
70
120
33
136
301
215
152
54
140
288
234
151
364
44
273
286
159
33
49
288
301
307
44
144
313
288
88
48
88
259
260
279
159
140
73
211
260
314
70
304
54
154
90
239
22
70
160
158
288
313
141
112
288
320
10
234
288
244
213
296
92
84
70
70
55
249
8
44
160
120
288
216
22
22
308
315
183
61
288
134
260
84
301
46
173
186
259
115
141
313
288
155
190
140
275
9
88
313
288
141
141
73
288
48
87
317
308
338
142
84
84
73
240
67
73
308
40
310
8
84
190
82
11
72
301
405
40
10
92
284
242
84
117
88
290
88
263
92
301
14
25
273
48
288
157
301
230
260
291
187
288
307
64
33
259
75
288
136
276
269
70
70
8
233
238
407
239
299
226
34
141
84
26
240
34
307
179
84
140
152
8
394
120
263
225
2
269
269
70
159
288
41
260
88
142
140
8
44
190
287
299
240
9
83
347
314
125
62
44
260
414
142
293
204
57
212
82
44
273
10
227
301
95
88
243
288
73
71
82
82
201
73
152
301
95
92
61
142
49
26
89
159
40
49
234
287
92
288
292
243
263
193
234
120
82
290
150
63
48
202
188
120
315
88
273
287
287
287
70
46
240
150
33
274
8
144
244
25
101
416
288
144
82
88
240
312
120
301
188
32
161
150
246
217
82
92
397
26
215
127
213
301
301
152
275
173
259
189
144
141
290
92
403
238
22
129
61
259
8
26
307
54
243
216
44
288
272
141
199
201
61
151
414
290
283
240
185
111
201
57
202
190
136
92
141
26
131
299
92
92
120
102
92
221
38
290
188
151
114
201
364
201
213
44
301
301
315
92
120
194
214
190
205
183
226
120
216
336
239
179
188
72
191
151
307
190
190
320
129
54
111
150
57
276
41
44
70
33
205
141
173
249
8
292
57
270
129
92
317
114
289
335
44
57
190
88
70
40
301
70
243
44
131
273
211
8
13
318
215
279
129
25
44
120
238
44
300
248
301
335
251
36
288
239
120
141
33
84
115
64
321
34
57
172
57
230
57
164
259
154
95
159
199
8
299
283
211
13
33
92
92
70
315
115
290
290
84
302
397
254
230
324
148
320
72
57
150
18
335
159
398
276
234
229
84
125
120
246
6
148
279
242
188
70
54
122
151
230
143
73
250
61
241
240
120
234
120
105
260
49
386
150
290
29
191
35
201
208
33
22
34
244
244
198
157
288
134
263
140
151
61
92
190
189
285
290
92
190
186
259
72
93
42
199
288
246
230
240
240
244
152
154
238
259
82
26
64
198
189
288
112
240
244
290
201
233
239
259
230
157
190
120
33
42
32
87
160
129
120
253
129
230
243
199
259
179
189
182
70
313
259
230
120
108
61
260
264
141
140
269
120
364
301
241
141
70
338
225
307
327
240
59
150
48
44
230
88
120
364
25
283
44
259
120
88
129
120
35
259
120
129
158
279
54
288
288
325
129
82
269
330
67
318
214
225
154
88
292
283
243
238
335
141
267
173
70
151
197
34
201
335
414
270
201
240
56
320
35
46
57
64
141
335
259
70
270
243
190
327
335
290
212
1
88
10
259
327
46
313
326
144
312
154
283
248
241
236
148
154
290
34
151
64
276
140
143
190
330
141
338
230
290
179
212
154
290
290
279
290
263
201
208
326
25
270
290
108
189
326
93
34
98
240
84
257
184
140
263
259
120
288
283
154
33
240
338
125
59
64
317
179
127
317
259
113
238
386
259
230
151
233
59
120
44
39
150
230
307
234
233
54
148
257
386
64
386
59
225
120
120
120
199
279
315
67
275
54
149
290
44
44
80
