295
12
146
54
246
300
38
70
230
70
163
72
259
292
148
151
153
230
115
234
243
160
108
125
72
68
116
25
42
27
127
44
48
168
123
111
230
113
239
239
159
72
246
230
162
148
131
230
226
234
152
115
238
111
260
273
293
307
318
70
227
120
188
33
273
238
261
230
78
109
109
49
77
33
230
230
49
229
79
70
259
35
129
259
239
71
159
70
40
151
112
40
259
115
33
160
230
71
90
233
73
108
372
70
246
80
230
59
234
109
273
238
70
230
72
159
70
8
152
239
70
70
70
70
188
33
120
152
71
239
257
113
120
259
71
324
148
324
71
44
159
49
49
76
246
106
316
267
173
72
234
151
234
371
389
41
70
293
22
70
72
70
309
230
334
37
154
259
158
188
4
159
76
188
40
300
259
246
49
227
70
405
37
105
230
234
159
49
230
259
2
49
111
259
72
259
239
120
73
159
239
115
53
300
71
318
304
22
43
284
318
114
34
230
71
113
120
159
284
70
162
111
318
65
68
72
89
92
152
131
71
72
335
22
238
369
154
71
89
70
70
90
362
108
259
14
389
71
92
112
32
40
49
49
55
2
368
131
293
40
155
270
70
40
71
49
32
104
152
31
155
22
109
230
287
371
72
40
150
300
70
160
112
72
4
114
234
70
71
109
259
259
71
318
294
74
230
141
112
49
40
35
150
5
70
40
312
67
40
284
2
304
40
238
242
120
238
70
120
336
70
160
269
260
22
142
157
336
22
188
291
227
48
111
83
239
49
239
230
230
152
240
49
318
67
273
49
294
234
141
95
71
72
72
160
71
155
70
230
151
95
115
389
157
72
70
92
71
26
134
259
371
70
402
71
134
304
109
259
141
151
8
73
89
108
88
70
70
92
151
52
160
71
31
263
184
324
159
307
70
309
307
188
150
83
71
165
70
70
255
70
362
296
71
157
307
72
9
140
302
71
9
233
293
161
111
73
70
140
230
269
111
162
106
111
188
62
160
70
70
157
32
304
308
4
234
136
136
70
139
157
38
271
82
92
189
260
70
49
159
68
150
71
158
369
239
40
290
154
92
32
248
72
204
142
230
72
70
244
70
70
22
34
159
120
269
188
230
151
180
307
40
161
16
71
300
229
59
168
304
273
89
95
362
159
140
234
83
390
159
271
269
161
240
70
92
140
154
70
85
34
32
115
140
92
95
154
47
154
140
111
40
40
389
188
238
159
234
70
9
70
40
230
34
335
72
160
105
259
104
95
72
150
67
69
72
35
72
72
141
34
40
234
260
160
131
72
299
309
111
35
328
72
44
259
136
116
72
140
173
157
330
290
290
290
234
120
84
151
290
33
290
318
391
176
290
72
167
244
67
240
35
239
255
189
243
57
205
386
158
70
123
72
338
335
239
157
69
157
150
72
321
236
233
234
35
