33
249
230
230
27
314
44
54
59
169
61
61
120
54
141
163
169
108
54
230
115
239
21
59
317
128
68
111
246
64
120
166
263
108
398
141
158
307
111
307
283
41
90
62
25
115
80
229
290
115
83
151
62
54
44
314
307
31
239
398
259
259
234
293
21
211
172
259
338
246
92
167
251
234
221
120
48
276
314
155
155
238
238
150
111
300
300
120
38
38
300
300
246
54
311
238
259
41
230
167
263
239
49
33
253
49
49
244
108
158
44
41
267
246
148
108
35
263
265
263
5
291
153
120
38
35
234
230
257
116
115
120
300
35
33
259
246
4
10
230
239
109
238
259
118
49
28
23
120
61
113
141
67
67
32
95
230
49
114
245
35
163
35
238
71
239
230
234
276
44
259
259
132
273
2
92
54
259
259
159
49
304
49
263
146
33
49
246
35
230
234
120
226
158
152
233
142
68
230
44
32
230
300
22
8
8
158
150
167
234
234
276
120
299
146
27
114
230
126
234
148
259
111
234
106
61
120
259
307
41
116
261
31
239
120
150
239
67
230
123
8
8
259
18
68
233
324
101
267
95
111
273
109
120
120
120
241
121
243
33
56
33
59
64
64
230
227
113
168
162
44
113
259
245
226
108
159
62
230
73
234
120
115
41
259
109
70
243
94
259
111
154
40
243
8
259
54
259
39
259
123
311
336
188
168
24
336
307
109
225
116
35
111
259
90
255
230
34
259
10
311
246
300
259
243
111
29
8
120
257
5
273
33
111
120
106
191
33
35
115
230
257
230
115
247
259
34
259
152
70
153
70
230
109
173
162
49
230
32
152
307
247
246
70
26
108
257
33
230
246
259
307
113
290
32
150
152
33
148
273
243
49
165
307
2
120
62
227
249
2
26
49
115
32
167
39
111
71
162
22
22
230
246
90
307
259
273
233
259
32
76
261
109
300
76
70
70
35
241
269
76
318
120
257
263
49
79
22
153
49
233
49
234
230
245
16
290
108
152
120
67
294
32
37
44
33
151
226
259
141
158
113
234
150
20
259
239
259
38
234
125
246
33
239
227
244
162
259
234
111
21
244
230
153
32
71
398
152
43
41
200
155
49
246
115
44
238
148
2
62
362
308
141
120
41
257
65
247
159
239
267
9
230
26
333
34
41
149
230
271
181
106
168
115
230
246
369
245
126
230
120
233
259
76
62
336
205
26
69
116
35
284
68
293
109
234
68
108
38
153
311
259
49
43
263
40
152
300
8
111
290
10
31
43
70
173
84
194
371
68
115
44
239
263
150
113
304
129
123
131
108
34
348
229
35
92
65
246
111
293
8
68
155
141
8
61
238
114
257
116
300
14
67
35
373
89
151
8
4
167
234
32
284
239
241
44
311
159
116
150
390
239
120
246
115
31
152
246
273
50
49
273
18
31
201
109
230
106
111
292
257
273
259
300
67
212
48
259
10
111
14
111
158
49
310
37
31
10
8
8
230
5
239
259
33
41
8
49
335
70
188
230
168
234
115
271
234
9
141
106
38
190
57
158
290
113
8
234
31
76
49
362
22
116
246
159
259
108
92
116
293
243
273
311
37
151
36
109
389
279
72
259
150
241
49
259
33
238
151
257
369
125
80
230
109
159
148
318
14
238
239
307
259
116
57
67
49
54
307
159
70
37
8
9
151
230
30
173
246
43
118
118
34
302
293
304
40
246
247
304
335
255
110
230
31
151
113
241
49
335
120
42
312
229
311
117
259
334
40
234
95
141
123
74
318
152
239
152
32
106
25
230
101
20
71
238
314
152
71
257
152
300
311
74
40
230
306
333
112
316
33
230
70
311
111
111
230
106
35
309
70
259
38
9
111
111
259
389
259
293
140
111
162
22
369
255
259
146
74
298
271
8
239
307
243
70
259
70
304
307
294
4
40
259
111
234
188
70
70
230
273
33
234
38
253
112
230
33
106
335
87
105
233
71
120
95
95
243
49
234
152
128
125
234
70
323
3
152
259
234
141
234
362
109
34
148
40
70
32
151
239
259
154
307
40
166
290
9
294
71
37
243
71
141
234
152
49
239
230
40
230
120
208
163
159
150
307
238
239
92
61
158
152
239
106
49
153
65
155
114
71
239
234
22
76
40
4
234
259
6
40
22
239
116
57
120
116
259
157
115
67
234
34
155
318
35
245
151
307
73
70
225
111
8
70
40
314
242
155
226
389
37
259
373
31
318
22
92
95
37
101
239
181
111
70
150
120
49
24
48
162
287
246
192
236
16
34
49
70
270
26
259
32
241
152
18
35
284
168
120
113
116
8
300
8
47
32
306
116
293
389
36
322
8
244
70
4
152
70
234
230
95
78
246
233
179
230
151
125
230
71
25
234
6
70
230
373
70
246
234
152
116
94
318
22
155
116
259
44
259
239
34
76
250
116
35
109
116
40
159
70
318
152
307
49
111
300
211
273
279
34
152
159
230
151
40
152
116
33
33
116
176
70
106
238
111
246
259
230
320
259
150
22
230
335
106
71
25
234
76
109
4
67
92
234
100
116
35
230
111
113
307
318
33
111
230
150
152
246
335
106
234
230
230
259
239
92
257
49
32
373
95
26
22
273
294
230
155
106
247
49
116
239
173
336
111
33
259
293
101
294
116
35
259
238
49
148
230
234
32
251
259
34
369
159
318
314
32
241
32
111
300
405
152
123
311
273
116
293
259
65
243
162
259
246
116
306
24
31
95
257
167
167
95
141
49
259
234
22
63
8
10
111
2
49
116
234
40
32
314
311
152
49
8
115
37
8
116
336
125
35
47
8
336
8
8
257
239
40
152
106
40
32
8
261
153
336
116
40
158
49
59
49
116
153
70
300
120
24
290
153
259
134
70
74
234
336
273
32
12
300
300
239
109
159
22
115
336
90
8
114
71
239
70
22
230
8
40
151
259
70
94
16
50
244
70
239
111
108
287
230
318
259
49
70
152
234
300
389
26
111
304
311
324
32
32
155
2
239
161
42
234
70
263
117
49
154
284
152
239
70
70
405
211
49
115
95
40
300
152
229
151
111
247
71
14
141
152
239
307
251
22
238
244
293
115
6
22
67
40
259
113
259
151
230
150
116
230
106
111
38
230
173
33
95
67
152
49
241
83
159
261
108
70
152
234
22
152
230
116
173
152
71
31
70
83
71
150
2
111
318
76
283
71
73
9
70
234
226
162
152
40
230
234
238
336
173
246
113
152
22
40
34
234
311
106
311
150
38
152
233
40
162
70
239
230
2
234
108
314
65
33
120
237
32
44
40
34
22
35
253
368
200
239
259
257
116
244
116
40
162
304
239
71
158
49
230
158
70
95
259
152
116
36
148
201
304
22
158
148
32
146
40
234
50
70
90
159
76
70
120
111
35
115
300
49
70
234
259
54
72
2
22
90
113
22
118
165
336
38
9
109
70
405
159
49
120
71
21
35
40
8
324
70
293
24
40
230
250
71
95
230
35
90
109
259
334
152
230
18
22
102
297
230
259
152
294
371
95
259
38
67
18
8
40
16
152
239
232
70
233
35
234
234
151
111
22
106
90
152
90
90
90
90
90
230
115
40
230
335
49
105
234
335
78
253
34
240
114
95
259
271
40
290
40
213
89
34
22
214
155
311
40
234
245
246
152
152
70
300
311
239
307
22
108
265
294
152
43
8
304
34
8
40
136
40
33
101
238
101
230
238
292
70
34
116
2
14
151
273
185
37
152
22
271
157
198
72
65
246
160
336
24
40
318
243
159
234
259
72
140
111
32
70
271
230
324
73
38
70
71
33
70
300
40
292
259
40
293
196
114
26
239
239
318
49
311
40
240
230
230
299
230
35
152
230
173
239
239
309
71
230
234
323
70
34
239
300
114
230
109
151
111
150
108
166
95
259
40
22
255
273
61
150
309
111
306
139
389
284
44
273
111
324
116
37
40
40
71
311
32
49
188
257
233
113
259
24
22
205
35
405
65
230
155
116
151
26
32
234
22
405
302
311
193
22
186
190
44
230
190
312
92
152
18
40
67
261
336
290
120
113
152
4
148
141
71
318
336
283
141
270
234
141
397
50
152
104
244
152
132
131
150
300
115
299
273
273
141
141
141
273
273
273
141
141
141
40
92
40
300
34
9
18
152
318
67
271
18
311
239
390
234
40
273
273
273
273
273
273
273
259
230
320
108
24
141
161
253
152
22
34
273
273
273
141
273
273
273
273
273
2
151
67
67
29
16
16
108
293
70
155
12
230
61
111
234
310
234
336
150
40
80
230
136
115
49
8
8
32
2
32
306
336
95
152
275
70
32
22
3
244
199
239
284
70
70
162
323
230
105
84
49
70
335
158
335
311
77
22
152
40
105
333
70
229
236
239
152
70
33
95
8
271
239
151
77
34
71
152
70
22
26
116
207
67
369
125
287
111
31
152
335
125
141
230
290
8
239
239
308
108
233
389
8
103
239
115
40
279
234
239
213
70
26
20
37
318
26
111
70
106
23
173
155
150
44
205
192
152
71
78
259
159
320
173
38
152
271
152
243
76
244
239
92
92
238
33
105
2
49
2
148
71
113
67
40
70
152
152
369
321
190
336
261
40
157
173
234
230
8
267
80
160
73
271
234
8
240
307
311
335
148
70
155
40
98
238
116
62
201
73
155
230
71
259
260
259
26
22
22
9
238
40
71
36
271
249
141
101
141
308
40
152
324
343
136
152
161
14
160
53
8
336
116
5
242
362
157
32
233
22
230
244
111
40
105
33
42
205
318
243
70
259
234
259
40
26
32
311
318
273
70
40
70
307
318
111
335
233
336
38
205
300
16
255
318
40
249
288
140
113
106
26
257
304
234
259
307
318
300
241
307
152
311
152
70
70
288
157
152
70
78
71
111
318
32
8
8
20
40
148
70
390
40
259
387
259
311
214
215
320
92
22
336
34
198
271
287
95
205
89
26
35
310
50
71
106
67
71
120
70
373
14
259
38
271
239
26
95
293
336
14
14
6
36
18
50
160
34
32
239
234
34
106
241
151
6
300
44
111
304
34
34
78
16
67
18
67
18
293
108
151
47
108
243
37
244
70
131
294
71
40
71
84
151
238
70
241
148
108
70
157
234
26
207
67
294
255
318
290
12
36
275
70
40
48
173
1
154
230
1
188
32
279
101
244
246
239
320
312
279
70
22
291
18
71
95
24
283
299
40
173
250
230
70
233
246
111
49
318
230
18
333
14
155
259
230
141
111
116
148
95
115
40
190
311
123
40
284
159
318
197
77
157
67
92
314
111
307
210
151
40
234
37
34
152
95
125
44
238
92
40
287
209
152
259
259
190
161
70
294
70
9
40
34
155
141
152
40
155
198
22
34
36
120
318
234
234
26
312
32
71
26
32
69
18
229
68
114
336
40
244
239
227
122
40
307
307
70
307
70
263
244
70
307
111
307
4
70
205
160
173
120
279
70
335
230
299
173
198
161
118
71
153
299
44
148
290
77
120
244
318
39
152
26
245
336
33
70
120
106
318
34
244
154
26
92
34
151
132
398
234
293
270
132
148
37
49
255
114
308
323
148
234
301
71
70
34
38
300
70
70
152
22
160
214
183
22
239
239
71
70
111
251
33
161
22
29
70
34
49
206
323
92
123
70
2
230
152
34
70
78
324
49
141
288
239
120
84
136
38
159
389
259
336
40
293
288
55
92
273
307
44
73
70
40
49
288
299
189
299
34
70
190
211
22
259
111
35
116
40
71
324
190
335
154
233
398
201
234
120
336
92
125
312
71
120
208
70
241
22
71
246
230
64
71
70
32
134
70
34
40
116
92
373
34
230
234
139
279
76
294
257
43
71
116
316
67
234
52
414
270
140
40
230
8
238
239
288
70
40
34
290
106
154
70
230
40
159
288
34
120
140
230
223
288
152
109
136
165
33
155
284
49
26
70
47
37
120
239
389
34
233
111
92
389
259
49
44
131
22
108
71
300
40
243
290
70
230
71
40
248
116
230
161
234
70
71
160
34
10
9
161
22
259
73
123
369
70
6
120
283
230
141
57
140
240
38
35
263
230
120
44
290
263
42
283
239
161
152
155
70
49
106
190
234
115
227
284
307
288
257
145
301
240
174
141
41
279
26
208
243
14
44
100
40
123
92
84
160
198
161
113
161
390
279
10
391
116
320
230
34
288
290
240
87
62
261
275
140
71
310
40
255
290
239
61
95
114
318
40
230
293
111
29
31
123
114
155
185
92
9
290
43
290
290
140
317
1
61
288
159
336
159
70
369
151
160
161
294
259
152
154
80
300
320
320
34
151
245
160
234
152
26
271
106
290
70
254
405
9
315
40
312
240
76
279
44
26
288
238
153
230
92
34
336
34
107
62
257
390
318
95
26
52
26
173
198
71
72
314
70
92
41
152
205
34
283
234
40
105
74
59
198
155
91
160
158
263
8
269
73
34
234
46
33
92
43
92
49
73
136
8
73
108
290
134
136
117
290
150
16
131
136
376
389
141
187
92
8
8
36
78
373
201
205
150
299
38
32
300
213
70
154
311
40
72
205
38
71
259
273
390
29
308
292
155
36
34
288
239
22
67
29
259
92
131
63
108
248
40
26
239
320
300
49
105
140
73
204
11
9
115
208
22
70
261
238
80
198
65
307
188
290
95
70
22
111
293
10
95
238
71
70
245
92
324
234
40
40
111
71
259
69
230
115
315
70
318
211
98
70
318
70
120
24
141
49
112
70
140
336
163
336
152
270
31
244
290
369
233
4
34
46
113
40
238
108
73
230
40
111
70
70
152
279
40
335
70
273
108
34
304
70
288
131
306
230
336
47
140
288
294
129
301
161
74
304
40
257
211
290
301
301
244
71
70
290
414
270
92
140
71
92
146
72
244
161
173
290
161
158
34
168
238
160
142
162
40
284
92
67
152
259
3
131
290
310
72
55
314
64
165
259
95
49
92
159
205
315
70
259
391
8
315
253
9
175
288
52
243
230
159
300
315
68
143
318
120
71
45
111
154
140
152
131
49
157
92
70
92
160
92
249
304
279
205
26
290
150
288
288
311
125
26
173
210
1
288
71
243
137
290
71
111
32
40
111
239
288
108
335
6
120
239
148
92
70
34
318
70
276
71
92
12
287
320
26
161
78
314
141
70
108
40
301
318
40
4
92
246
290
181
22
173
369
238
92
152
70
405
299
26
92
161
338
318
239
207
155
33
157
36
141
65
253
230
239
279
40
32
230
299
92
154
318
141
238
71
26
238
369
79
62
239
95
136
32
160
70
205
306
106
188
32
155
22
8
108
230
307
283
70
8
40
230
234
160
284
46
320
312
71
269
257
37
300
338
40
230
101
154
306
131
263
95
14
40
362
70
215
82
397
70
116
230
188
173
9
294
273
301
170
230
230
70
160
333
26
264
26
294
247
22
72
336
34
154
8
174
40
154
300
152
49
230
82
299
234
8
216
120
276
335
208
173
70
314
70
73
335
95
212
84
290
70
151
159
140
288
70
72
111
108
102
230
290
263
284
120
116
290
239
215
190
311
40
120
190
226
18
82
92
160
55
16
16
227
92
44
160
292
40
229
300
288
208
70
92
105
108
263
14
230
148
40
263
44
205
290
46
131
259
32
288
318
22
414
190
70
173
250
200
284
205
288
8
273
310
230
70
109
390
22
157
369
36
261
34
293
230
9
49
34
230
92
8
94
238
114
390
9
118
131
247
31
239
141
154
304
40
151
105
181
11
70
40
1
67
293
116
239
9
199
70
29
18
70
116
9
227
243
283
343
120
52
151
120
141
308
92
92
198
120
314
3
49
240
34
113
190
92
335
71
155
152
111
157
414
26
240
262
290
284
95
13
259
204
159
159
82
251
230
141
120
246
109
95
22
31
152
70
95
160
120
311
70
70
34
70
300
263
11
263
159
148
52
150
161
78
335
95
74
70
70
389
160
32
296
320
398
259
40
95
140
120
35
239
312
161
111
307
70
307
72
288
92
33
330
37
321
92
240
196
108
122
70
322
173
70
151
154
118
114
22
288
173
239
70
151
398
49
160
105
1
307
154
9
114
323
259
160
69
34
230
190
67
201
67
160
234
257
159
22
117
167
116
398
65
170
170
32
92
50
141
92
314
315
312
92
71
284
22
259
70
307
288
120
142
33
70
290
105
159
105
230
290
141
111
234
148
95
79
190
259
301
22
336
279
70
92
26
129
92
246
293
40
40
35
70
35
369
273
141
246
151
236
49
230
244
8
284
318
6
70
159
230
244
31
189
97
26
105
157
336
259
10
133
161
70
239
198
111
240
92
190
160
273
70
40
113
92
275
190
44
134
64
53
73
154
239
136
109
398
92
234
152
111
151
2
92
234
299
243
141
71
154
244
390
42
160
49
334
205
151
290
108
259
39
109
157
151
34
22
244
335
35
227
306
131
307
284
70
64
335
10
240
73
240
188
78
84
188
259
46
173
9
208
238
314
32
159
150
105
240
414
284
95
92
263
105
9
140
284
72
92
213
101
259
159
70
239
189
34
293
270
301
362
92
314
157
335
159
244
320
73
49
238
48
95
170
46
328
159
159
311
239
43
320
335
85
301
337
320
230
279
8
70
73
115
308
152
335
290
92
92
69
1
160
71
92
74
92
154
301
140
9
204
92
338
8
95
106
70
328
315
70
315
71
279
109
136
95
230
314
275
70
34
111
230
44
140
292
142
108
44
71
95
314
336
283
320
13
247
39
173
142
283
8
208
120
92
283
290
219
157
49
331
70
336
67
70
34
127
179
84
173
188
6
283
142
46
89
330
334
111
70
71
328
237
165
328
160
249
136
141
154
43
40
238
159
157
92
325
230
167
84
131
279
48
329
240
94
251
201
116
279
74
74
335
335
92
141
333
327
240
151
335
44
75
290
105
240
318
247
240
111
251
279
225
140
80
335
259
269
269
65
320
244
290
143
92
154
33
109
47
31
230
113
234
105
257
257
240
71
140
335
307
4
70
76
22
70
190
150
246
397
244
129
270
234
105
151
201
132
10
92
38
303
70
151
78
95
245
158
308
67
92
318
95
154
331
331
82
324
239
279
29
68
259
46
230
317
338
211
317
46
263
318
284
315
255
240
275
240
328
118
116
307
338
172
287
201
327
3
105
154
120
268
310
301
325
8
240
253
269
67
318
230
230
234
300
10
320
44
300
233
204
34
160
26
226
70
93
92
2
398
240
61
299
75
67
44
173
188
318
140
336
211
72
72
273
302
140
111
154
324
302
22
297
108
4
112
159
230
95
336
38
159
373
318
159
23
335
273
114
152
132
157
108
108
239
63
49
107
318
279
29
288
314
133
49
363
165
257
314
240
240
307
288
320
49
67
49
248
49
290
290
92
64
240
246
151
132
240
137
240
230
320
279
189
112
20
101
314
154
129
49
304
283
250
273
288
25
92
284
75
54
44
110
233
54
72
259
259
167
238
49
140
6
150
259
238
120
263
34
233
25
263
288
230
1
290
125
72
226
169
233
375
8
184
111
153
247
108
154
157
34
150
381
141
290
378
338
290
116
263
140
163
159
236
57
290
52
