44
44
48
165
48
250
48
57
165
61
44
276
44
250
44
251
165
120
44
64
61
165
64
120
165
269
54
64
251
64
120
44
61
276
64
25
165
165
251
165
265
44
165
54
165
64
230
64
44
241
165
57
54
59
165
165
48
165
165
120
33
250
398
121
251
165
44
62
59
48
108
48
44
44
250
44
48
230
54
211
314
229
129
141
307
165
165
165
165
165
165
165
35
61
61
252
250
44
290
64
120
249
48
165
91
261
150
165
33
33
251
59
35
290
64
136
61
61
230
249
61
64
136
251
33
61
61
61
61
136
136
136
61
136
96
274
165
165
307
165
307
33
25
120
129
25
150
59
150
109
241
120
230
230
261
241
241
230
168
44
165
169
120
230
229
259
112
25
108
120
234
233
283
209
59
108
338
165
64
120
44
61
165
101
89
44
307
111
101
151
241
111
33
33
150
151
150
234
31
241
120
233
314
181
151
64
230
33
61
297
159
167
33
257
120
259
239
352
152
300
297
120
120
243
239
241
292
241
61
116
165
233
230
246
150
263
136
241
295
257
243
239
314
259
241
61
170
108
307
120
173
70
113
241
230
33
33
80
44
165
41
230
246
307
151
300
78
234
246
246
33
273
120
152
96
241
8
10
8
111
61
26
259
111
257
271
151
234
259
165
49
259
159
239
116
307
142
159
241
241
64
233
120
165
120
152
165
114
234
35
165
241
146
263
64
150
108
241
109
120
120
267
269
106
230
241
249
33
25
120
230
61
241
300
299
290
271
110
230
150
153
33
59
243
151
41
318
57
151
32
67
307
255
292
101
120
101
233
239
246
59
90
111
108
136
165
61
259
120
239
234
241
148
161
165
259
290
238
33
25
165
290
120
129
152
61
181
152
243
44
59
109
151
33
25
116
54
241
398
157
44
246
44
32
230
259
259
44
35
259
111
35
307
112
259
27
294
35
158
120
31
233
59
78
44
159
44
167
59
33
44
165
52
120
57
293
148
132
91
64
168
246
259
246
116
300
8
244
243
120
61
250
284
108
33
259
165
314
112
314
39
163
168
49
307
111
259
101
35
120
241
165
155
263
259
39
259
284
108
234
25
92
261
259
111
8
239
300
259
148
158
61
70
115
259
8
40
108
249
67
285
108
397
33
286
40
259
234
307
290
259
115
109
165
307
152
152
234
243
152
63
318
152
109
234
108
307
22
22
49
44
307
284
165
314
150
33
40
259
153
307
49
14
159
2
314
165
150
120
68
241
101
188
241
290
108
120
304
28
250
243
241
230
261
290
44
101
298
182
64
150
314
290
169
120
148
394
230
171
153
230
109
149
234
304
115
234
109
246
25
112
35
251
8
22
120
252
44
120
64
115
64
116
44
233
241
284
238
243
33
148
108
101
148
151
165
44
162
239
247
300
233
13
304
78
57
230
120
152
169
2
300
25
225
151
259
25
57
101
152
108
108
152
310
150
259
10
169
148
120
230
78
8
318
168
54
109
22
162
152
152
244
120
111
294
234
251
259
120
165
101
108
16
44
152
239
152
64
44
259
6
230
33
33
50
230
307
251
154
152
44
61
44
114
307
241
318
165
71
120
249
33
152
91
25
150
152
239
33
290
33
162
165
259
8
307
246
44
172
290
120
44
243
6
10
255
25
44
114
307
230
245
120
269
109
259
78
293
108
92
8
44
34
68
52
25
259
16
243
61
309
311
33
307
97
165
22
35
35
241
120
33
10
31
120
80
229
241
230
112
44
40
297
35
91
59
33
111
33
230
249
255
101
253
64
259
296
236
38
112
253
152
25
120
230
307
269
35
108
120
33
151
250
62
109
263
120
113
63
300
36
108
20
8
57
309
126
95
257
259
259
152
21
290
150
152
208
54
48
136
35
8
215
164
230
234
49
284
64
311
10
10
10
16
159
38
164
215
37
8
8
35
90
49
178
314
190
211
8
190
49
317
211
150
234
234
152
98
123
113
54
10
230
239
239
318
101
300
239
290
33
316
44
6
44
151
120
8
32
59
317
64
311
25
96
196
152
284
67
209
318
129
190
120
152
311
40
246
70
4
214
233
70
229
230
232
181
259
44
10
115
32
243
8
241
259
230
10
120
238
397
165
109
259
40
150
150
33
35
181
162
49
64
49
49
8
236
52
152
189
44
165
64
165
136
233
207
152
152
259
49
64
243
191
151
211
40
155
70
40
152
22
44
68
310
78
35
26
181
307
101
290
301
263
49
101
54
36
63
148
64
238
261
63
234
34
230
307
49
59
150
67
67
284
34
34
284
34
284
169
239
182
108
22
106
233
16
230
193
155
284
398
165
149
109
109
279
159
40
165
31
109
317
18
300
234
230
148
290
152
259
152
111
226
49
300
49
290
290
320
111
152
32
34
259
115
115
259
8
76
166
152
295
23
192
239
111
35
241
290
284
38
16
318
249
92
288
126
259
225
26
40
8
238
18
31
44
113
239
39
36
154
47
233
230
307
8
8
114
44
115
307
2
211
198
263
48
40
307
40
136
165
296
95
111
290
233
259
65
40
317
10
49
155
284
101
2
244
22
234
150
125
111
78
307
165
111
39
311
40
318
165
290
150
32
111
230
263
8
54
249
159
32
307
210
239
233
301
317
152
111
20
76
324
40
250
165
48
59
22
230
40
49
318
63
70
18
164
165
165
14
33
392
153
239
165
259
307
259
120
120
37
92
246
49
230
148
40
165
109
112
77
290
152
91
234
208
6
386
12
300
8
14
165
8
26
136
140
290
33
290
255
35
52
151
293
45
165
67
108
247
113
241
108
62
120
255
284
44
165
140
44
108
233
243
215
10
284
317
40
63
318
120
241
243
149
147
230
267
405
243
230
123
165
288
44
108
301
271
244
244
136
8
57
314
96
269
307
120
152
109
120
259
91
152
10
44
44
40
290
120
205
49
96
10
25
16
159
36
212
165
64
207
320
314
299
80
120
244
169
96
8
22
230
59
57
63
35
162
73
40
151
234
168
120
18
155
241
64
150
165
259
164
120
157
279
98
40
190
44
241
101
320
159
96
234
10
44
96
39
91
111
230
249
150
318
243
71
111
136
78
112
136
8
95
40
120
158
8
292
338
288
33
164
112
314
255
18
36
283
6
301
230
120
239
284
259
150
70
157
109
151
44
67
244
274
152
307
120
24
20
101
70
67
239
158
398
40
323
136
77
112
288
49
279
318
314
25
243
165
307
34
67
246
24
44
335
165
44
230
318
284
335
288
162
241
34
230
234
160
39
397
62
33
33
4
151
136
108
84
307
44
61
307
272
301
40
136
253
300
233
33
288
290
120
165
136
78
44
300
136
29
230
136
143
230
34
259
32
40
312
397
55
70
22
203
44
151
290
22
40
259
85
169
1
230
22
165
234
40
239
252
120
279
44
259
301
136
159
150
210
4
26
14
8
4
307
40
120
241
154
10
263
26
111
44
120
25
20
22
238
22
152
33
152
236
22
22
259
40
120
320
78
115
259
92
155
165
44
93
284
38
108
152
29
112
8
120
202
32
34
9
283
317
239
108
279
152
101
116
101
61
93
61
136
255
96
141
62
10
101
120
101
113
257
292
143
290
397
74
61
152
78
307
165
96
120
125
296
136
96
234
244
109
154
101
108
151
120
307
44
236
317
22
317
70
70
152
233
348
71
75
116
311
307
112
242
241
309
307
290
307
92
120
109
26
93
165
91
120
241
290
336
42
165
307
279
290
301
154
44
9
152
75
223
257
279
44
261
44
26
239
288
279
215
36
259
284
288
288
63
39
181
252
14
279
259
136
299
10
10
290
241
230
241
290
397
25
307
250
132
120
115
263
300
148
151
290
33
44
95
1
8
40
165
93
8
259
39
386
44
307
288
288
234
91
238
238
40
33
92
1
317
75
153
205
96
18
10
151
159
120
241
34
70
307
8
44
85
307
301
150
283
307
307
150
59
211
40
61
91
307
288
307
290
120
157
259
318
16
288
63
300
50
8
33
270
36
301
239
120
120
136
34
165
136
251
59
44
120
44
47
44
290
239
279
307
288
49
120
52
263
8
283
279
318
397
44
1
230
269
230
154
71
75
304
92
89
307
26
70
40
40
307
123
154
1
259
67
16
69
307
239
99
40
151
150
151
288
307
22
288
318
40
181
108
288
109
248
120
35
40
276
318
9
152
101
33
307
150
155
152
44
136
182
101
290
336
40
136
25
71
299
95
251
255
152
269
230
8
152
251
317
36
301
301
317
241
173
211
114
317
9
320
323
34
154
165
18
309
44
33
70
165
136
246
169
25
78
318
307
294
78
152
116
84
20
234
70
22
307
234
269
181
181
67
160
290
34
307
165
188
120
136
18
84
318
53
323
288
26
111
251
255
36
283
234
288
36
230
288
136
67
152
323
136
165
8
73
112
45
287
267
299
78
165
317
22
152
8
70
2
96
288
246
239
152
18
26
173
143
9
40
111
299
61
165
136
26
230
44
261
335
249
276
67
69
230
294
64
26
216
154
317
71
259
108
26
123
230
230
165
303
288
299
96
150
91
4
290
397
241
320
136
202
290
288
301
288
288
40
259
259
8
307
405
120
238
205
279
288
152
18
300
35
160
136
36
10
263
54
96
40
52
234
255
150
92
120
96
241
269
180
250
34
92
188
40
120
249
233
273
101
276
97
96
8
109
165
239
288
288
150
239
120
71
75
307
238
154
230
112
205
136
32
108
281
64
140
165
8
336
307
152
40
61
40
109
239
165
150
148
188
67
59
33
35
84
241
61
253
159
92
26
255
140
96
397
227
234
78
49
239
120
136
8
317
309
288
259
3
234
249
301
233
212
22
71
288
294
288
40
211
155
239
288
111
288
118
165
59
236
65
261
165
317
52
150
241
8
152
87
236
165
283
148
67
132
87
120
252
288
288
109
284
18
39
123
63
301
71
154
70
333
230
165
33
152
288
84
140
154
290
54
159
165
317
290
279
288
40
230
26
283
181
111
295
290
22
259
290
20
34
44
173
59
71
111
140
16
230
120
10
159
250
70
288
154
301
181
263
288
44
165
320
70
10
32
290
26
120
279
307
59
165
63
288
70
32
101
33
78
244
284
210
239
301
251
234
152
290
165
44
40
54
40
70
136
136
412
120
49
92
64
239
101
288
136
239
150
239
261
120
44
307
284
6
8
230
238
8
91
151
59
8
290
116
136
70
22
263
283
283
101
307
165
22
154
239
34
243
307
52
246
140
8
8
40
159
230
140
259
259
189
136
283
250
241
317
2
120
8
165
165
152
307
1
307
154
154
301
317
152
152
152
152
255
181
288
307
288
70
1
140
33
165
1
165
111
288
109
1
173
165
246
52
300
35
40
92
120
155
150
40
283
288
250
150
288
249
136
8
65
255
165
269
320
263
288
250
35
64
259
112
279
120
181
299
165
71
71
165
70
165
40
288
288
91
140
261
16
314
238
343
261
296
92
71
108
44
50
249
154
336
70
150
234
120
154
288
34
61
288
288
301
230
307
288
288
318
211
288
50
120
283
288
302
40
165
154
186
210
101
160
120
40
8
311
315
261
251
154
152
151
78
36
288
314
32
261
181
84
397
120
26
312
288
299
94
78
281
64
91
44
299
95
307
95
154
239
233
269
288
397
299
288
165
84
44
68
62
259
157
397
40
154
101
317
288
157
318
84
249
36
61
61
95
283
44
120
1
165
104
288
157
234
165
248
290
136
49
9
233
244
136
136
18
40
240
148
61
288
71
61
290
95
230
161
10
116
14
132
288
154
70
8
92
239
10
44
92
241
320
62
16
241
314
202
253
152
213
180
16
165
165
120
34
136
248
61
49
288
288
307
22
284
8
230
113
95
9
160
301
64
111
151
157
230
70
164
234
48
190
44
40
239
143
290
320
70
101
288
335
154
136
296
32
10
279
44
39
163
16
239
32
279
67
150
299
105
279
165
279
92
307
44
157
154
274
301
8
251
239
44
283
290
40
10
397
44
317
96
67
71
108
165
61
276
59
283
132
244
165
8
8
165
244
165
239
190
317
151
165
22
8
95
105
71
165
335
188
288
160
307
120
120
67
120
161
64
6
44
307
70
44
161
301
165
59
290
228
310
16
307
165
64
284
301
230
120
259
59
33
317
148
165
59
227
6
246
1
301
165
317
205
108
136
317
165
317
307
160
34
386
301
290
207
64
301
78
233
140
290
59
205
318
59
10
243
101
146
52
165
165
317
78
198
284
160
288
40
335
233
230
67
296
211
284
63
154
288
67
106
301
6
249
307
279
165
234
301
136
57
61
18
3
6
230
44
307
300
317
307
92
234
136
320
320
246
153
307
34
52
234
288
263
43
150
120
320
276
287
165
307
44
44
136
338
165
73
88
306
33
50
273
269
70
301
148
92
230
120
279
284
165
314
236
92
101
75
317
92
317
1
230
154
1
132
317
64
293
230
283
141
120
238
205
8
193
44
312
317
292
140
92
233
292
251
165
312
314
16
25
101
317
317
317
26
26
314
33
37
307
165
162
290
301
290
397
259
290
171
64
44
318
172
318
172
26
44
39
57
307
40
317
115
299
101
248
25
317
63
57
285
116
317
36
241
136
159
317
59
249
154
59
317
249
290
234
290
317
44
292
154
301
64
1
84
64
251
274
301
259
249
52
61
101
61
318
288
259
279
307
62
154
241
317
318
75
292
120
317
108
92
120
279
317
67
294
269
70
59
154
261
205
140
61
61
1
1
180
84
1
120
129
115
284
317
18
269
62
120
309
288
136
314
196
91
120
26
26
317
317
317
290
154
52
136
165
230
95
154
241
159
161
20
63
250
301
290
301
320
307
22
52
140
44
252
317
64
317
290
246
239
49
157
1
120
33
255
295
24
279
301
291
301
244
151
150
324
301
323
250
6
269
152
120
54
16
48
61
211
212
154
50
243
252
323
284
70
161
120
165
154
301
66
158
25
120
13
234
323
13
26
317
259
290
44
132
299
71
288
14
59
44
59
61
64
59
111
246
33
229
150
122
33
8
259
136
136
108
120
16
109
154
150
284
165
44
150
245
8
61
320
284
101
108
320
307
290
47
238
158
152
279
314
290
306
90
151
234
293
122
186
290
142
120
290
1
259
33
142
140
154
70
157
64
335
230
40
230
281
173
320
317
239
259
244
78
91
269
239
61
317
154
390
151
165
241
158
61
233
61
59
62
1
352
244
54
259
239
244
96
251
296
317
152
16
320
279
44
47
234
61
280
8
61
290
204
192
101
150
301
8
26
16
292
150
307
41
293
191
152
202
246
93
18
154
283
259
183
8
397
290
377
299
307
165
267
311
317
307
259
101
165
165
99
307
318
70
136
4
249
99
1
10
165
48
307
96
136
301
266
36
140
327
241
307
108
78
136
96
336
165
59
61
18
307
165
61
163
381
307
70
290
169
230
307
36
101
165
299
61
95
165
165
46
190
165
48
111
92
44
290
336
64
320
152
154
165
317
8
290
292
300
136
288
159
1
352
32
70
276
16
244
307
151
10
296
307
96
307
136
61
92
72
47
111
47
108
307
327
230
70
1
261
16
326
317
101
307
154
307
120
109
70
52
320
234
64
233
44
299
101
6
10
37
67
317
269
241
33
72
33
25
307
165
259
230
162
93
334
288
279
70
307
241
61
317
317
154
70
283
142
317
320
317
317
317
317
244
10
250
154
317
307
397
140
20
1
165
331
290
317
1
292
233
25
44
279
233
148
61
159
78
61
165
320
61
57
325
301
44
43
279
93
154
317
288
290
154
35
301
279
165
240
252
290
92
300
78
307
240
331
165
328
317
191
165
154
47
165
317
317
154
154
78
6
154
44
317
89
317
61
307
288
154
148
154
84
154
269
338
145
145
317
78
149
154
151
292
320
70
317
398
248
91
279
270
338
307
165
1
259
239
301
70
59
293
64
301
109
283
14
181
149
314
279
320
230
363
317
61
91
279
1
157
290
257
26
251
290
154
70
53
290
111
142
154
91
230
91
317
299
290
265
304
290
182
47
290
295
317
38
66
317
132
307
317
150
91
120
165
109
140
140
317
397
229
392
284
165
279
61
154
301
241
33
165
61
44
253
293
127
317
59
72
75
314
1
5
241
283
318
297
239
32
233
307
276
4
307
154
91
125
109
241
131
238
288
288
64
250
317
307
290
1
317
68
327
47
249
18
259
250
8
271
91
44
317
317
184
307
1
311
57
241
288
259
35
10
120
92
309
136
136
317
120
261
136
290
241
307
101
165
320
168
159
307
136
111
8
136
92
101
44
91
70
1
152
50
47
397
35
248
158
165
307
54
57
233
335
288
64
57
246
230
186
91
120
299
250
18
154
59
338
367
165
300
151
51
120
290
47
259
66
101
4
57
165
63
71
91
150
150
91
263
159
270
91
170
148
307
261
165
283
234
290
31
120
120
398
157
91
233
59
248
288
288
136
290
92
288
120
307
96
91
154
288
75
259
279
288
338
283
318
92
276
1
398
385
101
288
283
92
283
307
324
288
143
91
238
284
249
307
52
61
61
108
317
165
233
335
59
307
70
154
101
338
61
20
1
61
300
154
307
154
116
307
61
251
307
317
52
349
46
230
252
70
317
154
186
120
44
307
290
91
44
276
317
150
307
307
288
279
52
59
101
239
35
307
91
283
92
52
150
165
397
288
154
362
321
167
290
181
317
108
290
111
154
154
225
317
317
290
64
307
269
120
317
116
165
154
255
154
165
290
154
239
52
381
290
381
295
140
151
317
239
290
120
243
172
52
150
317
61
250
292
279
162
101
18
165
165
140
108
307
165
33
279
307
165
154
290
154
154
317
317
154
154
