398
70
54
57
109
77
300
67
41
181
239
49
234
259
259
229
151
67
230
159
293
41
229
259
31
259
234
246
90
71
259
247
82
405
155
32
239
307
24
62
115
244
300
111
123
250
61
259
4
37
48
31
14
150
38
48
37
67
245
157
371
390
398
35
398
362
259
148
70
111
293
149
173
108
148
49
152
247
371
275
241
116
234
141
111
239
76
230
158
115
234
246
306
70
114
111
40
120
152
152
23
106
70
229
151
151
44
41
49
296
22
152
118
259
49
229
42
238
113
300
246
159
324
151
307
141
38
160
49
257
250
162
230
142
49
234
239
70
71
80
31
70
226
54
250
152
70
152
31
70
70
152
49
159
70
120
62
116
246
72
108
49
108
239
390
40
389
31
229
43
31
120
230
230
311
22
70
70
230
2
271
129
70
158
31
23
123
230
22
335
27
39
44
70
246
293
40
71
155
234
111
318
70
22
65
38
234
335
151
246
230
42
115
226
42
70
115
245
115
270
115
239
114
31
151
230
230
48
309
116
31
72
49
34
271
112
4
250
2
108
70
95
162
141
115
31
151
246
233
34
71
40
234
49
307
70
70
308
270
49
234
32
41
257
70
70
141
324
40
234
140
154
64
242
70
67
69
297
116
70
67
159
308
125
37
33
33
307
229
111
31
234
148
239
294
162
70
44
31
116
409
145
152
120
47
70
230
259
259
35
71
35
318
111
239
49
2
22
371
112
152
92
239
155
73
70
308
307
79
257
32
333
22
70
312
333
32
44
233
108
271
33
32
246
152
239
307
113
92
158
336
46
115
244
22
290
40
334
307
362
70
3
246
160
70
70
92
40
307
234
240
65
67
234
238
336
151
29
312
63
115
77
31
111
70
157
44
94
55
141
311
259
230
246
40
311
82
311
311
159
152
71
105
72
40
22
31
95
101
230
40
150
2
31
159
31
308
141
271
22
148
71
49
306
160
71
152
92
42
287
96
71
40
70
159
113
234
32
234
40
40
336
71
31
141
234
188
22
120
40
230
131
290
230
152
234
116
259
215
299
72
26
40
309
71
259
9
114
141
141
71
32
70
72
215
111
33
35
95
230
92
323
307
71
54
49
335
105
405
318
136
105
336
373
40
71
70
95
343
198
336
95
48
157
244
307
297
275
239
111
70
336
311
70
70
368
157
239
211
70
154
132
34
161
307
70
307
70
309
309
307
155
22
304
205
85
40
159
336
39
137
333
71
173
26
70
120
151
31
70
70
173
29
39
335
72
108
307
246
70
31
71
77
70
70
70
239
151
70
239
136
104
71
83
159
22
39
31
61
111
335
161
299
76
70
145
114
49
230
293
335
71
160
284
70
390
40
116
95
5
312
26
22
95
22
291
233
161
161
161
70
318
259
95
304
246
70
70
205
92
259
57
333
259
141
297
72
142
73
71
49
69
54
71
8
70
26
335
306
112
142
151
71
148
31
31
71
290
284
158
26
75
72
205
70
157
307
310
251
73
34
248
320
230
70
398
140
67
33
75
160
49
92
242
40
244
40
230
161
159
318
304
84
294
315
154
160
389
259
70
105
239
150
70
70
373
92
315
234
70
244
70
33
160
318
108
49
244
49
154
159
92
120
241
105
34
39
154
148
70
116
259
250
80
111
70
239
148
95
290
240
53
70
31
70
42
336
71
72
92
70
159
40
71
140
72
61
72
250
35
154
335
145
318
152
157
238
259
246
328
70
116
240
285
151
82
318
64
269
72
74
368
311
41
92
115
314
335
70
328
141
315
50
151
151
70
151
61
156
40
49
31
157
181
148
170
70
313
70
70
70
31
70
70
33
44
71
31
338
189
236
123
92
314
170
150
40
70
23
72
70
386
381
310
123
120
317
