251
33
25
243
44
64
398
44
48
54
44
15
48
44
149
127
44
61
64
44
44
249
44
48
115
276
5
61
48
272
265
54
120
48
398
54
54
64
61
48
150
62
151
62
127
59
33
48
44
44
272
251
111
61
109
54
181
276
44
61
44
44
251
44
120
54
272
183
33
269
54
54
243
48
241
44
120
44
276
54
249
44
57
398
257
44
267
54
129
276
398
398
44
54
44
230
57
398
54
48
397
44
61
120
44
54
44
44
251
120
120
54
243
243
44
62
292
64
54
251
54
44
239
48
54
54
59
44
44
62
33
121
292
54
44
54
44
48
398
243
251
44
44
44
54
44
57
243
44
44
259
44
259
64
48
398
233
246
120
115
115
151
257
120
113
259
15
243
70
269
233
61
64
261
44
259
276
276
246
61
44
44
276
44
259
44
307
239
150
269
259
246
64
70
44
246
54
54
54
44
44
397
44
44
113
120
230
118
259
246
151
57
293
62
233
54
314
147
54
44
243
87
57
239
129
148
31
59
166
25
44
171
257
259
168
250
129
48
44
64
241
199
239
64
29
108
151
54
397
246
234
246
233
120
109
44
129
35
54
246
246
62
116
234
109
162
44
108
70
259
44
151
398
31
120
109
307
276
230
230
116
61
54
113
167
57
120
276
169
120
272
120
151
167
211
239
259
92
54
54
44
308
243
44
259
33
148
60
234
259
70
44
115
31
33
259
346
230
230
64
61
263
247
229
150
259
35
44
230
54
127
54
68
44
62
114
70
44
44
59
230
243
243
33
141
239
243
25
44
230
246
307
120
230
169
182
44
44
90
221
307
246
44
25
48
64
271
239
139
259
31
141
111
29
116
33
142
139
57
21
108
25
243
251
141
141
264
120
127
29
108
112
159
276
233
241
259
315
6
113
98
154
101
57
307
33
54
248
62
111
230
267
312
230
44
336
49
73
259
253
108
115
115
109
269
2
188
109
44
253
244
314
48
150
259
169
232
129
304
300
188
162
314
296
54
33
259
260
212
49
27
247
243
95
259
48
164
101
314
171
59
259
239
239
314
230
33
251
251
159
251
284
62
113
113
78
318
230
54
173
49
284
143
150
167
111
10
246
44
108
150
41
159
116
49
244
31
100
167
48
44
49
122
227
249
35
151
284
67
297
114
64
167
259
151
64
292
115
120
234
111
246
246
44
152
32
181
22
259
150
150
264
141
115
291
154
44
184
70
239
113
154
292
111
307
141
259
59
259
394
259
109
239
141
259
141
300
200
259
259
159
159
61
233
34
25
297
109
49
208
35
115
70
162
54
151
114
33
33
243
48
259
246
116
64
141
259
259
62
259
259
62
108
246
141
33
230
120
259
246
122
64
28
247
259
59
68
120
68
101
259
27
159
61
292
267
243
64
44
29
31
247
49
120
68
259
59
264
264
101
239
9
246
227
151
44
259
33
243
167
42
167
294
243
271
289
31
300
109
259
246
10
259
44
70
150
34
259
26
239
115
115
259
184
259
398
116
34
44
259
151
234
41
230
27
32
8
132
260
34
293
57
120
49
293
70
33
259
148
239
5
33
252
76
167
298
44
54
54
245
44
270
154
259
259
259
48
259
279
239
230
44
283
92
70
307
154
243
88
148
52
44
259
247
151
307
40
143
49
312
247
259
70
234
44
284
44
68
59
108
129
31
259
243
151
33
259
239
114
245
211
4
167
141
68
234
259
128
90
101
148
292
259
108
307
54
214
121
8
35
140
78
108
78
247
38
189
5
8
22
49
230
362
307
151
230
159
31
239
148
39
62
33
230
335
44
115
23
33
259
109
49
259
312
109
33
210
112
44
44
234
144
57
335
259
59
398
307
239
59
259
80
109
44
31
259
31
83
109
243
120
35
32
35
28
44
54
68
259
259
38
158
234
115
211
259
259
243
241
211
4
61
44
35
247
194
259
158
167
150
230
118
259
151
241
307
40
405
33
272
28
68
113
22
34
28
49
49
49
49
155
155
49
259
111
150
243
31
230
246
68
51
61
151
22
92
259
49
44
111
167
62
269
167
272
74
31
230
246
259
263
253
34
243
115
115
108
188
125
54
230
54
44
28
8
167
54
253
48
44
246
43
263
247
239
92
71
259
243
259
25
148
259
61
247
111
31
234
108
151
230
115
115
54
120
116
247
238
25
230
33
63
239
245
239
8
169
259
292
49
111
111
263
181
290
120
34
111
115
259
44
251
259
233
152
259
230
127
31
239
276
304
304
259
44
44
148
62
115
129
150
109
259
245
167
111
24
8
26
114
120
54
252
307
35
290
41
105
116
62
293
157
259
141
266
290
4
253
116
44
113
167
259
239
247
269
42
8
160
44
2
245
64
150
167
247
115
263
49
253
259
68
183
398
245
115
237
121
241
273
307
234
230
111
9
239
229
243
233
245
257
113
259
259
199
234
246
308
229
120
41
4
33
148
68
14
253
52
44
56
90
4
116
111
54
263
251
241
239
259
25
239
29
154
239
229
259
230
238
70
227
44
141
259
263
127
33
120
120
259
308
259
54
111
123
44
114
31
64
35
292
153
244
34
259
159
230
116
122
44
173
245
150
80
49
64
70
243
44
120
141
88
237
44
248
34
238
240
35
239
241
57
148
252
247
247
245
106
236
44
70
44
57
62
284
141
33
293
151
233
47
307
70
111
110
34
3
253
159
317
9
54
398
62
317
115
112
120
111
260
335
70
250
112
259
101
243
115
152
120
230
49
167
259
269
99
44
64
150
115
259
246
300
158
49
307
123
249
115
92
44
41
240
35
239
259
259
44
44
259
234
225
259
151
33
110
113
115
253
148
150
38
294
57
259
240
259
29
307
259
109
259
44
64
234
335
136
31
244
253
270
132
259
114
259
230
112
116
259
112
21
158
292
143
148
41
259
308
259
150
239
239
29
240
152
234
31
101
64
158
154
368
141
70
230
246
29
257
41
153
109
25
273
68
182
259
28
259
29
259
46
413
150
62
257
150
243
234
111
257
254
33
141
238
259
44
154
41
34
259
5
307
307
260
44
115
129
154
31
243
355
112
120
33
136
159
144
234
5
67
141
49
259
239
92
70
125
290
159
313
234
294
116
142
35
70
57
150
367
157
8
243
88
241
35
259
112
259
33
49
246
141
44
25
245
315
225
62
241
259
44
312
111
141
67
234
112
239
95
240
251
239
34
397
111
129
148
246
44
35
116
239
148
115
173
113
51
27
398
59
243
246
159
227
90
108
197
72
259
151
243
41
259
259
34
273
260
238
413
110
109
25
120
162
239
234
234
141
132
141
141
116
150
148
63
169
49
129
90
112
141
243
123
230
116
120
44
259
148
246
141
90
259
29
259
239
115
44
44
151
49
259
150
148
300
300
44
259
163
239
230
141
109
109
18
41
49
41
252
132
159
159
57
90
140
35
64
123
259
35
141
141
141
141
141
142
141
141
44
259
259
92
263
49
159
181
335
141
44
31
148
123
335
49
49
67
154
259
230
243
21
307
229
115
22
238
293
259
49
49
116
243
25
163
151
108
111
324
240
304
234
115
368
239
54
241
234
21
233
259
49
292
234
34
234
70
246
120
111
150
273
318
273
44
142
44
131
137
23
239
70
73
257
259
259
49
49
160
101
67
139
92
8
160
273
150
120
230
259
230
371
238
42
120
244
230
88
259
259
142
151
263
263
263
263
263
263
240
244
19
33
120
34
148
255
129
101
259
238
120
243
56
44
49
151
44
284
141
236
141
257
57
25
204
41
234
307
336
49
247
78
143
64
264
273
141
152
25
310
127
230
254
227
67
306
254
92
37
259
239
229
259
318
240
259
35
109
148
33
159
243
151
35
54
44
113
155
259
110
115
239
55
108
169
31
259
120
141
307
259
334
259
44
245
8
60
115
234
39
159
115
160
246
307
159
35
318
3
241
316
148
37
8
8
259
10
234
244
290
230
263
307
225
151
246
225
8
150
35
73
111
90
143
25
307
294
310
125
54
49
244
33
21
24
318
333
293
307
29
205
120
22
234
312
108
87
33
239
32
151
259
95
109
106
67
2
32
40
167
234
115
26
33
31
70
233
259
157
54
151
259
259
294
21
108
148
111
8
95
92
61
76
111
111
150
120
49
24
24
151
111
90
234
49
234
255
290
4
38
38
88
246
276
230
318
38
257
245
230
300
238
234
151
307
76
2
239
259
72
160
234
113
151
111
49
311
322
318
112
239
111
41
141
275
28
43
106
307
120
32
39
72
37
35
268
141
263
229
259
259
95
263
70
229
173
123
155
41
78
78
160
92
234
141
33
98
71
259
70
80
238
335
29
111
90
129
99
308
225
311
112
49
239
318
141
334
70
253
368
308
92
8
76
238
56
116
80
9
51
259
32
259
31
72
259
4
116
120
2
10
152
88
43
136
140
49
152
29
38
283
239
92
171
259
307
259
238
243
141
259
35
259
148
49
230
247
101
34
234
230
311
259
141
148
252
9
234
335
239
159
49
49
233
115
70
157
259
238
44
32
307
243
92
111
62
260
141
71
307
101
230
141
290
116
49
311
243
290
25
49
141
115
253
259
273
16
312
259
266
150
239
270
108
159
246
229
70
368
76
293
259
68
296
259
234
23
34
34
98
230
234
70
188
234
72
150
248
335
33
159
234
22
259
74
246
263
263
273
307
49
259
259
70
35
35
263
108
111
239
239
99
52
285
259
34
151
244
34
141
259
8
26
41
359
304
304
160
40
236
51
115
152
29
308
141
284
259
71
285
284
49
230
8
229
159
259
294
173
70
159
354
92
234
150
229
259
44
54
33
22
306
264
259
74
112
31
255
73
234
5
152
234
234
34
284
8
35
189
250
9
49
200
92
259
10
22
112
108
167
49
261
259
70
259
44
44
54
70
70
153
285
246
233
108
31
33
49
49
109
155
109
22
22
76
41
141
49
239
239
246
49
51
116
55
49
253
120
338
141
70
236
116
234
234
144
37
22
33
26
259
304
123
244
45
115
152
34
70
111
90
229
248
259
159
308
316
111
116
32
83
234
71
68
65
76
33
307
259
257
44
68
71
111
307
49
123
284
229
317
5
5
40
151
257
70
240
253
41
26
263
246
230
111
50
44
48
141
259
234
141
49
2
115
8
264
162
109
92
8
239
116
245
239
173
26
239
112
111
318
111
88
72
247
115
67
115
259
92
2
291
40
270
49
35
141
239
259
238
112
45
22
141
115
18
261
28
36
140
115
70
246
234
149
132
70
234
259
78
293
252
246
158
239
40
49
22
239
259
299
92
111
159
35
35
140
32
173
9
38
70
92
239
336
71
249
136
111
32
31
34
158
10
2
115
49
25
261
307
243
112
259
62
241
22
167
109
259
335
263
78
259
154
45
205
307
88
336
304
49
90
31
70
108
95
95
95
240
76
148
259
76
32
336
239
230
111
116
234
230
16
87
90
137
405
336
67
259
257
209
150
229
162
67
35
19
381
150
155
32
40
54
234
315
299
243
43
259
33
70
259
11
307
22
336
162
108
49
108
259
263
239
159
109
76
259
193
49
257
239
259
269
25
159
294
339
76
12
47
8
259
240
152
20
98
44
101
49
152
292
70
259
73
141
234
38
34
263
246
70
230
234
34
26
37
29
336
230
151
40
160
312
112
230
8
4
39
308
22
333
111
259
259
114
68
3
259
318
291
269
153
54
141
234
243
18
92
57
154
336
151
245
90
110
72
207
293
293
23
297
8
38
29
152
70
259
112
259
155
333
70
160
152
336
125
72
239
161
72
70
148
123
70
33
123
335
150
254
78
160
290
159
154
239
34
155
70
335
70
151
259
307
292
125
239
32
108
49
140
158
163
48
240
41
203
111
318
16
109
259
240
246
246
25
109
152
335
141
233
270
49
335
120
140
68
87
52
144
293
112
65
108
245
405
230
229
108
148
113
76
72
112
116
115
234
4
32
173
70
263
84
159
148
9
9
159
239
70
16
1
33
304
68
152
257
9
26
44
150
241
304
34
44
152
72
253
230
38
2
112
67
239
16
182
307
160
307
108
8
22
132
155
230
54
29
44
115
148
101
95
99
76
101
210
44
234
243
78
389
183
259
98
304
120
104
111
40
230
32
40
157
32
116
70
141
70
230
120
259
5
70
151
155
108
70
95
35
108
94
198
34
335
70
92
70
70
296
70
259
35
23
362
315
49
259
70
5
216
294
230
151
8
234
73
307
33
247
263
263
298
115
44
31
48
6
299
155
73
26
246
200
239
34
112
160
151
70
48
33
95
129
244
293
112
334
43
159
38
229
4
154
78
239
49
47
190
259
259
101
95
106
108
150
151
307
259
304
45
92
300
116
315
259
29
259
68
160
72
22
159
230
70
39
70
143
73
154
304
33
234
34
154
284
115
64
259
22
70
143
4
333
259
72
202
265
70
259
70
67
233
43
259
105
22
189
71
191
51
294
92
106
115
230
10
34
233
2
323
92
290
115
92
307
148
2
41
275
70
44
239
193
152
259
263
108
9
41
115
157
259
34
92
314
198
191
95
246
83
191
40
84
37
32
34
160
64
92
34
143
41
259
405
294
238
159
73
234
188
76
70
112
313
115
234
49
70
112
173
299
49
157
49
70
196
405
106
10
70
159
279
33
259
259
26
49
48
369
115
111
244
141
148
76
318
49
58
397
60
78
239
8
18
284
68
95
284
245
8
230
259
92
190
8
362
216
22
259
116
155
259
120
70
151
204
22
148
405
22
52
234
246
22
259
150
73
246
290
71
398
105
315
234
159
259
234
259
157
55
335
182
304
16
78
276
115
49
315
200
16
41
1
70
70
290
234
316
105
233
84
112
259
108
70
71
9
33
84
22
22
64
208
213
84
71
318
190
259
169
255
4
70
64
74
49
246
234
284
390
38
116
170
115
191
44
8
8
83
70
112
71
163
57
173
115
307
70
234
155
28
26
72
234
159
29
70
154
4
70
323
16
318
140
111
70
190
71
70
9
196
160
70
243
110
36
26
32
70
40
148
16
71
159
115
2
259
8
187
141
259
16
90
71
95
6
10
304
293
244
300
115
64
32
271
100
132
244
43
111
304
259
80
234
143
140
402
8
230
335
259
70
80
230
190
67
70
65
3
8
9
246
284
73
52
315
290
34
70
34
284
155
234
307
234
40
320
22
230
243
263
263
67
263
34
159
70
315
73
155
39
49
108
72
92
188
51
22
152
263
233
191
290
8
159
32
238
46
95
45
230
263
246
173
70
284
95
57
109
155
116
22
54
243
43
111
70
34
71
188
190
41
152
189
70
238
2
318
33
112
35
259
38
92
108
40
72
84
294
14
49
32
70
300
300
74
389
136
292
9
259
92
84
234
70
234
188
257
72
311
68
230
92
259
51
233
234
245
157
35
43
41
263
67
307
160
33
76
84
49
22
10
253
291
335
29
95
151
255
49
8
148
34
94
4
259
208
238
84
153
160
311
78
70
373
2
29
111
5
306
230
208
259
293
159
33
259
73
259
161
157
318
68
116
76
239
74
95
62
59
70
70
405
259
70
72
72
72
315
261
129
159
72
233
315
64
44
233
148
207
70
230
70
32
114
333
84
70
21
293
113
20
389
72
74
243
230
333
2
49
148
169
2
8
15
5
101
259
159
8
110
117
299
23
78
205
26
74
398
238
31
41
259
152
196
318
315
145
35
115
259
234
239
154
105
90
67
239
115
70
22
189
78
38
9
307
308
389
84
70
148
259
106
190
153
318
53
333
84
173
230
304
158
84
259
152
141
405
141
34
255
10
84
92
67
294
129
24
35
315
244
94
152
152
120
116
65
141
34
293
6
38
26
152
304
293
40
181
304
8
8
20
157
294
57
160
34
273
18
34
30
34
141
92
2
259
241
49
42
88
152
59
69
35
49
154
84
230
116
70
136
28
191
108
101
2
32
273
259
179
223
89
70
240
196
259
131
159
290
34
40
306
22
40
92
323
259
205
230
188
239
40
155
143
290
315
109
32
29
40
234
233
115
263
263
263
263
141
252
141
52
315
335
34
49
51
51
159
70
65
125
316
8
312
141
29
8
44
26
40
259
333
141
115
251
307
51
148
259
90
284
304
34
76
38
335
398
257
5
304
71
308
30
259
137
249
276
115
61
143
263
116
318
273
145
71
95
339
128
67
8
8
63
45
9
32
35
22
108
196
190
263
190
405
40
40
259
9
243
159
31
369
22
71
239
38
112
159
40
260
116
123
71
71
32
204
373
244
116
116
9
151
73
71
22
111
84
44
304
115
139
84
84
71
108
193
230
245
115
229
141
157
151
49
259
152
193
116
335
6
35
293
304
304
41
204
95
336
95
336
259
259
10
90
310
259
31
259
259
71
148
210
2
111
71
152
150
111
33
248
245
234
259
92
70
95
239
49
318
35
159
9
284
41
412
233
318
10
239
76
26
248
318
48
84
70
212
112
73
70
70
230
22
155
230
157
34
152
158
239
50
6
253
148
189
71
10
254
49
22
230
41
307
41
20
76
405
158
230
239
6
88
67
312
34
40
16
259
111
304
92
38
70
63
41
230
263
173
95
8
40
335
318
230
101
36
33
335
34
154
176
6
293
67
304
284
336
271
12
95
141
88
92
259
32
70
51
25
294
51
40
237
36
16
22
34
70
73
108
47
123
276
76
2
239
233
155
40
43
22
22
40
26
71
45
235
117
116
259
67
225
8
9
41
259
67
151
71
148
49
115
108
80
78
76
49
115
307
65
131
49
115
49
40
70
9
8
255
150
160
71
84
76
318
159
65
259
303
263
38
234
73
155
26
307
21
9
259
255
318
143
71
28
290
80
26
34
40
108
248
8
239
74
284
230
26
10
54
307
111
26
33
324
120
22
234
239
240
3
284
259
2
123
69
134
38
259
259
40
304
129
71
35
233
315
70
33
240
45
32
10
239
49
84
315
70
190
193
199
67
116
34
151
259
239
115
155
43
49
264
32
190
318
262
315
239
315
161
70
335
259
160
190
203
334
41
84
5
34
239
307
243
157
141
234
92
70
215
284
22
159
111
152
22
70
238
259
189
190
32
155
246
201
70
34
92
45
34
47
30
234
70
49
47
28
70
84
92
318
196
115
35
34
9
92
33
259
108
239
94
338
71
159
259
160
92
67
32
79
18
273
16
230
49
152
324
153
44
159
50
44
159
95
270
14
40
55
316
284
67
70
106
160
161
190
234
259
160
64
233
234
32
284
2
18
26
154
160
70
43
70
72
70
108
39
34
230
34
188
259
193
307
312
90
70
159
259
95
9
324
290
49
234
70
201
40
9
22
35
307
190
64
259
189
270
169
44
190
76
238
34
9
34
255
73
160
40
148
151
72
259
70
151
120
70
53
333
259
201
201
111
160
44
167
136
259
335
166
259
5
32
243
108
273
150
71
215
253
304
159
123
110
95
140
71
71
140
238
18
47
318
32
371
90
98
18
335
239
239
290
92
315
71
160
40
230
315
141
270
160
293
70
105
273
34
324
40
41
32
160
3
335
112
318
115
335
22
111
335
211
70
22
259
318
189
230
18
239
239
92
284
239
65
243
30
315
205
154
239
284
137
284
269
154
40
72
392
188
307
234
234
111
78
115
73
34
148
314
155
284
160
260
70
70
16
315
255
2
159
113
323
44
315
153
8
22
70
238
92
318
92
273
84
293
78
54
2
159
69
99
40
116
369
299
37
38
230
76
293
114
255
68
273
153
244
36
293
205
140
260
40
308
65
44
44
92
40
22
9
49
160
298
234
32
44
259
5
105
159
239
271
129
307
318
316
40
140
150
290
33
246
34
315
140
292
260
273
204
71
116
371
199
151
273
9
234
35
389
160
304
141
261
201
43
246
39
70
151
108
117
318
90
378
26
205
134
22
190
98
49
307
70
234
151
205
29
120
37
157
204
71
22
188
22
189
120
398
307
22
34
95
292
238
16
215
57
34
238
271
22
275
71
294
34
4
143
32
246
298
335
49
183
238
49
55
19
234
40
95
307
21
191
105
259
155
68
205
259
261
73
32
71
71
37
84
92
262
190
312
40
141
160
299
84
9
323
155
34
141
144
26
239
159
95
343
70
9
70
22
151
234
71
35
34
9
37
9
51
32
67
43
259
336
44
315
70
72
5
109
41
315
70
22
115
304
287
84
234
239
22
159
263
137
33
23
159
1
40
70
73
26
259
90
160
112
112
239
159
173
16
315
154
284
269
116
335
284
230
115
22
116
2
234
40
290
273
154
101
101
37
22
141
115
190
141
151
294
18
323
78
74
95
132
34
95
239
257
152
40
95
78
49
40
333
49
40
1
159
259
40
22
259
199
234
58
304
10
16
264
84
111
189
233
152
213
306
152
234
22
40
199
71
84
70
155
190
293
160
259
35
230
112
316
70
70
160
198
259
248
315
160
101
306
161
115
262
152
263
160
236
70
34
112
47
234
40
259
259
111
26
230
44
255
291
112
315
70
243
10
254
259
39
84
70
389
259
259
84
76
8
205
2
67
34
136
292
112
28
234
49
9
148
40
70
40
40
151
205
71
8
304
14
35
300
22
111
141
159
125
34
307
40
233
49
316
92
84
16
16
16
40
45
49
205
64
72
40
40
259
116
333
141
243
26
239
239
239
70
152
5
259
259
160
239
371
190
34
226
289
92
34
66
70
10
41
70
8
264
70
35
98
40
2
84
315
160
201
70
371
239
208
270
158
311
291
270
69
210
230
160
155
151
155
70
143
111
70
259
22
150
73
294
41
71
108
290
88
88
335
195
299
70
69
18
141
190
148
190
84
92
175
34
20
71
315
116
84
29
173
69
34
74
190
22
95
333
9
88
92
34
22
34
230
320
18
318
65
71
49
70
270
43
244
320
141
11
398
287
27
159
187
61
397
95
234
141
157
273
104
260
140
148
112
255
255
40
313
315
151
236
259
389
70
112
22
132
70
315
152
58
26
239
61
144
159
259
92
159
72
161
161
362
189
318
34
315
318
315
405
103
152
213
201
84
43
273
49
90
8
70
35
72
259
5
2
290
397
141
22
239
314
239
70
307
155
273
314
33
49
315
155
315
105
92
70
40
199
151
234
159
92
22
260
239
49
88
8
155
34
2
273
284
151
22
246
92
148
88
318
155
89
230
217
261
152
259
137
142
260
238
78
153
95
106
112
161
312
71
9
263
263
263
263
292
71
160
67
318
82
159
95
259
144
2
105
106
94
73
26
142
70
239
159
71
22
260
70
70
245
111
189
257
254
160
140
111
33
4
159
154
112
230
300
22
70
334
152
40
263
34
84
287
134
273
26
140
54
69
125
292
152
199
154
259
311
70
76
12
144
148
234
152
271
333
141
269
320
271
236
141
273
294
271
92
276
227
173
248
143
92
114
144
76
63
132
141
40
201
392
333
78
116
111
257
312
40
152
112
304
70
310
141
112
173
84
70
234
73
4
320
151
92
68
193
70
317
151
161
106
132
315
9
108
131
16
92
160
191
318
92
310
290
73
148
84
259
34
26
76
390
315
92
116
72
92
154
105
84
229
290
310
70
115
140
309
217
34
95
17
239
154
290
70
315
240
47
95
117
88
76
32
294
260
4
49
34
92
101
148
103
84
106
108
259
233
142
71
154
112
159
273
95
306
88
8
159
273
16
3
35
84
142
161
204
25
243
145
180
160
234
160
160
157
234
10
237
140
318
296
234
315
84
71
160
141
234
84
306
26
98
323
92
201
315
141
84
116
64
315
84
26
70
290
159
304
9
67
76
69
115
335
309
152
44
315
188
84
154
159
148
201
318
59
78
244
70
157
236
44
160
143
264
92
320
85
154
164
92
293
273
273
335
58
315
34
26
315
2
71
40
320
22
61
92
273
304
49
151
151
120
131
92
8
273
37
34
260
369
296
125
73
304
312
290
230
229
59
26
141
183
290
151
92
95
95
182
71
92
92
23
260
284
141
290
131
239
239
115
335
61
157
70
72
75
34
259
21
8
290
84
290
84
315
190
70
160
116
260
95
120
22
315
34
315
155
255
164
49
108
92
201
116
154
92
116
26
70
16
34
214
205
40
70
290
59
4
50
44
246
160
214
35
70
173
84
175
95
21
31
112
9
70
70
284
205
398
69
118
315
244
271
116
108
8
99
98
275
259
49
164
170
273
254
164
298
260
12
164
164
78
164
72
307
307
164
71
273
95
36
273
106
290
312
141
52
189
68
315
248
153
49
95
95
141
76
38
318
26
106
73
70
350
32
239
70
284
290
70
140
32
239
28
304
70
150
70
229
257
161
92
10
315
84
53
35
3
160
157
92
264
22
161
230
76
36
315
141
233
264
315
160
44
40
161
151
259
263
22
161
335
115
49
92
78
290
315
234
141
179
18
10
158
292
22
76
47
315
14
44
84
53
239
259
181
92
4
4
284
261
6
88
245
109
112
250
70
116
95
109
140
8
293
150
290
243
84
92
95
263
26
38
70
252
317
9
73
71
40
299
26
34
32
290
10
108
39
131
84
83
153
2
4
9
73
35
27
71
26
70
22
44
98
179
120
201
161
260
296
234
179
160
69
3
26
331
335
259
198
131
140
323
290
213
87
315
188
333
9
112
160
22
40
9
190
34
84
95
273
2
306
49
246
239
162
92
204
260
179
70
84
157
112
70
72
26
148
151
292
273
292
14
246
151
158
293
9
34
275
64
186
41
33
250
40
26
84
44
234
213
40
12
289
137
16
167
10
84
263
259
40
245
233
324
336
310
40
159
234
40
298
30
284
84
65
355
249
28
49
49
234
84
315
315
160
70
153
259
120
84
398
204
77
308
132
307
92
153
70
97
157
152
70
299
236
227
246
234
30
100
188
335
44
307
299
70
312
70
259
200
259
22
105
4
46
232
26
290
95
9
294
151
73
34
260
307
273
85
70
315
95
154
12
154
141
323
26
264
84
88
259
141
315
143
69
29
234
92
84
290
70
70
318
67
156
152
73
120
70
108
397
170
93
290
42
46
173
74
240
101
315
236
175
174
88
22
6
22
12
34
92
234
304
32
16
179
275
230
92
120
250
109
153
40
92
70
109
133
323
296
148
260
58
264
260
108
141
142
237
293
158
151
72
70
210
70
2
12
259
140
2
240
26
291
40
111
92
22
84
70
57
92
160
160
290
92
234
190
316
160
210
18
322
82
273
263
151
144
154
48
159
88
160
60
215
226
202
92
74
136
73
32
244
318
108
101
161
22
191
157
58
293
46
263
198
52
67
112
163
111
117
189
318
92
160
264
14
36
160
332
315
70
154
141
84
76
239
141
285
43
16
84
315
154
33
70
49
40
68
92
299
230
234
71
40
264
246
40
363
70
269
70
275
320
70
236
70
92
9
108
154
160
405
70
115
32
41
70
49
92
290
160
244
188
9
95
131
160
70
238
238
233
92
299
299
74
77
105
92
318
189
320
241
312
237
84
151
70
151
405
230
38
92
8
9
140
88
21
264
40
41
14
141
275
275
240
88
260
41
10
153
67
84
296
293
9
89
171
248
292
35
260
275
141
95
121
72
78
164
315
49
107
151
70
34
26
140
40
259
72
259
300
31
335
33
108
188
205
160
72
75
95
84
137
52
22
202
153
189
70
44
320
208
70
259
70
70
304
294
108
116
134
26
230
49
241
240
318
4
26
160
69
70
22
151
82
8
315
263
61
16
95
316
22
82
315
270
34
84
143
212
89
132
38
38
14
40
141
10
88
141
304
144
10
141
36
61
76
142
273
116
88
63
88
49
207
238
243
8
41
291
140
154
71
151
290
402
315
73
70
154
257
49
315
22
49
64
204
69
3
164
37
70
115
92
141
78
18
65
74
307
37
148
9
108
69
140
306
155
259
70
284
371
307
92
260
230
140
44
160
51
26
72
140
141
230
65
70
155
371
9
70
72
270
308
141
260
243
270
136
25
64
116
70
290
70
92
164
139
10
290
164
164
70
88
88
52
1
61
120
70
84
88
140
260
299
151
111
157
240
160
70
84
70
161
236
141
84
234
290
84
43
34
271
88
25
300
92
34
59
92
29
273
48
92
389
92
132
234
92
264
141
92
72
107
70
151
88
264
70
84
260
139
94
307
315
70
293
142
308
88
239
92
74
95
315
98
70
216
141
92
234
88
315
112
188
70
70
92
260
26
88
234
68
26
171
219
335
333
240
67
36
183
213
141
173
84
139
8
243
120
25
205
269
88
112
61
30
240
143
69
49
260
317
74
250
87
335
92
150
166
111
197
198
72
29
35
88
92
49
259
9
9
106
70
259
151
70
263
109
251
101
306
84
243
116
193
205
31
92
230
84
84
9
171
95
175
84
21
92
70
70
198
116
70
75
293
190
35
106
9
304
6
238
260
299
14
116
26
75
293
144
259
88
173
120
46
308
116
26
186
84
44
287
46
141
284
173
239
120
26
88
71
141
234
320
111
315
40
63
28
40
112
271
250
239
70
285
70
290
12
29
182
161
73
120
160
323
44
315
32
8
85
31
120
292
132
299
92
234
92
150
120
34
70
70
397
322
308
57
61
290
71
92
259
92
318
203
204
133
284
248
315
64
92
10
308
302
141
144
290
140
151
76
4
44
4
248
13
206
70
299
245
88
18
189
169
44
154
201
8
160
273
290
112
78
240
150
317
234
93
311
311
161
70
70
151
36
18
106
34
259
95
75
264
131
140
84
136
112
70
73
92
244
307
70
160
315
127
238
108
98
22
10
136
59
320
84
290
261
284
88
260
117
259
93
346
315
169
136
315
249
143
88
219
260
257
139
315
154
129
159
264
154
250
71
306
315
390
290
311
299
108
389
307
189
260
36
243
84
136
150
300
67
320
70
316
239
154
219
64
142
151
161
2
160
290
71
75
151
210
67
43
139
249
292
259
134
52
269
314
318
14
33
158
71
299
139
234
255
154
87
70
70
259
84
312
234
70
73
253
11
160
315
140
95
259
142
105
204
202
88
259
84
34
306
84
32
273
239
315
240
82
276
69
154
251
74
33
152
84
322
139
44
44
144
251
308
290
131
263
9
264
66
293
70
71
70
160
22
300
71
34
70
161
70
70
199
35
144
137
112
239
52
45
315
49
35
300
73
76
311
264
105
369
320
88
44
73
318
260
120
151
77
255
202
71
71
84
304
159
308
273
369
46
120
350
84
257
303
129
230
322
259
38
273
290
154
95
68
43
41
141
45
44
239
290
70
243
244
246
143
310
283
160
141
84
26
142
115
142
140
151
164
78
22
70
68
264
139
8
58
93
84
213
143
354
255
243
73
264
142
26
115
92
18
315
61
68
273
315
71
79
157
70
290
243
92
299
226
84
136
154
84
414
44
260
290
141
346
76
290
290
240
141
22
136
88
310
66
131
284
154
264
8
84
275
315
315
303
71
70
70
151
234
65
79
70
187
9
33
144
70
259
234
259
308
84
315
70
115
95
290
142
205
159
136
159
269
88
260
263
28
159
273
63
115
79
116
70
63
308
269
320
159
69
131
70
84
16
246
129
129
166
108
64
142
290
188
414
140
263
92
67
171
36
238
264
5
315
259
70
113
299
70
350
142
315
180
230
77
161
22
144
263
315
140
64
95
290
320
71
108
293
77
88
314
276
70
269
155
315
72
72
255
71
301
169
153
70
70
303
164
164
161
71
26
164
93
1
259
160
40
76
270
257
343
139
95
142
10
84
290
168
64
297
267
142
260
35
317
159
73
92
72
73
22
84
70
290
311
244
141
414
298
164
64
251
70
154
318
173
160
240
70
6
264
314
238
292
315
70
259
164
164
105
84
182
92
205
246
72
299
68
261
338
70
154
154
26
143
221
84
159
32
26
263
143
290
16
201
70
240
141
271
49
73
70
315
92
290
64
69
84
259
250
201
70
161
36
290
302
88
166
98
34
141
161
88
264
84
190
145
141
279
161
151
233
84
9
141
263
154
59
72
52
18
9
88
88
304
92
54
293
260
301
46
151
230
337
240
248
290
151
71
186
14
290
154
61
52
263
290
269
8
180
151
215
290
151
84
164
243
9
261
160
22
151
72
140
9
302
346
72
160
131
273
129
101
73
70
120
71
120
98
70
95
112
389
157
117
70
216
26
142
290
136
61
92
112
270
154
170
26
139
233
260
34
18
299
92
259
290
88
149
113
154
315
320
243
70
140
259
82
44
44
260
115
186
164
290
33
229
9
229
22
88
35
200
70
25
34
233
212
54
141
213
29
82
88
38
154
161
116
84
240
50
241
87
71
389
70
239
290
234
92
178
335
88
264
120
117
239
318
73
70
142
157
230
322
322
88
120
139
315
198
53
70
8
154
273
139
249
131
70
175
273
175
71
175
57
269
26
389
143
70
157
148
70
315
176
141
24
115
239
154
290
188
105
34
95
315
132
53
294
181
22
154
140
240
84
317
70
160
70
159
32
82
70
70
65
70
34
230
188
71
16
151
263
38
347
234
132
92
154
107
68
2
164
70
180
92
289
92
154
261
8
151
284
72
180
369
290
269
120
38
269
71
269
269
269
261
44
9
290
158
73
397
269
140
259
88
115
70
240
290
271
46
169
269
248
107
107
167
290
22
205
273
92
322
65
154
292
70
84
84
140
71
95
198
315
157
343
175
290
95
9
88
260
292
21
92
117
251
292
82
140
5
207
117
46
221
89
221
239
397
240
46
260
106
234
34
92
196
314
350
23
292
69
108
26
80
9
40
22
154
22
170
233
92
94
190
204
120
335
70
107
151
383
82
151
34
229
57
264
176
132
273
290
57
173
49
257
250
248
293
70
171
291
198
61
88
75
43
57
72
70
92
70
239
273
132
70
273
70
34
157
296
71
16
70
65
161
151
84
61
26
244
70
70
259
10
34
92
115
108
181
398
70
398
290
41
116
141
398
33
213
88
44
72
290
273
84
41
318
290
181
120
190
213
296
190
70
154
290
10
314
160
68
61
74
240
169
191
64
299
70
290
70
290
315
10
33
213
225
190
193
240
257
240
154
160
88
148
120
206
95
154
307
29
92
71
70
70
299
8
331
160
207
72
315
302
161
237
239
151
140
92
198
84
263
208
84
26
78
26
283
67
5
259
95
269
70
64
169
264
131
95
116
108
152
116
306
240
70
315
70
88
70
317
160
115
159
248
196
211
80
163
71
70
217
397
160
259
234
158
239
213
50
70
320
95
151
141
57
78
120
26
260
120
210
44
32
9
255
70
160
160
166
198
213
84
84
215
44
304
320
26
284
8
263
120
88
73
154
18
205
9
8
253
57
210
72
33
159
160
154
154
248
88
70
105
290
290
315
158
70
92
157
259
70
317
8
52
259
94
8
8
240
101
134
51
321
321
321
92
71
234
155
48
188
116
70
171
92
131
150
198
92
335
2
41
34
234
205
233
157
44
160
229
213
116
260
240
10
95
35
84
397
166
229
101
239
320
154
154
154
154
154
336
45
158
320
68
84
49
70
315
306
101
263
148
72
70
160
159
158
306
98
312
279
104
108
299
70
70
161
70
4
84
183
8
294
290
131
398
37
299
233
62
70
250
140
354
10
190
92
204
34
259
95
290
146
151
141
74
248
14
101
13
159
88
215
14
230
37
151
72
76
158
45
253
158
239
38
59
70
164
159
22
84
253
80
269
269
120
296
244
215
155
92
82
290
290
59
397
139
70
140
70
158
151
188
44
141
290
39
240
22
315
334
315
127
36
70
398
105
26
115
247
44
117
290
95
92
140
38
88
31
283
193
118
116
251
59
4
158
68
162
120
333
263
248
101
59
143
108
229
94
135
301
109
52
49
120
248
261
34
34
176
59
116
150
70
188
160
14
187
144
160
9
170
157
320
70
215
127
154
284
144
120
239
304
70
154
244
116
95
40
273
159
159
52
74
70
239
139
310
234
33
193
115
70
112
98
269
59
250
290
72
398
95
198
239
273
277
77
54
108
26
315
154
179
111
49
120
151
230
159
259
49
70
259
73
44
19
263
70
113
206
312
134
78
34
159
290
142
84
259
198
73
320
70
300
44
76
150
64
109
44
151
148
34
70
273
299
109
234
108
116
84
92
230
108
5
5
84
52
17
34
318
300
315
70
70
90
263
70
284
26
44
99
70
70
167
161
49
142
70
34
284
5
26
95
151
259
154
120
157
70
264
70
158
229
259
276
84
44
70
107
259
101
295
157
57
57
270
70
120
158
387
9
92
318
34
78
76
18
13
62
117
116
159
95
78
92
259
210
159
9
95
191
134
91
34
105
88
233
70
311
307
70
244
158
259
70
240
70
120
65
186
71
70
9
238
290
315
214
44
98
84
160
48
123
318
240
213
159
71
154
207
247
188
84
108
70
92
84
148
92
312
98
88
244
141
251
70
160
34
264
159
22
85
44
315
141
154
44
151
98
230
88
70
240
306
322
18
308
51
311
111
227
230
116
61
157
259
93
34
276
190
239
264
49
160
82
92
69
240
54
223
88
159
72
230
34
275
44
84
33
299
161
71
2
76
4
143
33
52
70
164
151
70
311
259
154
44
127
159
158
159
34
71
259
166
230
141
70
70
318
190
323
151
284
240
131
234
299
92
213
335
259
77
398
269
343
44
299
109
179
335
74
78
333
158
17
171
193
311
299
250
64
34
201
59
160
80
131
240
70
213
335
61
290
92
164
304
169
230
240
143
164
287
84
84
44
338
318
62
244
179
315
115
141
92
240
64
160
259
315
10
144
123
262
316
73
152
9
44
230
141
154
22
70
141
277
226
78
188
320
315
140
18
263
151
204
54
335
320
372
49
72
64
84
33
234
158
320
87
240
269
160
170
216
114
44
88
70
105
59
213
70
164
240
160
230
42
294
140
240
141
140
144
131
237
335
336
343
97
132
116
263
84
318
141
70
144
3
131
226
88
315
180
43
140
193
320
148
264
142
182
24
132
28
113
259
237
131
92
151
263
315
141
259
269
88
162
318
143
142
139
71
115
331
70
24
141
88
315
84
144
144
233
320
70
151
92
92
213
41
34
259
275
244
242
244
143
188
299
315
44
285
159
210
240
72
71
335
9
141
108
300
39
72
34
76
179
34
334
330
44
70
335
160
159
397
71
71
120
262
248
335
290
336
109
115
335
88
154
136
34
308
44
88
150
235
335
315
162
34
83
208
9
238
71
70
157
92
160
239
92
325
120
175
335
216
92
210
98
61
92
148
189
25
284
335
88
3
61
117
84
140
311
315
46
139
67
159
248
92
70
70
9
142
318
72
44
161
260
335
70
335
70
70
246
315
113
22
164
112
164
34
88
105
9
88
54
266
44
92
259
34
28
335
104
328
34
84
157
70
129
3
87
92
188
293
59
315
132
132
308
245
335
34
70
328
164
164
144
73
140
92
154
44
201
290
292
158
239
251
170
179
157
328
328
335
70
184
343
315
92
315
84
148
66
315
70
5
264
343
154
84
240
154
137
187
275
101
49
137
328
327
248
88
264
308
140
144
226
328
140
46
159
140
188
315
84
263
67
8
230
67
320
24
131
71
260
43
178
8
307
11
44
143
30
240
143
239
328
298
160
335
91
70
260
159
108
293
238
134
189
240
257
221
246
325
70
71
70
238
307
260
251
32
273
136
335
150
10
248
335
160
330
290
264
70
151
240
70
335
70
161
151
123
143
246
159
338
335
140
105
239
120
239
59
243
92
11
239
154
141
84
328
144
240
311
143
213
157
325
157
10
116
240
213
75
156
343
75
115
70
148
92
95
325
70
234
307
338
166
346
285
44
95
129
248
259
88
320
49
84
246
84
311
335
105
77
70
154
18
273
205
398
127
70
330
240
161
44
46
335
157
3
240
84
158
240
141
151
290
21
260
1
1
150
1
317
248
64
88
179
234
154
1
263
1
92
1
1
84
140
143
251
240
70
151
140
154
325
32
1
74
74
74
74
74
335
84
247
1
72
150
234
34
141
263
335
72
70
112
139
307
132
88
31
44
139
140
92
233
263
233
3
139
239
335
238
159
70
318
70
299
115
335
80
240
141
335
2
230
302
140
134
139
144
41
61
120
139
397
299
259
141
302
238
143
92
140
31
88
210
318
299
82
92
240
93
335
70
322
52
29
99
328
84
71
88
335
334
240
92
70
270
5
255
95
240
287
152
34
46
263
273
131
159
250
331
318
34
4
347
241
310
64
251
335
158
240
250
320
335
292
240
92
52
260
73
327
331
84
328
260
140
84
325
263
338
92
72
265
111
42
239
234
335
108
41
10
296
54
259
259
269
112
234
324
243
110
111
246
13
315
345
164
290
70
315
71
290
159
141
158
260
176
335
88
134
151
140
164
335
317
154
70
249
188
83
240
72
261
154
244
5
151
66
10
25
70
240
312
73
84
315
260
327
248
261
154
1
37
32
246
154
248
72
44
154
143
141
290
271
8
153
84
335
95
67
398
166
325
170
141
32
123
92
260
240
160
10
318
318
33
327
148
73
70
111
154
145
9
50
246
9
72
160
284
70
70
45
276
46
269
111
325
230
84
154
217
176
248
101
141
320
315
320
263
260
154
158
44
164
91
164
335
88
131
299
200
70
70
116
211
91
95
335
160
336
239
157
75
225
246
295
156
70
284
84
140
78
335
54
72
61
161
133
72
219
129
244
101
43
263
143
259
85
43
328
181
322
315
335
151
105
250
59
189
154
143
188
240
115
111
328
178
330
315
44
238
71
70
105
332
328
66
264
159
72
170
327
240
240
240
346
120
159
315
337
259
138
72
84
264
115
201
215
204
95
398
35
148
150
92
116
73
273
225
179
158
240
46
325
2
259
164
166
151
141
176
273
41
198
337
84
70
170
328
213
160
1
159
230
143
154
233
1
328
186
40
8
25
315
290
263
35
332
59
259
250
94
72
44
68
131
159
140
328
154
63
364
84
263
230
120
70
117
234
33
299
92
304
179
73
22
230
211
330
70
259
84
95
129
250
264
328
101
48
327
285
100
120
84
187
317
154
398
284
46
5
88
322
269
154
141
160
319
154
330
154
152
148
150
248
109
69
120
245
202
144
230
88
290
208
129
92
88
92
70
255
260
44
71
92
3
311
290
70
140
229
311
70
40
157
398
290
318
153
221
34
322
257
79
240
84
240
33
296
336
157
160
34
144
244
335
140
315
315
70
58
70
70
51
70
44
64
82
78
42
284
315
131
259
25
27
129
318
397
317
92
109
70
318
315
140
230
317
92
157
154
154
337
88
238
264
303
248
120
44
132
290
318
335
70
157
95
59
84
38
2
240
74
92
151
120
164
34
72
284
168
338
78
70
157
70
229
71
315
315
8
92
315
92
136
110
92
8
299
138
142
257
108
233
263
159
238
164
93
84
292
84
67
158
311
35
160
84
213
290
294
159
244
185
263
59
66
69
140
176
120
78
92
141
294
70
44
244
239
52
244
40
57
337
315
398
138
307
70
76
233
99
154
146
115
290
179
290
3
14
93
38
257
140
311
44
78
22
52
261
140
333
414
320
263
64
290
270
39
145
351
75
54
190
306
73
259
95
157
151
59
38
108
34
263
140
167
87
245
111
150
64
239
84
270
299
27
129
238
108
47
338
61
154
244
72
230
5
293
44
76
259
167
159
263
70
137
284
315
189
259
262
112
80
253
290
44
141
154
259
348
139
368
84
92
44
54
54
159
162
182
138
263
363
133
236
169
151
338
284
42
59
377
54
398
29
70
315
313
34
4
158
143
240
263
51
70
257
88
72
113
24
317
167
317
151
317
335
298
315
67
324
150
263
26
335
4
66
44
343
369
10
260
270
93
84
202
259
157
335
322
327
167
72
252
111
97
64
234
120
160
18
92
151
261
5
292
141
4
248
148
70
154
293
141
225
335
44
44
233
335
263
48
263
318
165
80
43
291
34
35
44
335
171
250
61
88
32
240
372
255
44
273
290
335
159
315
159
140
188
92
22
334
22
33
49
38
321
335
34
158
188
304
320
154
264
335
42
276
54
394
345
335
151
32
32
335
141
92
116
75
92
108
159
116
315
62
135
250
264
240
9
44
54
335
95
341
257
9
54
54
335
204
154
259
127
284
175
59
240
129
230
151
159
335
304
70
148
259
291
167
244
61
43
129
141
207
350
33
59
175
307
247
240
52
92
237
263
157
240
335
283
317
120
248
335
335
290
263
270
46
46
290
175
290
45
70
72
22
72
57
335
259
240
355
335
188
9
300
157
151
233
240
72
263
239
270
134
112
335
142
273
10
61
318
9
251
211
414
246
335
294
240
315
108
335
160
92
148
290
70
2
315
70
143
299
72
32
10
317
290
142
44
143
238
335
335
158
159
264
339
263
229
75
320
335
70
250
141
140
20
70
240
46
64
244
84
191
35
73
335
126
161
175
230
39
154
335
159
70
167
174
240
322
398
154
240
148
153
240
240
170
230
233
299
240
108
95
173
142
132
240
140
239
290
141
44
88
13
240
116
63
116
338
335
233
132
244
141
5
336
84
290
166
315
335
230
183
244
60
61
113
174
317
95
133
386
183
170
102
290
88
166
88
335
131
160
307
225
44
135
95
1
1
335
307
67
239
184
52
341
284
142
22
54
42
59
270
52
292
240
308
240
178
338
141
311
238
335
298
263
48
70
240
142
259
341
44
381
230
39
378
276
290
251
251
57
290
141
140
154
44
259
120
284
234
88
88
290
398
335
70
114
201
54
84
123
148
139
61
120
247
263
127
61
92
44
120
33
230
149
136
68
269
259
95
284
257
110
44
154
120
317
84
356
154
84
10
151
115
115
157
248
70
57
335
120
57
333
108
239
120
129
154
59
239
162
238
317
234
108
253
356
31
151
44
87
263
412
233
154
8
190
164
37
240
9
298
31
44
44
154
246
263
159
5
33
162
183
335
183
70
54
64
95
120
128
154
44
123
318
290
244
