173
120
352
49
230
153
283
313
307
150
317
398
70
80
257
352
121
54
115
352
307
352
106
108
287
111
307
320
287
320
120
32
279
301
160
109
307
150
150
151
230
108
120
67
283
120
44
239
234
287
109
281
309
307
120
320
95
49
307
148
65
70
230
121
284
259
239
114
259
234
370
150
324
234
230
68
283
352
279
270
320
301
307
279
287
140
307
287
57
152
283
299
307
279
288
120
299
287
301
110
307
148
288
288
44
288
301
288
2
279
49
78
288
152
288
288
301
70
288
121
92
288
234
307
120
279
301
26
279
288
309
238
320
301
40
352
320
152
279
288
288
287
279
288
288
301
239
288
40
352
301
307
288
288
288
288
288
301
288
120
288
307
141
398
288
301
40
288
307
309
307
283
288
288
307
307
160
273
288
307
309
279
257
190
288
121
288
288
307
320
120
301
288
59
283
120
44
288
279
301
288
279
307
259
283
307
301
271
288
148
283
257
279
93
309
288
288
288
288
120
70
288
301
259
288
299
288
67
301
84
279
283
283
152
288
302
115
279
315
299
287
299
283
288
120
259
288
301
279
283
398
243
301
288
288
288
288
283
324
230
320
283
283
301
288
288
288
299
301
301
307
288
279
301
49
288
49
288
47
288
288
299
287
307
279
84
234
288
288
301
288
288
22
288
279
299
288
299
261
159
92
301
301
301
153
93
121
49
283
288
288
301
120
301
288
288
279
40
281
287
299
315
288
234
288
301
238
279
283
279
41
67
288
70
288
190
301
64
301
281
288
283
70
141
70
301
288
57
67
283
283
324
301
301
41
307
120
63
154
301
288
157
301
93
288
40
288
301
40
288
299
111
301
288
141
288
287
67
157
307
120
287
301
234
70
105
78
301
320
301
120
152
234
301
118
288
301
301
385
301
301
288
301
40
301
301
70
307
301
301
301
301
301
300
301
301
61
111
301
40
288
152
71
288
301
283
92
301
352
299
397
154
95
315
301
301
120
299
73
34
279
335
78
281
279
283
120
301
288
279
283
324
287
279
281
105
301
152
14
301
151
273
279
301
141
343
301
320
313
301
281
283
283
332
283
320
301
301
301
279
301
279
283
301
301
120
287
328
320
105
233
301
80
301
315
105
301
332
64
307
249
283
85
71
315
283
239
283
287
288
57
134
301
352
313
356
352
159
398
352
288
80
159
109
320
263
279
288
157
304
70
279
239
44
288
279
151
91
279
104
143
369
64
301
352
92
311
279
301
324
120
