314
80
150
108
300
33
67
150
38
120
271
90
49
367
307
154
159
33
35
152
238
106
26
120
159
271
34
261
230
40
70
306
120
137
120
155
114
67
293
238
129
234
151
117
111
226
120
226
152
95
170
71
71
73
115
259
54
109
259
249
49
44
300
230
49
120
241
72
33
71
125
259
120
49
152
116
120
246
398
40
230
44
239
80
34
181
22
33
49
68
230
259
302
117
234
123
293
68
239
239
259
152
318
253
70
239
162
300
44
120
65
246
108
230
120
259
239
8
28
26
8
61
37
41
12
8
16
8
18
373
8
148
6
10
369
8
14
116
16
20
159
32
150
236
8
36
8
153
8
8
8
244
98
70
8
16
354
26
259
16
234
6
244
67
20
63
34
31
33
246
70
22
229
47
239
158
42
71
300
39
188
32
234
300
11
23
72
290
49
290
120
70
246
162
246
35
64
148
261
239
263
257
271
33
230
32
141
318
26
106
70
234
160
307
154
35
239
115
40
70
9
238
92
238
68
71
70
95
39
234
308
76
173
18
34
148
111
33
234
2
33
37
230
22
131
140
123
119
35
238
307
70
70
390
70
35
33
49
105
157
71
234
40
284
150
152
299
155
300
141
70
70
234
111
198
70
230
92
261
71
123
230
22
155
310
307
120
40
152
160
239
67
40
141
109
49
39
300
174
148
271
131
158
246
72
70
83
230
114
141
111
239
405
307
94
141
234
8
141
302
318
140
92
111
261
22
70
136
120
70
230
70
40
44
259
10
234
22
293
70
34
115
136
40
8
333
111
70
67
157
284
141
123
150
162
205
159
141
71
263
300
141
70
70
140
26
312
70
257
155
108
250
230
120
140
94
8
293
88
259
70
40
68
159
3
230
38
112
105
300
33
335
59
205
58
34
307
140
238
3
161
22
307
157
33
304
307
22
120
70
307
198
151
273
71
161
72
290
230
109
244
141
70
26
158
154
101
257
290
22
31
165
22
16
314
61
67
71
71
140
5
271
70
239
170
70
170
70
151
158
116
314
71
2
143
280
33
111
158
311
290
40
160
105
116
34
49
160
70
22
31
72
141
90
44
34
76
151
70
94
158
5
328
35
70
259
148
290
140
170
131
276
290
263
70
70
304
38
45
159
327
260
320
8
270
328
92
154
71
127
37
239
95
3
290
160
95
57
137
314
85
70
317
294
22
160
269
240
236
328
328
248
61
317
327
92
117
201
92
49
22
54
140
290
120
157
150
140
70
157
34
162
10
229
290
334
49
314
