276
248
259
44
44
120
33
27
27
27
120
164
314
252
33
33
113
116
44
188
113
350
239
239
238
211
113
151
151
275
120
159
234
113
139
238
44
271
205
33
44
113
233
239
33
300
259
290
49
120
120
167
150
300
129
336
141
146
109
67
267
38
49
44
49
150
162
41
141
41
233
299
239
40
92
118
159
169
38
159
294
67
239
160
34
32
120
267
49
259
32
120
133
76
106
76
238
88
113
74
239
150
159
259
230
313
211
155
113
239
49
44
120
241
54
140
92
8
162
320
111
230
148
239
205
113
62
120
397
64
300
189
95
318
239
234
242
73
259
234
259
29
112
162
35
111
246
80
22
34
162
33
75
300
233
112
120
168
239
120
2
300
50
261
113
259
49
42
163
112
151
267
120
84
65
246
120
284
323
239
88
152
40
49
229
33
152
315
49
44
114
71
114
38
397
109
300
40
259
18
264
78
160
106
33
112
49
120
271
188
33
49
112
71
141
92
160
108
239
313
307
120
141
38
271
49
32
73
239
80
32
154
246
92
49
152
44
49
32
313
33
108
71
22
201
239
67
269
140
239
26
73
259
239
120
90
234
113
233
22
22
49
239
304
152
183
65
259
49
188
120
159
113
264
71
33
188
190
307
66
248
238
152
9
92
120
49
239
35
233
296
264
140
44
204
113
22
141
157
179
80
148
50
304
154
112
336
244
114
44
33
80
318
120
159
155
152
152
343
275
152
44
154
273
141
167
211
120
32
183
230
31
111
32
239
152
155
33
22
50
76
299
210
167
32
114
92
293
32
191
151
34
160
250
226
71
33
40
259
73
260
32
103
234
261
112
105
313
152
190
259
152
268
307
264
246
20
304
300
211
120
300
84
1
204
273
230
234
259
313
84
26
152
12
151
323
313
306
33
315
44
150
259
38
63
314
347
147
95
158
32
323
33
92
8
2
234
238
111
264
51
318
238
27
139
150
259
95
33
22
238
160
89
159
190
85
223
111
90
254
44
292
141
49
313
71
49
239
259
32
67
71
8
290
20
151
160
154
140
14
34
113
162
40
95
315
22
9
259
90
16
314
238
239
264
9
92
162
290
84
264
44
24
105
159
201
323
72
187
193
155
190
140
199
61
233
188
140
22
49
290
259
294
273
16
14
163
211
270
294
92
300
151
294
181
162
158
120
196
239
32
68
111
290
90
106
92
2
154
22
40
16
259
164
26
120
318
160
2
304
284
160
307
234
141
236
284
264
273
199
267
292
259
317
318
102
239
293
269
160
113
264
264
49
300
318
73
34
112
140
64
44
239
338
140
179
315
250
389
318
240
266
113
112
264
18
98
141
80
241
44
188
108
150
