57
259
259
211
239
253
230
230
292
234
265
257
70
150
115
54
246
57
163
31
125
234
230
26
163
259
246
243
44
175
44
43
108
150
33
31
38
120
234
259
257
311
290
151
146
49
152
108
259
246
111
95
311
120
49
307
70
67
311
199
311
111
257
111
158
141
71
33
71
155
49
157
150
125
300
152
245
41
173
141
230
95
49
70
33
92
120
116
116
323
246
111
40
42
38
253
229
371
238
57
259
152
120
49
151
108
70
307
241
118
32
71
39
49
50
229
336
152
49
44
90
234
234
267
152
41
70
150
106
40
112
109
95
239
151
208
70
109
335
234
263
22
34
152
95
9
5
230
304
204
230
234
191
202
259
92
49
159
234
310
29
190
190
323
190
290
199
111
120
115
157
234
210
120
116
239
79
173
247
95
190
40
239
198
150
152
152
22
141
83
65
152
32
120
64
22
70
120
111
238
152
49
49
150
190
197
190
230
163
233
120
116
49
22
159
318
120
95
193
40
70
201
70
188
152
152
22
304
275
152
152
234
188
141
71
152
49
299
307
54
71
230
253
247
72
293
300
205
40
173
50
362
159
57
70
154
198
159
95
155
304
92
157
71
198
211
273
22
71
57
233
318
31
190
257
70
161
150
73
32
307
22
246
205
309
141
152
44
34
70
271
307
307
40
44
160
233
111
151
230
32
226
190
42
230
215
271
40
158
239
290
123
273
152
70
70
105
92
307
22
49
201
271
95
152
106
42
32
230
137
161
112
252
44
160
269
70
214
92
162
234
246
105
290
290
70
37
236
106
239
154
137
167
32
294
190
70
293
160
44
120
155
26
43
199
26
136
238
120
133
311
26
148
57
40
265
198
67
71
234
31
275
190
140
92
137
171
40
114
78
304
29
234
70
234
70
234
234
307
48
201
312
50
95
83
92
293
5
307
54
31
230
154
157
230
72
92
108
92
198
151
120
201
193
71
95
159
101
141
176
300
201
73
29
92
44
70
70
293
390
389
26
92
190
140
311
70
207
157
234
79
95
212
148
160
140
71
101
201
70
398
234
270
140
70
208
150
206
160
70
201
70
230
244
230
307
40
201
208
108
284
157
70
69
99
75
120
136
35
143
335
151
201
64
70
336
108
244
70
189
210
246
101
284
78
330
328
150
71
72
105
154
95
159
44
151
290
270
257
50
259
161
318
22
123
44
1
64
108
161
290
141
64
320
163
239
34
246
290
336
34
154
154
225
