159
113
230
111
95
244
259
244
121
159
246
336
70
49
238
318
2
259
38
70
70
114
306
4
230
92
106
239
35
49
300
318
238
120
152
188
111
155
71
112
128
109
113
318
120
39
158
34
116
108
2
40
230
152
120
189
40
95
261
40
37
306
336
76
271
259
95
335
71
105
152
114
73
106
162
40
230
40
2
152
90
238
152
152
115
150
9
238
259
108
43
118
33
114
113
40
259
49
137
233
270
245
300
39
230
24
257
31
187
111
300
294
40
244
230
259
70
230
335
163
62
38
158
150
210
152
39
31
49
318
307
70
49
71
116
294
67
70
95
160
150
139
239
111
120
152
110
170
71
90
152
70
95
116
239
290
271
71
108
271
159
230
76
284
38
306
227
152
108
116
160
9
160
2
150
299
300
95
32
70
70
152
120
189
230
2
255
233
70
230
275
243
139
116
120
95
108
271
307
257
227
234
230
190
74
22
229
40
238
140
43
105
79
239
234
157
230
234
310
141
230
136
171
244
79
284
31
275
16
151
33
22
49
116
92
259
333
198
259
239
33
306
108
318
71
140
158
109
158
123
230
71
40
95
220
40
318
106
323
287
40
118
31
136
110
152
118
32
70
34
46
198
70
71
70
73
158
263
71
152
238
312
150
304
390
102
109
234
70
102
33
108
414
108
112
141
73
70
32
234
155
22
95
95
31
238
140
71
335
123
95
160
73
336
306
271
70
38
284
4
95
116
160
112
311
311
92
311
34
150
105
70
160
34
123
92
70
290
161
25
234
245
71
296
39
32
70
284
290
115
73
49
229
271
304
160
71
38
108
82
397
311
322
293
234
284
71
176
333
176
371
259
101
70
161
300
311
246
116
92
234
239
98
71
150
356
140
31
49
168
39
335
225
244
259
321
321
29
