120
120
259
259
251
22
70
125
246
90
246
48
150
230
259
70
317
294
48
200
307
259
316
205
61
259
80
73
67
316
120
230
170
160
318
221
73
230
120
300
159
271
109
62
238
80
290
108
259
67
31
33
113
173
259
153
233
108
259
267
71
233
175
111
162
39
238
49
168
247
307
230
162
70
273
148
241
308
141
50
371
271
151
257
259
230
70
49
234
265
111
31
153
49
238
39
62
230
208
72
152
120
70
70
238
246
35
148
230
120
152
49
152
365
39
4
371
158
40
211
259
102
290
116
371
70
71
120
239
160
333
269
29
152
259
48
304
136
336
8
39
38
120
35
79
300
49
34
244
205
212
371
307
49
95
259
230
203
16
53
312
39
230
39
239
246
293
259
371
37
118
49
132
33
72
70
64
122
137
246
271
190
293
212
198
106
44
129
196
64
37
158
311
111
70
204
206
22
115
239
116
116
39
115
307
31
31
70
31
239
229
259
152
38
234
142
111
70
239
106
257
190
32
263
201
191
215
70
246
137
39
259
120
92
208
72
162
150
239
22
362
205
116
244
62
70
152
3
257
39
70
111
111
259
230
35
56
116
39
39
253
32
31
92
111
223
229
211
152
152
2
67
39
307
390
362
151
42
243
150
48
40
201
388
155
151
241
92
211
115
70
34
234
39
300
230
71
230
34
243
246
307
70
155
239
114
270
1
162
109
155
300
239
71
134
188
234
223
190
239
208
214
77
162
234
234
35
324
141
152
152
155
369
8
39
120
31
322
230
336
259
309
105
95
238
70
144
31
65
230
155
39
336
239
32
2
318
32
49
234
324
83
49
152
152
71
39
335
336
230
199
155
136
201
71
312
34
72
234
292
335
201
70
158
209
209
8
71
336
203
49
230
152
70
39
307
196
22
205
116
311
71
22
239
40
152
39
335
70
314
32
39
70
116
196
113
158
62
238
211
201
115
245
48
31
208
22
159
57
37
307
191
108
71
193
70
40
33
201
369
39
40
246
102
31
271
32
44
95
108
304
39
311
152
77
212
390
9
35
204
190
141
190
196
137
193
335
405
67
116
169
284
148
204
40
202
284
246
234
204
230
70
230
92
158
201
184
6
39
234
70
22
271
190
111
92
34
312
14
34
188
207
141
95
293
148
40
111
230
33
249
233
144
64
9
324
291
318
238
74
26
40
317
39
157
201
43
246
40
317
71
201
239
189
95
189
40
139
71
39
63
230
246
196
159
71
70
227
155
261
234
154
238
259
101
234
108
105
69
39
22
70
109
273
71
74
35
3
371
70
65
35
157
158
120
22
49
141
92
40
335
239
49
141
158
92
154
22
405
141
63
257
296
18
65
300
39
18
43
259
73
191
137
208
201
71
211
9
204
49
111
70
189
44
98
373
115
290
39
95
70
229
191
109
214
199
199
199
70
49
320
202
227
116
273
312
74
307
317
307
307
309
307
307
151
151
159
318
234
111
39
230
308
31
40
320
170
170
170
170
211
201
22
85
198
310
389
44
397
80
312
11
63
76
224
141
136
70
70
70
152
70
389
89
70
70
259
312
95
105
307
201
309
38
336
134
144
202
142
205
202
208
188
239
159
32
193
24
317
161
336
170
201
72
93
240
160
70
196
92
26
111
9
157
67
246
201
257
40
283
39
31
154
188
159
78
369
70
239
111
92
108
170
170
284
38
170
173
92
39
141
92
71
141
70
137
40
92
70
40
160
151
32
75
105
336
273
70
39
31
95
69
205
5
160
141
73
318
154
244
170
5
320
141
70
336
152
152
43
259
39
71
170
295
170
48
41
303
170
67
8
170
186
141
70
136
261
108
39
213
14
284
307
92
9
391
170
131
334
290
208
39
287
92
70
259
190
203
176
101
304
154
70
39
170
170
170
188
71
70
148
92
44
70
32
299
70
170
246
120
105
299
34
271
151
106
243
158
314
70
157
240
257
71
213
198
204
205
213
250
300
290
39
170
157
144
299
154
389
159
154
299
211
98
111
70
273
140
139
318
189
318
141
208
201
22
92
70
240
318
318
318
299
155
82
175
141
70
39
187
170
92
160
170
201
196
397
31
244
49
389
158
154
317
1
118
290
70
290
188
95
200
190
161
320
290
299
209
121
163
70
108
154
317
189
270
34
49
314
34
230
158
205
154
244
64
92
139
38
317
70
255
389
213
154
92
314
92
159
62
40
151
74
335
171
188
335
70
67
170
55
248
36
111
170
70
92
196
202
72
95
140
170
33
154
34
118
213
201
201
170
327
328
116
159
109
335
189
328
70
92
70
204
246
9
92
273
31
72
148
240
245
211
322
317
240
249
96
154
335
327
125
204
181
199
133
71
31
154
92
295
31
317
92
308
154
317
92
170
105
159
108
68
290
307
151
317
95
92
240
246
220
159
92
307
335
70
70
240
240
320
92
101
245
157
299
157
229
154
1
131
92
35
1
143
230
70
31
246
154
72
259
234
154
290
233
233
