250
250
230
57
62
276
269
276
44
120
269
230
54
44
44
251
61
269
48
44
181
48
64
251
251
44
120
44
61
44
62
44
54
57
48
54
48
239
54
307
250
54
272
259
48
269
54
48
276
48
230
230
57
230
62
230
269
48
44
57
44
44
276
44
44
44
398
251
54
61
173
150
48
54
50
276
54
57
269
48
250
150
61
44
44
48
64
44
243
259
44
54
276
276
48
259
44
230
230
113
62
257
101
272
109
113
41
28
211
259
247
259
44
398
148
230
123
125
61
61
257
120
269
151
48
35
115
276
246
120
59
44
62
44
48
307
230
64
276
44
64
314
167
31
251
140
61
44
44
265
259
230
230
61
120
241
274
166
290
54
49
233
118
149
163
239
33
150
115
230
49
229
29
257
113
120
230
120
246
123
54
166
243
259
146
33
64
227
257
230
259
123
239
108
111
115
158
54
57
111
257
98
314
111
44
276
148
259
239
283
317
167
31
44
61
95
110
44
269
276
120
307
230
259
120
44
33
141
150
230
109
120
259
230
154
307
33
230
136
259
239
44
230
48
269
111
37
44
44
246
120
44
234
259
95
259
152
230
234
44
239
307
120
116
238
168
120
44
167
46
257
33
230
123
111
158
48
157
246
230
44
44
257
239
111
211
44
120
230
31
250
292
120
120
241
64
230
141
111
158
159
259
8
44
312
152
141
243
25
57
158
79
49
150
57
120
241
44
44
227
246
314
246
35
154
257
307
307
33
239
44
150
257
307
243
108
259
123
249
230
314
141
141
44
123
276
95
25
307
257
276
44
306
276
126
257
109
10
76
230
246
150
246
246
263
170
37
263
50
54
234
120
265
34
54
61
44
44
259
182
120
116
44
307
307
259
263
166
243
57
109
307
44
46
224
230
120
168
230
48
120
46
323
158
230
140
259
64
335
120
78
294
169
44
44
240
269
307
307
307
307
307
152
129
157
92
1
1
149
230
183
307
62
1
227
243
108
31
120
64
44
81
44
109
118
239
259
1
230
122
61
16
239
44
109
123
267
276
250
68
307
238
244
25
123
234
39
259
112
35
64
190
1
240
246
239
65
230
263
44
151
241
65
230
239
39
111
270
123
316
67
57
116
44
109
150
44
39
44
46
112
398
68
230
95
8
318
118
259
269
47
41
238
41
257
259
31
116
371
38
204
120
125
239
91
238
230
59
210
129
120
246
150
31
259
151
120
78
243
244
150
112
33
153
120
44
208
150
141
259
308
230
230
238
33
113
225
78
44
33
296
111
230
233
243
68
33
307
44
271
257
156
62
269
200
230
230
200
226
150
44
115
68
247
116
263
290
246
68
118
151
246
230
10
54
31
230
71
247
241
239
230
68
234
150
34
308
307
31
259
148
46
49
259
238
246
259
57
71
259
123
123
30
44
234
44
259
126
68
239
275
26
18
259
167
243
230
28
259
141
225
9
49
76
230
259
230
318
44
152
120
215
355
6
255
116
120
239
259
167
120
125
230
55
247
230
304
240
307
49
300
76
44
44
125
247
80
324
158
158
251
118
336
150
2
116
49
123
154
173
230
267
267
35
234
123
15
227
120
238
241
243
230
259
259
42
25
335
259
37
159
68
236
238
238
239
234
246
49
230
115
148
183
131
188
120
33
243
163
48
115
150
141
113
57
33
238
241
49
108
33
257
234
125
230
308
230
230
240
398
123
41
49
141
141
123
230
120
116
108
244
62
230
241
120
92
284
31
150
52
9
136
230
150
22
67
259
257
236
259
230
241
167
234
183
181
141
4
229
238
68
109
300
92
108
33
246
111
116
108
240
150
150
49
230
109
41
111
162
29
59
230
150
65
234
300
49
230
68
323
42
111
118
259
112
314
49
49
49
49
49
49
120
293
140
293
114
109
234
150
111
123
230
57
243
352
71
247
108
150
211
120
121
125
270
39
67
48
318
225
188
300
300
300
300
55
55
318
2
33
234
38
49
154
230
230
150
244
234
239
123
194
154
59
153
42
239
33
71
120
233
74
43
49
44
260
2
108
141
39
116
234
150
41
34
83
259
152
129
251
108
239
259
333
293
226
148
230
120
152
111
238
38
246
33
49
239
152
152
239
116
230
34
327
265
150
239
74
74
230
405
67
300
257
70
31
152
16
43
65
120
150
310
294
101
8
115
49
74
261
297
109
132
159
293
241
271
70
112
35
230
72
22
70
234
158
111
371
42
70
239
112
150
108
42
263
259
230
259
161
71
81
239
230
304
120
230
43
230
244
276
24
8
101
259
95
120
257
8
234
140
259
41
150
273
90
49
148
259
196
42
148
158
120
246
153
34
15
244
173
34
246
259
234
226
123
34
230
234
118
263
152
234
259
34
362
90
42
304
304
369
49
38
240
49
49
261
152
152
32
120
38
225
32
108
259
362
92
71
2
8
76
234
69
293
238
259
152
307
40
255
120
109
152
234
158
14
181
318
230
25
182
243
150
61
314
304
136
90
49
120
49
318
49
163
114
169
2
57
152
40
108
74
405
306
9
343
230
111
412
32
239
290
70
71
33
230
120
241
49
234
10
284
259
34
33
92
37
152
259
70
267
150
48
276
125
113
188
230
164
230
28
31
336
259
259
24
114
241
44
304
259
230
65
65
149
259
137
259
111
37
108
106
316
246
14
35
150
259
33
246
190
259
41
116
92
44
208
70
123
259
150
14
230
182
230
259
257
70
238
307
61
44
160
317
257
90
29
10
362
173
5
44
40
108
244
22
32
68
57
230
234
247
148
284
238
4
167
293
259
150
125
152
234
244
263
276
141
29
57
95
234
234
271
348
230
2
41
150
45
4
95
34
70
148
70
8
155
49
41
205
154
55
241
115
49
25
112
41
76
259
208
33
150
4
250
255
152
40
150
116
112
238
195
44
230
115
105
116
230
32
70
73
148
157
199
152
293
8
318
41
241
188
72
111
168
239
152
240
44
111
173
4
49
125
8
294
230
271
233
40
259
35
2
259
150
111
240
239
284
115
148
70
234
120
67
67
238
234
43
294
25
159
240
188
154
240
190
259
259
230
48
22
246
70
230
318
230
71
49
300
125
230
70
33
230
230
40
37
57
76
34
111
33
271
152
155
22
67
259
59
284
90
307
246
49
150
70
67
34
70
259
257
148
198
257
287
203
190
65
201
284
239
284
362
241
31
247
38
300
239
239
259
152
2
101
57
70
294
141
67
120
109
38
34
221
34
90
141
2
2
150
71
21
240
65
114
92
116
306
152
307
64
40
193
68
257
67
190
300
201
32
257
73
259
267
116
292
36
240
2
230
204
92
271
115
120
246
34
22
243
230
150
38
240
240
230
230
239
92
152
234
49
306
189
32
32
111
152
83
195
192
169
92
73
234
191
70
70
158
141
362
8
199
259
257
40
67
152
259
44
9
5
44
190
389
70
34
259
269
113
397
335
238
92
284
114
44
150
95
10
304
230
28
10
241
49
40
36
71
111
4
333
125
190
42
92
300
312
24
83
191
343
148
259
123
108
152
70
125
40
40
71
259
294
230
335
239
38
8
105
236
234
318
111
230
316
234
21
70
159
72
111
324
32
41
115
246
240
159
240
131
312
123
230
40
112
188
335
234
240
230
152
141
261
209
78
263
159
71
234
160
12
152
158
239
35
259
160
32
8
108
114
50
257
234
25
300
34
318
310
154
70
41
116
114
3
239
161
29
335
257
68
152
234
234
234
71
70
318
69
69
230
230
239
116
49
8
300
8
26
318
336
120
114
71
4
152
371
48
42
193
147
67
111
159
111
32
234
152
190
5
239
191
240
67
230
108
65
34
103
154
239
73
92
34
188
152
157
257
335
22
116
116
318
8
318
273
271
213
131
8
230
139
40
234
234
67
141
205
120
37
343
304
152
114
132
67
71
253
107
4
4
271
190
204
28
230
73
162
120
285
22
70
284
230
34
189
263
18
304
23
8
167
16
181
71
362
257
255
234
76
152
32
241
246
230
33
241
44
255
44
131
109
234
240
41
152
76
76
152
40
230
114
234
320
306
208
37
123
70
129
159
49
32
150
234
152
202
70
239
123
112
150
32
120
68
114
335
239
160
230
111
269
250
120
140
70
70
230
159
159
369
141
2
290
306
34
262
273
34
18
8
35
142
158
239
120
8
23
69
310
230
230
230
230
230
230
284
120
234
234
151
49
249
230
70
362
72
115
152
111
257
259
159
150
120
67
67
34
150
230
155
199
304
154
230
188
362
234
32
105
33
173
22
155
16
95
230
263
240
18
68
151
173
167
271
304
234
32
38
324
24
200
150
160
234
362
70
70
74
234
152
259
116
32
34
34
113
29
201
157
70
234
33
234
234
188
34
141
173
70
230
212
111
8
333
133
300
151
78
152
230
263
8
239
61
181
8
114
290
240
120
68
204
76
150
70
70
106
336
101
239
307
71
251
234
44
137
230
123
31
150
387
240
8
8
8
152
8
70
49
152
26
152
22
44
40
113
10
32
68
239
48
230
244
283
276
239
31
22
95
104
129
22
38
112
120
22
9
259
234
259
70
72
95
70
223
92
70
234
234
62
22
9
9
188
160
403
113
188
70
26
44
162
230
26
90
304
259
106
10
158
152
244
92
131
318
160
98
335
153
318
33
76
233
292
335
300
240
373
150
32
240
32
40
246
160
70
70
389
226
300
152
238
32
2
49
106
362
159
152
259
40
70
40
33
173
307
259
233
92
200
163
116
154
67
111
300
246
152
40
163
263
120
32
150
211
92
70
114
151
92
39
125
259
34
4
291
76
148
61
310
76
38
318
257
12
111
157
304
265
49
43
152
49
2
300
74
118
109
230
240
150
159
40
49
307
95
152
308
300
44
70
37
324
284
70
111
159
34
40
257
26
304
105
8
84
190
105
38
92
92
240
109
243
33
152
190
71
335
155
152
73
72
65
70
70
205
40
155
260
293
106
22
389
74
234
32
78
318
120
34
152
304
150
16
296
34
65
76
10
241
230
14
150
230
28
304
67
152
8
40
123
362
234
150
234
314
76
150
296
71
111
150
373
32
32
65
22
293
238
362
108
2
152
34
141
120
76
8
312
22
230
173
300
240
40
43
26
26
40
312
95
230
111
307
252
304
398
20
111
67
284
158
8
67
150
318
152
16
362
123
38
169
71
307
9
111
40
16
2
148
22
183
246
309
44
150
155
26
111
152
148
111
8
10
120
120
255
241
238
44
22
318
239
26
333
32
151
33
92
101
259
240
24
173
111
111
32
113
152
32
162
294
240
158
263
120
43
141
233
152
284
95
307
335
390
108
389
49
234
255
152
116
40
158
22
95
70
40
293
22
234
31
239
234
73
318
105
259
70
287
71
49
123
57
49
234
115
167
34
255
230
123
9
32
121
307
41
152
230
335
335
70
335
44
70
70
238
318
117
115
8
31
243
300
259
111
95
259
160
37
239
308
230
5
26
24
67
65
163
230
251
123
90
113
40
230
239
26
152
32
40
92
234
71
2
238
22
304
265
71
239
33
290
255
390
125
403
76
134
311
32
40
240
40
42
161
73
158
22
293
70
215
40
243
22
193
71
70
151
259
49
65
234
92
238
34
150
233
233
157
158
106
70
389
259
234
2
2
108
318
161
389
152
123
154
234
22
290
307
80
151
389
71
300
84
196
95
210
159
230
284
225
240
129
40
234
70
284
73
200
32
243
276
257
34
263
259
18
300
152
116
4
140
43
243
37
244
95
18
101
129
169
335
44
240
95
71
233
290
8
95
234
71
234
279
259
230
116
116
141
152
214
137
18
18
160
3
120
307
239
140
32
123
95
292
70
70
8
230
34
299
32
273
5
78
71
241
106
32
44
73
230
193
78
40
201
49
312
324
201
31
73
22
73
105
49
111
70
73
152
292
95
105
158
162
78
239
73
43
390
120
40
49
240
111
44
141
22
271
239
8
113
34
120
38
95
8
2
32
155
309
335
269
114
95
95
310
234
152
373
255
71
8
239
26
161
22
9
152
112
259
40
22
155
157
89
140
225
70
316
8
98
152
70
9
22
26
265
324
233
92
69
65
234
171
241
71
105
273
335
27
33
255
189
246
311
3
335
70
151
34
190
33
234
207
391
347
120
118
40
234
111
120
335
290
22
312
65
312
304
152
47
318
4
76
40
8
159
70
294
316
243
40
318
123
150
49
230
92
61
150
98
95
152
290
40
158
101
156
41
376
188
95
259
234
152
234
284
72
40
205
204
73
136
140
70
111
44
37
70
335
34
9
333
111
229
22
106
269
255
397
57
70
161
70
70
152
53
105
22
242
190
152
44
312
150
215
239
230
259
234
69
22
150
257
234
389
253
40
111
70
33
8
241
323
150
61
152
260
20
8
234
2
135
135
71
353
18
284
123
10
20
152
49
100
35
49
95
114
92
95
70
4
41
71
211
300
152
141
259
239
76
190
234
70
160
160
73
296
154
157
108
335
90
320
105
230
81
155
304
40
190
304
22
259
22
294
335
95
49
70
120
120
310
22
40
70
316
33
157
293
290
34
34
34
34
44
22
40
16
32
60
290
67
40
123
287
78
263
154
312
188
44
335
40
307
34
120
4
26
160
116
105
273
243
257
120
39
44
40
64
284
38
310
316
67
71
243
141
71
40
40
129
95
8
20
120
40
233
95
141
2
26
4
131
109
44
293
18
120
160
161
2
92
190
14
157
160
413
300
205
293
108
190
243
294
150
32
70
34
40
240
92
29
8
405
84
159
307
343
32
150
307
230
70
67
230
338
189
318
32
171
159
205
98
307
284
238
208
152
230
230
70
201
120
131
106
35
34
105
40
92
284
307
22
390
131
230
312
239
49
309
257
335
139
236
113
307
152
22
34
173
71
238
152
78
236
22
22
318
8
123
34
43
209
255
263
118
112
44
95
273
95
131
318
308
40
239
257
141
290
300
33
307
309
234
9
71
161
155
71
204
234
10
49
38
8
307
152
62
161
40
234
26
105
84
311
135
18
193
9
18
71
26
205
90
32
239
109
307
151
333
22
323
123
22
69
4
244
141
83
72
230
40
190
45
123
315
159
16
173
8
26
234
159
1
1
1
234
40
46
52
276
106
398
152
136
320
390
22
22
5
259
44
95
269
290
18
111
304
211
8
152
71
263
34
22
141
111
318
322
271
120
271
173
20
292
271
120
335
73
22
151
65
40
152
234
22
108
201
311
22
290
71
22
22
22
290
276
73
33
22
34
242
335
335
335
105
160
136
246
105
40
70
73
4
22
123
32
141
289
34
84
230
159
205
240
234
318
318
41
239
145
150
43
68
163
135
233
18
1
157
43
211
152
230
160
284
284
307
239
271
26
39
88
154
290
159
234
14
306
131
105
14
49
238
40
44
238
293
40
34
156
271
120
155
259
71
275
141
304
34
112
304
230
300
32
152
29
152
9
188
276
276
22
70
1
1
1
1
311
1
1
154
252
233
92
336
154
137
29
24
234
271
154
234
67
239
40
200
390
205
1
1
1
1
1
1
1
1
1
1
317
307
238
140
155
87
152
157
22
240
40
240
143
34
240
279
238
324
68
290
106
50
69
92
70
309
230
16
307
95
72
269
22
40
150
310
143
307
55
317
317
307
72
120
261
109
1
150
70
307
307
230
307
317
44
307
249
70
71
120
40
307
290
244
307
92
290
233
240
92
5
9
263
70
22
307
92
157
362
303
67
92
289
1
201
154
70
317
169
70
1
320
1
240
143
61
44
307
307
52
41
154
22
307
317
67
154
320
154
317
1
1
40
307
1
71
70
1
259
83
261
1
181
307
1
22
307
154
61
46
16
18
269
2
299
273
137
269
150
16
70
33
92
290
307
20
32
335
200
153
239
173
243
52
240
309
32
249
335
96
307
90
307
92
92
138
269
261
307
307
259
5
159
307
64
75
159
307
1
64
1
152
290
240
290
123
1
154
273
154
154
271
154
290
64
317
317
317
1
1
64
209
249
152
152
154
317
40
141
1
154
307
166
317
1
84
263
317
129
154
173
1
317
154
4
154
141
336
199
317
1
59
44
136
248
154
52
139
290
59
240
307
84
267
213
61
230
59
62
290
154
11
299
166
93
8
307
309
84
150
140
46
250
335
307
240
240
299
335
212
140
136
95
314
317
262
405
73
257
299
290
1
120
22
276
59
140
230
92
1
1
1
1
8
288
44
317
1
62
135
290
287
136
11
317
317
141
159
141
244
290
227
59
84
241
169
269
61
52
307
92
240
255
52
140
70
248
103
9
1
259
154
70
160
1
109
154
295
1
70
202
335
76
190
1
1
1
269
189
44
151
154
1
1
293
269
62
69
1
157
92
246
269
173
70
152
91
8
40
123
59
257
123
299
70
52
288
240
290
301
169
154
59
290
90
61
44
44
307
275
158
244
44
40
248
44
64
283
93
70
259
104
288
288
259
317
288
230
154
212
10
335
4
288
154
288
288
288
1
111
24
288
169
10
1
1
1
96
1
288
1
283
70
70
1
1
1
301
70
148
212
106
257
276
67
40
335
276
269
335
397
248
40
70
288
283
288
288
8
269
70
288
276
9
307
301
70
6
95
276
276
109
288
151
71
141
40
307
290
304
269
44
74
240
36
41
26
317
239
230
276
324
276
397
335
283
9
154
204
70
70
78
202
276
154
154
136
70
48
4
92
95
40
269
148
44
248
239
234
276
111
44
40
249
64
40
40
276
269
139
92
40
71
290
269
115
276
269
152
70
32
269
205
111
296
78
154
108
84
95
120
33
234
300
316
250
269
260
279
276
158
52
3
290
288
92
269
273
71
90
111
307
58
290
290
52
39
32
255
269
146
61
150
52
69
248
150
80
311
123
67
40
318
234
92
71
318
131
76
230
26
101
243
92
307
70
188
234
195
123
31
234
22
152
234
312
191
70
234
159
150
213
67
70
136
335
73
70
202
403
161
239
70
70
205
70
141
70
8
34
294
125
8
238
70
84
65
94
263
137
26
335
275
92
33
152
67
95
70
197
154
44
210
189
115
290
190
204
40
307
71
190
75
315
70
67
70
40
43
158
106
22
173
34
149
315
201
109
320
154
205
136
112
70
293
8
244
55
73
152
293
95
40
24
300
405
400
101
36
8
230
108
168
265
213
98
49
233
234
43
170
300
78
263
234
210
32
293
143
343
95
144
159
152
201
92
159
159
154
32
141
71
234
261
255
71
143
70
205
41
92
210
276
70
49
259
312
57
72
71
152
73
136
141
95
293
70
65
90
107
173
40
107
213
9
34
72
22
70
106
71
191
239
239
239
109
324
157
70
92
92
77
189
234
70
312
270
123
246
239
71
105
152
22
157
230
202
70
308
307
158
295
239
136
70
333
290
95
22
40
18
74
331
71
324
306
113
120
8
152
40
294
40
105
133
240
70
155
257
271
141
239
150
140
95
94
95
95
230
34
40
279
159
73
95
279
22
160
290
200
333
70
161
238
141
161
296
239
230
105
200
92
318
318
72
276
22
73
105
71
70
95
283
70
290
190
188
159
133
362
83
239
71
22
301
70
155
226
205
144
234
167
40
40
160
70
70
152
161
148
70
92
152
161
207
34
40
40
389
105
136
120
115
259
240
234
52
160
40
70
189
40
71
18
33
152
141
157
22
140
22
143
160
323
92
8
335
140
154
279
40
95
397
142
154
34
163
26
230
139
318
140
26
139
92
263
230
154
94
150
120
230
302
133
8
40
324
61
1
213
70
70
160
307
309
234
189
307
202
303
190
307
225
90
273
91
309
257
307
158
9
92
40
160
141
307
309
307
307
70
157
299
108
74
162
190
131
160
389
131
137
154
249
8
307
22
84
40
152
150
230
40
73
157
70
105
34
239
92
151
161
190
160
316
140
73
304
160
312
173
95
284
111
22
44
189
81
43
335
92
234
167
14
230
320
40
74
152
376
148
2
141
4
142
51
40
34
5
238
92
137
141
230
92
239
41
18
22
46
49
22
154
70
151
189
307
72
234
2
141
334
44
131
111
32
159
260
154
14
316
157
263
33
323
320
137
234
84
101
152
40
5
390
144
199
141
34
207
293
70
49
335
160
16
67
26
95
34
26
215
307
316
299
160
49
234
271
1
70
307
70
34
92
34
173
299
92
211
269
284
71
160
157
92
318
244
234
139
8
255
90
72
40
95
320
239
273
136
290
36
199
293
201
8
2
163
269
8
318
318
139
71
40
92
135
40
74
335
120
300
150
259
139
261
92
136
318
312
78
335
131
71
71
71
89
154
72
92
73
152
152
92
352
106
141
139
104
154
40
152
78
304
106
323
120
92
335
270
152
159
71
299
70
70
71
283
111
67
307
73
140
173
151
95
175
74
92
288
70
335
44
173
34
293
44
140
323
301
259
8
40
26
71
71
34
141
70
65
44
301
34
40
84
112
246
270
71
152
302
137
233
397
302
40
312
183
136
71
88
92
95
141
139
136
136
57
371
154
299
152
143
301
92
161
160
320
40
397
88
263
8
161
160
259
160
233
210
71
134
160
20
312
136
233
32
120
259
290
92
4
155
112
160
22
205
239
205
208
8
44
70
105
26
154
8
257
152
116
92
92
312
180
70
120
10
247
34
304
67
239
335
299
390
131
95
120
71
75
112
230
234
134
11
150
18
141
40
290
263
335
57
263
114
230
255
273
2
40
44
148
40
92
389
72
160
161
70
259
230
71
5
71
70
230
118
152
123
161
40
161
67
322
230
92
71
270
9
161
160
335
221
160
70
376
120
230
335
92
52
62
159
70
14
373
234
293
22
70
22
335
16
154
290
269
301
300
71
18
234
115
260
239
139
71
8
32
318
95
300
49
234
290
40
207
271
139
90
40
26
44
260
312
160
70
26
70
160
304
284
106
160
95
211
151
257
215
9
26
18
284
241
70
72
152
259
304
73
26
73
196
106
78
111
152
335
160
22
9
307
70
70
192
275
173
263
335
131
92
234
70
160
259
255
9
150
389
255
173
71
140
181
290
71
26
53
159
125
22
152
335
140
151
173
8
310
10
92
139
290
307
58
131
246
234
387
275
160
70
70
36
157
71
102
152
74
249
71
40
73
159
32
290
40
304
220
208
40
92
92
72
240
34
70
8
136
159
59
362
34
335
26
157
230
70
92
246
230
67
2
32
105
40
40
22
152
290
290
92
152
8
71
72
120
160
238
250
44
301
72
71
70
78
230
293
141
240
323
71
310
44
141
92
95
32
139
320
331
78
44
159
234
40
116
244
19
152
152
335
234
22
92
210
84
101
275
239
202
72
71
320
70
160
257
161
129
70
246
161
70
71
71
22
72
34
136
70
70
28
157
136
136
120
22
65
205
233
120
34
1
154
40
304
9
315
290
263
159
95
159
40
230
255
244
64
160
70
9
118
161
92
160
239
160
160
70
73
304
49
72
34
158
150
20
294
73
24
233
307
120
115
26
26
38
34
64
188
40
34
239
238
105
158
120
105
234
52
318
140
120
307
233
152
141
95
314
40
166
270
92
120
215
44
120
35
40
234
157
210
233
70
160
142
312
301
44
13
284
269
152
44
44
9
157
188
158
70
71
70
151
160
9
141
244
9
67
397
34
12
139
405
239
306
160
92
249
70
240
318
304
157
151
191
160
34
239
70
161
72
292
158
154
290
20
111
232
120
36
70
188
67
257
136
70
154
92
8
26
300
40
71
151
70
9
9
8
70
318
300
210
70
259
71
257
301
34
189
26
205
34
71
62
44
169
120
9
38
92
9
108
22
155
73
32
40
71
154
22
70
290
43
304
163
301
40
22
92
26
105
196
242
72
136
70
70
72
239
151
160
227
40
160
40
40
123
92
189
269
92
116
198
160
67
40
44
307
49
9
148
40
158
299
70
71
248
39
101
259
133
67
95
307
263
240
95
136
136
225
160
247
61
40
40
239
71
88
273
108
294
201
92
71
230
331
140
130
118
78
18
318
159
142
92
335
2
70
259
22
234
152
70
257
306
105
22
136
71
71
308
49
75
136
154
140
317
255
32
4
40
239
123
70
155
154
161
120
70
121
70
24
230
307
70
335
133
49
263
43
284
18
70
36
70
259
40
221
131
70
40
173
136
22
62
22
259
40
88
257
71
49
67
230
36
44
64
279
136
290
12
152
107
95
136
312
111
152
191
40
67
71
304
251
92
160
123
307
136
32
335
106
71
71
22
188
71
70
111
70
160
9
67
92
49
131
83
70
68
304
287
269
152
247
44
152
95
234
2
259
139
159
22
208
71
137
323
335
161
213
301
151
388
251
257
70
70
89
26
70
158
160
4
4
4
39
22
160
34
34
132
22
136
72
76
8
160
284
304
70
12
8
198
234
120
153
67
154
120
34
264
299
107
32
134
33
70
276
81
250
250
9
18
70
70
73
215
95
135
2
173
71
296
20
160
257
24
40
44
157
290
271
16
136
141
234
284
20
36
92
42
40
20
335
157
70
150
40
26
106
73
63
71
139
230
95
288
220
160
70
105
70
216
389
159
290
92
160
301
26
160
160
140
403
63
318
240
239
90
22
290
154
240
95
250
244
150
71
208
335
263
255
336
92
324
211
84
73
8
160
300
199
161
214
78
157
348
397
8
239
61
240
362
70
40
275
369
92
40
233
95
95
239
255
134
301
123
71
9
192
70
70
69
5
70
9
67
40
104
335
92
307
159
71
36
34
39
237
312
27
336
26
259
204
141
36
41
148
71
8
167
263
259
136
157
230
34
154
290
161
26
151
57
123
48
183
292
31
176
141
34
123
290
142
154
71
173
317
240
74
141
239
249
16
44
307
70
136
26
24
158
92
8
9
188
247
205
304
257
70
64
120
240
42
210
318
18
159
8
290
70
95
141
114
205
72
275
40
83
72
157
140
204
251
215
92
22
240
40
120
166
10
341
403
44
240
70
102
159
71
160
84
269
131
290
246
143
230
120
275
140
335
26
70
70
269
98
8
210
257
70
157
269
81
139
137
76
34
109
290
312
34
70
9
40
154
238
44
142
70
146
276
259
234
240
105
10
198
187
188
120
269
269
269
269
269
269
269
269
63
263
269
269
269
397
315
242
120
46
234
276
276
398
208
290
133
269
50
92
61
276
92
301
240
70
14
304
230
240
161
70
123
215
212
170
150
157
188
315
71
166
189
8
290
234
284
70
240
230
247
101
64
41
70
316
6
26
137
6
317
263
257
140
335
270
108
154
250
240
273
92
207
70
202
300
112
293
159
371
129
129
159
106
52
159
105
70
34
120
140
154
2
95
304
72
108
73
189
389
230
198
92
140
161
44
317
315
290
26
38
295
230
239
22
193
321
321
321
321
321
158
205
292
49
230
38
159
241
230
89
151
61
154
120
9
251
240
9
335
159
269
276
8
239
154
67
210
52
66
71
92
240
161
106
263
14
290
317
154
78
261
36
263
240
32
12
92
36
120
108
129
92
259
111
70
251
44
70
44
265
95
240
105
161
234
240
335
230
140
82
24
92
108
150
238
193
22
14
39
148
210
240
10
142
72
72
65
37
120
73
239
159
54
9
47
129
67
249
40
256
141
70
26
304
71
120
44
239
140
160
312
159
44
127
4
129
160
44
159
49
259
4
67
98
253
158
22
388
2
140
230
92
210
73
73
108
290
40
255
70
40
31
48
73
9
73
338
243
233
369
95
9
44
34
26
398
115
259
295
335
290
70
230
95
273
114
65
234
20
286
150
240
307
154
154
1
154
154
317
154
44
34
121
72
154
293
304
33
44
44
290
44
48
44
57
40
259
215
9
243
95
120
154
1
307
307
1
1
159
64
44
167
307
166
92
269
64
307
290
154
44
34
240
284
61
142
234
230
78
230
307
48
259
108
120
257
152
214
92
259
64
398
230
335
72
64
70
71
40
132
240
150
234
240
335
310
154
257
239
263
92
70
240
259
318
240
44
371
92
34
279
240
115
259
167
44
71
108
5
96
131
69
230
161
362
378
137
202
160
284
307
239
31
4
37
44
43
155
26
98
76
95
161
244
161
150
5
70
150
244
240
318
236
123
61
331
308
142
37
140
335
92
259
292
70
22
38
335
71
64
320
154
92
240
312
210
44
290
332
255
92
335
95
120
70
284
284
239
120
166
61
161
317
284
284
257
70
150
90
136
70
290
92
253
154
292
230
398
34
92
40
115
70
318
118
44
29
249
163
57
269
335
70
136
136
158
72
240
10
105
290
140
284
136
335
335
230
311
70
94
110
72
157
153
227
157
335
179
54
67
127
71
320
123
327
140
259
67
279
145
161
34
155
41
74
234
157
123
34
44
240
230
141
34
296
80
240
202
38
273
273
24
40
229
70
290
70
333
226
1
154
95
154
127
240
335
318
294
318
230
327
212
335
240
44
38
295
136
49
92
8
284
78
160
284
160
273
141
335
8
40
279
320
92
113
269
140
18
290
54
5
72
5
116
44
92
34
160
70
221
18
160
150
76
92
211
72
92
150
120
148
94
197
233
244
328
95
300
70
290
67
202
61
276
92
65
111
239
329
92
233
198
284
9
64
123
205
335
44
205
140
34
221
221
44
9
160
257
269
240
131
335
294
318
141
142
269
347
72
8
49
320
3
157
114
71
95
190
70
265
414
255
44
71
157
298
29
317
296
317
191
95
335
166
317
32
120
4
325
16
257
259
259
111
167
189
230
335
273
230
131
108
336
114
245
259
317
234
48
92
244
290
67
92
1
230
116
304
34
176
62
5
336
238
116
233
230
234
335
8
37
92
38
109
317
35
158
290
263
233
317
70
150
296
149
13
70
116
239
92
70
347
237
72
70
8
157
157
320
32
293
129
259
240
263
263
108
240
34
263
348
72
72
70
240
336
70
108
123
304
24
137
33
143
8
76
32
233
168
63
48
234
131
40
230
205
92
257
143
92
299
44
76
92
44
120
9
318
279
160
338
150
132
239
336
234
22
356
129
44
92
324
365
70
293
322
150
284
160
245
244
296
229
131
116
230
312
335
72
255
307
335
318
141
84
49
72
123
34
70
23
44
154
230
398
114
170
5
270
44
49
44
84
151
57
167
54
290
238
33
154
131
151
31
141
315
61
369
159
140
69
4
234
92
239
225
405
292
299
290
109
230
170
161
44
159
49
44
240
318
64
210
72
169
92
40
290
44
294
398
314
150
33
106
44
397
173
154
41
290
240
227
159
159
269
40
4
109
59
251
70
276
70
44
259
31
263
240
141
187
34
244
356
317
22
111
239
269
269
263
150
269
120
52
154
61
44
9
141
240
120
167
2
154
259
345
5
120
44
168
233
64
44
52
44
44
190
241
44
44
64
317
140
187
273
307
154
240
141
263
64
317
370
57
356
240
154
290
44
154
154
154
80
46
120
125
263
290
154
290
381
120
263
154
307
369
307
290
120
16
303
154
154
263
290
240
46
154
64
1
154
335
154
1
1
44
234
1
317
1
1
269
154
120
44
257
290
154
367
318
248
290
61
259
276
240
240
1
64
397
70
315
154
154
317
307
367
154
154
290
44
44
240
109
61
140
154
154
230
259
156
154
369
64
101
301
52
44
52
44
154
269
140
317
61
248
59
108
70
57
301
269
161
240
92
269
70
64
263
74
234
92
151
162
117
73
335
73
33
255
108
234
259
233
293
40
154
378
150
123
157
335
367
240
22
67
115
73
240
259
270
290
316
295
159
10
287
92
238
136
9
73
16
230
92
70
247
43
240
64
159
148
49
40
378
148
44
71
136
345
5
71
9
120
159
5
249
238
16
240
335
22
335
22
241
290
373
373
373
44
44
290
276
269
356
73
230
187
136
91
157
139
73
148
230
230
136
296
187
31
269
240
58
335
64
61
91
37
70
92
112
369
269
318
114
381
31
141
240
240
166
347
70
136
337
318
142
240
335
230
159
307
315
276
240
123
304
243
137
221
46
378
263
335
136
397
37
241
167
301
37
160
261
240
157
240
290
257
240
9
24
160
293
239
233
378
240
240
246
136
123
240
44
70
245
240
151
92
359
269
290
10
263
367
239
78
335
257
106
335
314
115
308
205
44
192
70
269
263
44
301
159
120
213
381
143
335
101
120
290
230
381
111
37
213
378
159
108
398
64
8
390
16
389
381
95
318
134
308
233
72
157
151
34
8
304
72
92
317
147
318
226
44
318
244
238
59
44
307
157
78
20
3
70
154
290
240
290
239
381
290
154
154
55
52
61
35
367
140
113
154
72
269
160
14
251
230
141
253
243
44
159
269
269
46
269
381
27
269
46
269
240
290
269
154
232
31
161
35
240
148
52
108
257
306
233
321
321
304
33
64
233
49
240
44
120
154
290
140
44
397
66
92
268
269
381
11
321
321
321
321
321
321
321
321
321
321
321
321
321
321
321
321
321
321
299
167
154
257
299
290
299
61
318
8
110
315
83
302
254
120
230
239
259
142
37
33
262
299
413
140
300
19
317
317
263
143
70
336
131
54
141
369
150
290
44
66
44
92
307
245
259
240
44
227
257
29
120
109
44
61
290
381
381
46
317
