1,125,1.0
1,189,1.0
1,374,1.0
1,95,1.0
1,17,1.0
1,141,1.0
1,392,1.0
1,278,1.0
1,343,1.0
1,364,1.0
1,76,1.0
1,249,1.0
1,380,1.0
1,112,1.0
1,218,1.0
1,137,1.0
1,274,1.0
1,250,1.0
1,335,1.0
1,84,1.0
2,37,1.0
2,22,1.0
2,300,1.0
2,130,1.0
2,261,1.0
2,162,1.0
2,196,1.0
2,190,1.0
2,204,1.0
2,177,1.0
2,45,1.096011921580321
2,136,1.0
2,229,1.0
2,120,1.0
2,27,1.0
2,103,1.0
2,175,1.0
2,87,1.0
2,186,1.0
2,225,1.0
3,115,1.0
3,55,1.0
3,61,1.0
3,393,1.0
3,288,1.0
3,270,1.0
3,324,1.0
3,50,1.0
3,40,1.0
3,217,1.0
3,66,1.0
3,188,1.0
3,294,1.0
3,10,1.0
3,382,1.0
3,385,1.0
3,368,1.0
3,248,1.0
3,287,1.0
3,295,1.0
4,49,1.0
4,98,1.0
4,154,1.0
4,234,1.0
4,167,1.0
4,213,1.0
4,322,1.0
4,276,1.0
4,376,1.0
4,293,1.0
4,387,1.0
4,323,1.0
4,185,1.0
4,170,1.0
4,69,1.0
4,24,1.0
4,337,1.0
4,74,1.0
4,331,1.0
4,237,1.0
5,20,1.0
5,152,1.0
5,262,1.0
5,200,1.0
5,58,1.0
5,365,1.0
5,72,1.0
5,398,1.0
5,11,1.0
5,359,1.0
5,8,1.0
5,281,1.0
5,53,1.0
5,92,1.0
5,267,1.0181848241863327
5,132,1.0
5,75,1.0
5,287,1.0
5,295,1.0
5,248,1.0
6,104,1.4529108136578384
6,102,1.0
6,292,1.0
6,291,1.0
6,46,1.0
6,334,1.0
6,127,2.6329931618554525
6,7,1.0
6,133,1.0
6,14,1.2721655269759087
6,121,1.0
6,345,1.0
6,391,1.0
6,166,1.0
6,351,1.0
6,313,1.0
6,73,1.0
6,297,1.0
6,243,1.0
6,379,1.0
7,127,1.0
7,391,1.0
7,102,1.0
7,334,1.0
7,121,1.0
7,166,1.0
7,292,1.0
7,6,1.0
7,104,1.3698001308168195
7,345,1.0
7,46,1.0
7,291,1.0
7,243,2.333333333333333
7,351,1.0
7,313,1.0
7,73,1.0
7,297,1.0
7,133,1.0
7,14,1.6666666666666665
7,42,1.0
8,359,1.0
8,281,1.0
8,11,1.0
8,398,1.0
8,72,1.0
8,53,1.0
8,365,1.0
8,92,1.0
8,267,1.0
8,75,1.0
8,248,1.0
8,287,1.0
8,295,1.0
8,385,1.0
8,382,1.0
8,10,1.0835511986288713
8,294,1.0
8,188,1.0
8,66,1.0
8,217,1.0
9,176,1.3333333333333333
9,164,1.0
9,320,1.0
9,373,1.0
9,383,1.0
9,77,1.0
9,325,1.0
9,57,1.0
9,360,1.0
9,283,1.0
9,156,1.0
9,362,1.0
9,44,1.0
9,219,1.0
9,252,1.0
9,347,1.0
9,180,1.0
9,331,1.0
9,203,1.0
9,303,1.0
10,294,1.0
10,188,1.0
10,66,1.3235924008452868
10,382,1.0
10,385,1.0
10,217,1.0
10,40,1.0
10,295,1.0
10,287,1.0
10,248,1.0
10,270,1.0
10,393,1.0
10,61,1.0
10,75,1.0
10,324,1.0
10,181,1.0
10,115,1.0
10,3,1.0
10,368,1.0
10,55,1.0
11,359,1.0
11,8,1.0
11,398,1.5773502691896257
11,281,1.0
11,72,1.0
11,365,1.0
11,53,1.3651483716701107
11,92,1.0
11,267,1.0
11,75,1.0
11,248,1.0
11,287,1.0
11,295,1.0
11,385,1.0
11,382,1.0
11,10,1.0
11,294,1.2842676218074807
11,188,1.0
11,66,1.0
11,181,1.0
12,384,1.0
12,303,1.0
12,79,1.0
12,142,1.0
12,290,1.0
12,155,1.0
12,118,1.0
12,91,1.0
12,18,1.0
12,219,1.0
12,180,1.0
12,64,1.0
12,128,1.0
12,158,1.0
12,108,1.0
12,388,3.0
12,339,1.0
12,100,1.0
12,148,2.0
12,360,1.0
13,260,1.0
13,314,1.0
13,198,1.0
13,163,1.0
13,336,1.0
13,333,1.0
13,278,1.0
13,392,1.0
13,17,1.0
13,380,1.0
13,332,1.0
13,354,1.0
13,147,1.0
13,85,1.0
13,249,1.0
13,364,1.0
13,95,1.0
13,189,1.0
13,191,1.0
13,125,1.0
14,133,1.0
14,334,1.0
14,345,1.0
14,46,1.3849001794597506
14,127,1.0
14,291,1.0
14,6,1.2721655269759087
14,102,1.0
14,379,1.0
14,166,1.0
14,292,1.0
14,104,1.4622501635210243
14,7,1.6666666666666665
14,395,1.0
14,42,1.0
14,391,1.1360827634879542
14,121,1.0
14,243,1.6666666666666665
14,351,1.0
14,313,1.0
15,134,1.0
15,28,1.0
15,280,1.0
15,246,3.0
15,145,2.414213562373095
15,371,1.0
15,390,1.0
15,195,3.0
15,84,2.414213562373095
15,124,1.0
15,335,1.0
15,250,1.0
15,265,1.0
15,218,1.0
15,274,1.0
15,227,1.0
15,137,1.0
15,279,1.0
15,76,2.1547005383792515
15,343,1.0
16,244,1.0
16,110,1.9999999999999998
16,318,1.0
16,169,1.0
16,194,1.0
16,302,1.0
16,187,1.0
16,23,1.0
16,221,1.0
16,214,1.0
16,396,1.0
16,174,1.0
16,186,1.0
16,87,1.0
16,175,1.0
16,321,1.0
16,103,1.0
16,229,1.0
16,120,1.0
16,136,1.0
17,278,1.0
17,392,1.0
17,380,1.0
17,189,1.0
17,95,1.0
17,364,1.0
17,125,1.0
17,1,1.0
17,249,1.0
17,333,1.0
17,374,1.0
17,198,1.0
17,13,1.0
17,141,1.0
17,343,1.0
17,76,1.0
17,112,1.0
17,117,1.0
17,137,1.0
17,314,1.0
18,155,1.0
18,118,1.0
18,91,1.6647029903343875
18,148,1.0
18,384,1.0
18,79,1.0
18,12,1.0
18,303,1.0
18,180,1.0
18,219,1.0
18,290,1.0
18,377,1.0
18,108,1.0
18,305,1.0
18,328,1.0
18,142,1.0
18,100,1.0
18,263,1.0
18,156,1.0
18,64,1.0
19,165,2.414213562373095
19,341,1.0
19,31,1.0
19,366,1.0
19,106,1.0
19,86,1.0
19,342,1.0
19,339,1.0
19,338,1.0
19,183,1.0
19,146,1.0
19,257,1.0
19,159,1.0
19,388,1.0
19,128,1.0
19,64,1.0
19,158,1.0
19,243,1.0
19,42,1.0
19,166,1.0
20,5,1.0
20,132,1.0
20,365,1.0
20,72,1.0
20,11,1.0
20,398,1.0
20,359,1.0
20,281,1.0
20,8,1.0
20,53,1.0
20,152,1.0
20,267,1.0
20,92,1.0
20,262,1.0
20,200,1.0
20,75,1.0
20,295,1.0
20,287,1.0
20,248,1.0
20,58,1.0
21,355,1.0
21,273,1.0
21,258,1.0
21,358,1.0
21,223,1.0
21,107,1.0
21,29,1.0
21,347,1.0
21,284,1.0
21,386,1.0
21,216,1.0
21,269,1.0
21,289,1.0
21,317,1.0
21,327,1.0
21,44,1.0
21,77,1.0
21,156,1.0
21,373,1.0
21,320,1.0
22,300,1.0
22,2,1.0
22,261,1.0
22,162,1.0
22,37,1.0
22,130,1.0
22,196,1.0
22,204,1.0
22,190,1.0
22,177,1.0
22,45,1.0
22,136,1.0
22,27,1.0
22,120,1.0
22,229,1.0
22,103,1.0
22,175,1.0
22,87,1.0
22,225,1.0
22,186,1.0
23,187,1.0
23,214,1.0
23,221,1.0
23,318,1.0
23,244,1.0
23,16,1.0
23,302,1.0
23,110,1.0
23,194,1.0
23,169,1.0
23,174,1.0
23,186,1.0
23,396,1.0
23,87,1.0
23,321,1.0
23,175,1.0
23,178,1.0
23,103,1.0
23,197,1.0
23,212,1.0
24,170,1.0
24,185,1.0
24,276,1.0
24,213,1.0
24,376,1.0
24,323,1.0
24,167,1.0
24,154,1.0
24,4,1.0
24,98,1.0
24,49,1.0
24,322,1.0
24,234,1.0
24,69,1.0
24,387,1.0
24,293,1.0
24,286,1.0
24,85,1.0
24,191,1.0
24,74,1.0
25,367,1.0
25,48,1.0
25,329,1.0
25,47,1.0
25,247,1.0
25,202,1.0
25,117,1.0
25,201,1.0
25,259,1.0
25,271,1.0
25,160,1.0
25,67,1.0
25,311,1.0
25,279,1.0
25,112,1.0
25,227,1.0
25,265,1.0
25,137,1.0
25,76,1.0
25,343,1.0
26,114,1.0
26,348,1.0
26,60,1.0
26,205,1.0
26,215,1.0
26,242,1.0
26,129,1.0
26,232,1.0
26,35,1.0
26,299,1.0
26,357,1.0
26,179,1.0
26,225,1.0
26,122,1.0
26,306,1.0
26,301,1.0
26,88,1.0
26,266,1.0
26,309,1.0
26,27,1.0
27,204,1.0
27,196,1.0
27,225,1.0
27,232,1.0
27,205,1.0
27,35,1.0
27,22,1.0
27,2,1.0
27,215,1.0
27,300,1.0
27,26,1.0
27,114,1.0
27,348,1.0
27,242,1.0
27,162,1.0
27,37,1.0
27,261,1.0
27,60,1.0
27,129,1.0
27,130,1.0
28,280,1.0
28,246,1.0
28,15,1.0
28,390,1.0
28,145,1.0
28,195,1.0
28,371,1.0
28,134,1.0
28,124,1.0
28,84,1.0
28,335,1.0
28,250,1.0
28,218,1.0
28,274,1.0
28,265,1.0
28,227,1.0
28,137,1.0
28,279,1.0
28,76,1.0
28,343,1.0
29,107,1.0
29,358,1.0
29,284,1.0
29,269,1.8944271909999157
29,289,1.0
29,355,1.0
29,216,1.0
29,21,1.0
29,386,1.0
29,317,1.0
29,273,1.0
29,327,1.0
29,258,1.0
29,223,1.0
29,347,1.0
29,296,1.0
29,363,1.0
29,182,1.0
29,96,1.0
29,90,2.697056274847714
30,239,2.533929977694741
30,226,1.0
30,93,1.0
30,78,1.9701425001453319
30,116,1.3429971702850176
30,33,1.0
30,330,1.0
30,319,1.0
30,62,1.0
30,389,2.4552137502179976
30,111,1.3960590171906697
30,231,1.0
30,224,1.0
30,109,1.0
30,89,1.0
30,394,1.0
30,94,1.0
30,241,1.0
30,277,1.0
30,315,2.4552137502179976
31,341,2.2344267996967355
31,106,1.3086066999241839
31,86,2.210455065337605
31,19,1.0
31,165,1.0
31,342,1.0
31,366,1.0
31,183,1.3086066999241839
31,257,2.2344267996967355
31,339,1.0
31,146,1.0
31,159,1.2519763153394847
31,388,1.0
31,128,1.0
31,64,1.0
31,158,1.3086066999241839
31,243,1.0
31,42,1.7126966450997982
31,166,1.0
31,379,1.0
32,197,1.0
32,282,1.0
32,340,1.0
32,369,1.0
32,38,1.0
32,321,1.0
32,178,1.0
32,214,1.0
32,254,1.0
32,23,1.0
32,187,1.0
32,212,1.0
32,318,1.0
32,244,1.0
32,221,1.0
32,310,1.0
32,16,1.0
32,245,1.0
32,233,1.0
32,83,1.0
33,330,1.0
33,93,1.0
33,319,1.0
33,226,1.0
33,116,1.0
33,239,1.0
33,30,1.0
33,111,1.0
33,78,1.0
33,62,1.0
33,389,1.0
33,394,1.0
33,109,1.0
33,89,1.0
33,231,1.0
33,94,1.0
33,224,1.0
33,241,1.0
33,277,1.0
33,315,1.0
34,43,1.0
34,59,1.0
34,378,1.0
34,308,1.0
34,208,1.0
34,65,1.0
34,264,1.0
34,251,1.0
34,63,1.0
34,68,1.0
34,71,1.0
34,255,1.0
34,41,1.0
34,39,2.1488539158071056
34,361,1.0
34,285,1.0
34,307,1.0
34,349,1.0
34,119,1.0
34,241,1.0
35,232,1.0
35,215,2.897366596101027
35,205,1.0
35,242,2.8973665961010275
35,26,1.0
35,60,1.0
35,114,1.0
35,348,1.0
35,179,2.341640786499874
35,225,1.0
35,299,2.897366596101027
35,129,2.6561573424216505
35,357,1.0
35,306,2.8973665961010275
35,88,1.0
35,301,2.860521018838127
35,266,2.8843618739857657
35,122,1.203419051086243
35,309,1.0
35,27,1.0
36,171,1.0
36,312,1.0
36,172,1.0
36,375,1.0
36,81,1.5163977794943222
36,256,1.0
36,54,1.0
36,372,1.5103103630798287
36,206,1.0
36,126,1.258198889747161
36,268,1.0
36,352,1.0
36,236,1.0
36,83,1.0
36,381,1.0
36,245,1.0
36,233,1.1825741858350554
36,310,1.2182178902359924
36,238,1.0
36,254,1.0
37,130,1.0
37,2,1.0
37,300,1.0
37,22,1.0
37,261,1.0
37,162,1.0
37,190,1.0
37,177,1.0
37,45,1.0
37,196,1.0
37,136,1.0
37,229,1.0
37,120,1.0
37,204,1.0
37,103,1.0
37,175,1.0
37,27,1.0
37,87,1.0
37,186,1.0
37,174,1.0
38,282,2.885618083164127
38,340,1.0
38,369,1.0
38,32,1.0
38,197,1.0
38,254,1.0
38,310,1.0
38,245,1.0
38,83,1.0
38,233,1.0
38,236,1.0
38,268,1.0
38,126,1.8432740427115677
38,321,1.0
38,206,1.0
38,352,1.0
38,372,1.0
38,54,1.0
38,381,1.0
38,256,1.0
39,41,1.0
39,71,1.0
39,255,1.0
39,285,1.0
39,361,1.0
39,63,1.0
39,251,1.0
39,208,1.0
39,308,1.0
39,59,1.0
39,34,2.1488539158071056
39,43,1.0
39,349,1.0
39,378,1.0
39,241,1.0
39,94,1.0
39,89,1.4714045207910318
39,109,1.0
39,231,1.0
39,224,1.8164965809277258
40,270,1.0
40,324,1.0
40,393,1.0
40,61,1.0
40,115,1.0
40,3,1.0
40,217,1.0
40,55,1.0
40,288,1.0
40,50,1.0
40,66,1.0
40,188,1.0
40,294,1.0
40,10,1.0
40,382,1.0
40,385,1.0
40,368,1.0
40,248,1.0
40,287,1.0
40,295,1.0
41,255,1.0
41,39,1.0
41,71,1.0
41,285,1.0
41,361,1.0
41,63,1.0
41,251,1.0
41,208,1.0
41,308,1.0
41,59,1.0
41,34,1.0
41,43,1.0
41,349,1.0
41,378,1.0
41,241,1.0
41,94,1.0
41,89,1.0
41,109,1.0
41,394,1.0
41,231,1.0
42,379,1.0
42,395,1.0
42,345,1.0
42,166,1.0
42,133,1.0
42,14,1.0
42,159,1.0
42,127,1.0
42,183,1.0
42,334,1.0
42,257,1.0
42,7,1.0
42,243,1.0
42,46,1.0
42,391,1.0
42,291,1.0
42,102,1.0
42,6,1.0
42,292,1.0
42,146,1.0
43,34,1.0
43,378,1.0
43,59,1.0
43,308,1.0
43,264,1.0
43,65,1.0
43,208,1.0
43,251,1.0
43,68,1.0
43,63,1.0
43,71,1.0
43,41,1.0
43,255,1.0
43,39,1.0
43,361,1.0
43,285,1.0
43,307,1.0
43,349,1.0
43,119,1.0
43,241,1.0
44,252,1.0
44,362,1.0
44,203,1.0
44,383,1.0
44,373,1.0
44,77,1.0
44,320,1.0
44,176,1.0
44,164,1.0
44,283,1.0
44,9,1.0
44,57,1.0
44,360,1.0
44,325,1.0
44,156,1.0
44,347,1.0
44,223,1.0
44,331,1.0
44,258,1.0
44,74,1.0
45,136,1.0
45,120,1.0
45,177,1.0
45,190,1.0
45,229,1.0
45,103,1.0
45,175,1.0
45,87,1.0
45,130,1.0
45,261,1.0
45,37,1.0
45,162,1.0
45,186,1.0
45,300,1.0
45,174,1.0
45,2,1.096011921580321
45,22,1.0
45,338,1.0
45,196,1.0
45,204,1.0
46,291,1.0
46,6,1.0
46,102,1.0
46,334,1.0
46,104,1.0
46,292,1.0
46,127,1.0
46,133,1.0
46,14,1.3849001794597506
46,7,1.0
46,345,1.0
46,166,1.0
46,121,1.0
46,391,1.4714045207910318
46,351,1.0
46,313,1.0
46,73,1.8164965809277258
46,379,1.0
46,297,1.0
46,243,1.0
47,247,2.9071653302682834
47,367,1.0
47,271,1.100377122645699
47,259,1.0
47,201,1.0
47,329,1.0
47,202,1.0
47,25,1.0
47,48,1.1505656839685487
47,117,1.0
47,67,1.0
47,311,1.0
47,160,1.0
47,279,1.0
47,199,1.0
47,131,1.0
47,112,1.0
47,227,1.0
47,265,1.0
47,137,1.0
48,329,1.0
48,25,1.0
48,202,1.0
48,367,1.0
48,47,1.1505656839685487
48,247,1.0
48,201,1.0
48,271,1.0
48,117,1.0
48,259,1.0
48,160,1.0
48,279,1.0
48,112,1.0
48,227,1.0
48,67,1.0
48,311,1.0
48,265,1.0
48,137,1.0
48,124,1.0
48,76,1.0
49,98,1.7559289460184544
49,4,1.0
49,154,1.7559289460184544
49,234,1.0
49,167,1.0
49,213,1.0
49,322,1.0
49,276,1.0
49,376,1.0
49,293,1.676123403782813
49,387,1.7559289460184544
49,323,1.0
49,185,1.0
49,170,1.0
49,69,1.0
49,24,1.0
49,337,1.0
49,74,1.0
49,331,1.0
49,237,1.0
50,288,1.0
50,55,1.0
50,3,1.0
50,115,1.0
50,61,1.0
50,393,1.0
50,270,1.0
50,324,1.0
50,40,1.0
50,217,1.0
50,66,1.0
50,188,1.0
50,294,1.1931218198341071
50,10,1.0
50,382,1.0
50,385,1.0
50,368,1.0
50,248,1.0
50,295,1.0
50,287,1.0
51,346,1.0
51,139,1.0
51,70,1.0
51,153,1.0
51,58,1.0
51,152,1.0
51,370,1.0
51,200,1.0
51,262,1.0
51,140,1.0
51,5,1.0
51,20,1.0
51,240,1.0
51,365,1.0
51,72,1.0
51,398,1.0
51,11,1.0
51,253,1.0
51,359,1.0
51,8,1.0
52,173,1.0
52,356,1.0
52,272,1.0
52,238,1.0
52,36,1.0
52,171,1.0
52,172,1.0
52,375,1.0
52,312,1.0
52,81,1.0
52,256,1.0
52,54,1.0
52,206,1.0
52,372,1.0
52,126,1.0
52,352,1.0
52,236,1.0
52,268,1.0
52,381,1.0
52,83,1.0
53,92,1.0
53,267,1.0
53,281,1.0
53,8,1.0
53,359,1.0
53,75,1.0
53,11,1.3651483716701107
53,248,1.0
53,287,1.0
53,398,1.632455532033676
53,295,1.0
53,72,1.0
53,365,1.0
53,385,1.0
53,382,1.0
53,10,1.0
53,294,1.1556997888323046
53,188,1.0
53,66,1.2
53,217,1.0
54,256,1.0
54,206,1.0
54,236,1.0
54,81,1.0
54,126,1.0
54,233,1.0
54,83,2.414213562373095
54,310,1.0
54,245,1.0
54,375,1.0
54,268,1.0
54,172,1.0
54,312,2.414213562373095
54,372,1.0
54,36,1.0
54,171,1.0
54,352,1.0
54,254,1.0
54,381,1.0
54,238,1.0
55,288,1.0
55,3,1.0
55,115,1.0
55,50,1.0
55,61,1.0
55,393,1.0
55,270,1.0
55,324,1.0
55,40,1.0
55,217,1.0
55,66,1.258198889747161
55,188,1.0
55,294,1.0
55,10,1.0
55,382,1.0
55,385,1.0
55,368,1.0
55,248,1.0
55,287,1.0
55,295,1.0
56,184,1.0
56,181,1.0
56,368,1.0
56,132,1.0
56,10,1.0
56,294,1.0
56,295,1.0
56,385,1.0
56,188,1.0
56,382,1.0
56,66,1.0
56,287,1.0
56,248,1.0
56,217,1.0
56,75,1.0
56,267,1.0
56,92,1.0
56,53,1.0
56,40,1.0
56,61,1.0
57,325,1.0
57,360,1.0
57,164,1.0
57,176,1.0
57,9,1.0
57,320,1.0
57,156,1.2324952774876385
57,77,1.0
57,373,1.0
57,383,1.0
57,283,1.0
57,219,1.0
57,180,1.0
57,362,1.0
57,347,1.0
57,44,1.0
57,252,1.0
57,303,1.0
57,79,1.0
57,331,1.0
58,152,1.0
58,5,1.0
58,346,1.0
58,200,1.0
58,262,1.0
58,51,1.0
58,20,1.0
58,139,1.0
58,240,1.0
58,230,1.0
58,365,1.0
58,253,1.0
58,72,1.0
58,398,1.0
58,11,1.0
58,359,1.0
58,8,1.0
58,281,1.0
58,53,1.0
58,70,1.0
59,34,1.0
59,308,1.0
59,43,1.0
59,208,1.0
59,378,1.0
59,251,1.0
59,63,1.0
59,65,1.0
59,264,1.0
59,71,1.0
59,68,1.0
59,41,1.0
59,255,1.0
59,39,1.0
59,361,1.0
59,285,1.0
59,307,1.0
59,349,1.0
59,241,1.0
59,94,1.0
60,114,1.0
60,26,1.0
60,348,1.0
60,242,1.0
60,299,1.0
60,215,1.0
60,179,1.0
60,357,1.0
60,129,1.0
60,205,1.0
60,35,1.0
60,232,1.0
60,306,1.0
60,88,1.0
60,266,1.0
60,122,1.0
60,225,1.0
60,301,1.0
60,309,1.0
60,235,1.0
61,393,1.0
61,270,1.0
61,115,1.0
61,3,1.0
61,324,1.0
61,55,1.0
61,40,1.0
61,288,1.0
61,50,1.0
61,217,1.0
61,66,1.0
61,188,1.0
61,294,1.0
61,10,1.0
61,382,1.0
61,385,1.0
61,368,1.0
61,248,1.0
61,287,1.0
61,295,1.0
62,389,1.0
62,224,1.0
62,231,1.0
62,89,1.0
62,78,1.0
62,109,1.0
62,330,1.0
62,33,1.0
62,239,1.0
62,93,1.0
62,94,1.0
62,394,1.0
62,30,1.0
62,226,1.0
62,319,1.0
62,241,1.0
62,116,1.0
62,111,1.0
62,277,2.414213562373095
62,143,1.0
63,251,1.0
63,208,1.0
63,71,1.0
63,59,1.0
63,308,1.0
63,41,1.0
63,255,1.0
63,39,1.0
63,34,1.0
63,43,1.0
63,378,1.0
63,361,2.9188064472004935
63,285,2.9188064472004935
63,65,1.0
63,264,2.918806447200494
63,68,2.9188064472004935
63,349,1.0
63,307,1.0
63,241,1.0
63,94,1.1507556722888819
64,128,1.0
64,158,1.0
64,388,1.0
64,339,1.0
64,257,1.0
64,86,1.0
64,159,1.0
64,106,1.0
64,342,1.0
64,183,1.0
64,395,1.0
64,42,1.0
64,379,1.0
64,345,1.0
64,166,1.0
64,133,1.0
64,14,1.1924500897298753
64,146,1.0
64,31,1.0
64,341,1.0
65,264,1.0
65,378,1.0
65,68,1.0
65,43,1.0
65,34,1.0
65,59,1.0
65,308,1.0
65,208,1.0
65,251,1.0
65,63,1.0
65,71,1.0
65,255,1.0
65,41,1.0
65,39,1.0
65,361,1.0
65,307,1.0
65,285,1.0
65,119,1.0
65,349,1.0
65,241,1.0
66,188,1.0
66,294,1.0
66,217,1.0
66,10,1.3235924008452868
66,382,1.0
66,385,1.0
66,40,1.0
66,270,1.0
66,324,1.0
66,393,1.0
66,61,1.0
66,115,1.0
66,3,1.0
66,55,1.258198889747161
66,295,1.0
66,248,1.0
66,287,1.0
66,288,1.1825741858350554
66,75,1.0
66,50,1.0
67,311,1.0
67,199,1.0
67,131,1.0
67,259,1.0
67,271,1.0
67,47,1.0
67,247,1.0
67,367,1.0
67,201,1.0
67,25,1.0
67,117,1.0
67,329,1.0
67,202,1.0
67,48,1.0
67,298,1.0
67,160,1.0
67,249,1.0
67,279,1.0
67,112,1.0
67,333,1.0
68,264,3.0
68,65,1.0
68,378,1.0
68,43,1.0
68,34,1.0
68,59,1.0
68,308,1.0
68,208,1.0
68,251,1.0
68,63,2.9188064472004935
68,71,1.0
68,41,1.0
68,255,1.0
68,39,1.0
68,361,3.0
68,285,3.0
68,307,1.0
68,119,1.0
68,349,1.0
68,241,1.0
69,322,1.0
69,387,1.0
69,293,1.0
69,74,1.0
69,376,1.0
69,213,1.0
69,234,1.0
69,276,1.0
69,98,1.0
69,49,1.0
69,154,1.0
69,4,1.0
69,167,1.0
69,170,1.0
69,185,1.0
69,323,1.0
69,24,1.0
69,331,1.0
69,337,1.0
69,362,1.0
70,153,1.0
70,140,1.0
70,139,1.0
70,51,1.0
70,346,1.0
70,370,1.0
70,58,1.0
70,152,1.0
70,272,1.0
70,200,1.0
70,262,1.0
70,238,1.0
70,240,1.8944271909999157
70,5,1.0
70,253,1.0
70,230,1.0
70,20,1.0
70,233,1.0
70,54,1.0
70,81,1.0
71,41,1.0
71,255,1.0
71,39,1.0
71,63,1.0
71,361,1.0
71,285,1.0
71,251,1.0
71,208,1.0
71,308,1.0
71,59,1.0
71,34,1.0
71,43,1.0
71,378,1.0
71,349,1.0
71,241,1.0
71,94,1.0
71,65,1.0
71,89,1.0
71,109,1.0
71,264,1.0
72,398,1.0
72,365,1.0
72,11,1.0
72,359,1.0
72,8,1.0
72,281,1.0
72,53,1.0
72,92,1.0
72,267,1.0
72,75,1.0
72,248,1.0
72,287,1.0
72,295,1.0
72,385,1.0
72,382,1.0
72,10,1.0
72,294,1.0
72,188,1.0
72,66,1.4472135954999579
72,262,1.0
73,313,1.0
73,351,1.0
73,297,1.0
73,121,1.0
73,391,1.0
73,243,1.0
73,7,1.0
73,127,1.0
73,292,1.0
73,102,1.0
73,166,1.0
73,104,1.0
73,6,1.0
73,334,1.0
73,291,1.0
73,46,1.8164965809277258
73,345,1.0
73,146,1.0
73,133,1.0
73,14,1.0
74,69,1.0
74,387,1.0
74,293,1.0
74,322,1.0
74,376,1.0
74,234,1.0
74,213,1.0
74,98,1.0
74,49,1.0
74,276,1.0
74,4,1.0
74,154,1.0
74,167,1.0
74,170,1.0
74,185,1.0
74,331,1.0
74,323,1.0
74,337,1.0
74,24,1.0
74,362,1.0
75,248,1.0
75,287,1.0
75,295,1.0
75,267,1.0
75,92,1.0
75,53,1.0
75,281,1.0
75,8,1.0
75,359,1.0
75,11,1.0
75,385,1.0
75,398,1.0
75,382,1.0
75,72,1.0
75,365,1.0
75,10,1.0
75,294,1.0
75,188,1.0
75,66,1.0
75,217,1.0
76,343,1.0
76,141,1.0
76,137,1.0
76,274,1.0
76,218,1.0
76,112,1.0
76,250,1.0
76,335,1.0
76,84,1.8164965809277258
76,195,2.1547005383792515
76,145,1.8164965809277258
76,124,1.0
76,390,1.0
76,246,2.1547005383792515
76,371,1.0
76,227,1.0
76,28,1.0
76,160,1.0
76,265,1.0
76,280,1.8728715609439694
77,373,1.0
77,320,1.0
77,164,1.0
77,176,1.0
77,383,1.0
77,9,1.0
77,57,1.0
77,325,1.0
77,360,1.0
77,283,1.0
77,156,1.0
77,44,1.0
77,362,1.0
77,252,1.0
77,219,1.0
77,347,1.0
77,180,1.0
77,203,1.0
77,331,1.0
77,303,1.0
78,239,1.0
78,30,1.9701425001453319
78,226,1.0
78,93,1.0
78,389,1.0
78,62,1.0
78,330,1.0
78,33,1.0
78,116,1.0
78,319,1.0
78,224,1.0
78,231,1.0
78,89,1.0
78,109,1.0
78,111,1.0
78,394,1.0
78,94,1.0
78,241,1.0
78,277,1.0
78,143,1.0
79,303,1.0
79,384,1.0
79,91,1.0
79,12,1.0
79,180,1.0
79,219,1.0
79,155,1.0
79,18,1.0
79,118,1.0
79,142,1.0
79,156,1.0
79,57,1.0
79,325,1.0
79,360,1.0
79,164,1.0
79,9,1.0
79,176,1.0
79,320,1.0
79,290,1.0
79,77,1.0
80,151,1.0
80,82,1.0
80,97,1.0
80,135,1.0
80,168,1.0
80,192,1.0
80,193,2.414213562373095
80,297,1.0
80,73,1.0
80,313,1.0
80,351,1.0
80,121,1.0
80,366,1.0
80,391,1.0
80,243,1.0
80,222,1.0
80,146,1.0
80,7,1.0
80,292,1.0
80,104,1.0
81,256,1.0
81,54,1.0
81,375,1.0
81,172,1.0
81,206,1.0
81,236,1.0
81,126,1.7999999999999998
81,83,1.0
81,312,1.0
81,233,1.5656854249492378
81,268,1.0
81,245,1.0
81,310,1.676123403782813
81,36,1.5163977794943222
81,171,1.0
81,372,2.7392527130926085
81,352,1.0
81,381,1.0
81,254,1.0
81,238,1.0
82,97,1.0
82,135,1.0
82,168,1.0
82,192,1.0
82,80,1.0
82,151,1.0
82,193,1.0
82,222,1.0
82,297,1.0
82,366,1.0
82,73,1.0
82,313,1.0
82,351,1.0
82,121,1.0
82,397,1.0
82,350,1.0
82,207,1.0
82,391,1.0
82,243,1.0
82,146,1.0
83,245,1.0
83,126,1.0
83,268,1.0
83,236,1.0
83,206,1.0
83,310,1.0
83,256,1.0
83,54,2.414213562373095
83,233,1.0
83,372,1.0
83,81,1.0
83,254,1.0
83,352,1.0
83,375,1.0
83,381,1.0
83,312,1.0
83,172,1.0
83,171,1.0
83,36,1.0
83,38,1.0
84,145,1.9999999999999998
84,195,2.414213562373095
84,250,1.0
84,335,1.0
84,218,1.0
84,274,1.0
84,390,1.632455532033676
84,124,1.0
84,246,2.414213562373095
84,28,1.0
84,137,1.0
84,280,1.0
84,371,1.0
84,76,1.8164965809277258
84,15,2.414213562373095
84,343,1.0
84,265,1.0
84,134,1.0
84,227,1.0
84,141,1.0
85,147,1.0
85,332,1.0
85,354,1.0
85,336,1.0
85,191,1.0
85,286,1.0
85,24,1.0
85,163,1.0
85,260,1.0
85,170,1.0
85,185,1.0
85,314,1.0
85,13,1.0
85,276,1.0
85,323,1.0
85,213,1.0
85,167,1.0
85,376,1.0
85,198,1.0
85,154,1.0
86,106,1.0
86,342,1.0
86,257,1.0
86,159,1.0
86,183,1.0
86,339,1.0
86,388,1.0
86,146,1.0
86,31,2.210455065337605
86,158,1.0
86,341,2.9611613513818407
86,128,1.0
86,42,2.132277034144596
86,366,1.0
86,64,1.0
86,379,1.0
86,395,1.0
86,166,1.0
86,243,1.0
86,345,1.0
87,186,1.0
87,175,1.0
87,174,1.0
87,103,1.0
87,229,1.0
87,120,1.0
87,136,1.0
87,45,1.0
87,177,1.0
87,190,1.0
87,130,1.0
87,37,1.0
87,261,1.0
87,162,1.0
87,300,1.0
87,2,1.0
87,22,1.0
87,302,1.0
87,194,1.0
87,169,1.0
88,306,1.0
88,266,1.0
88,299,1.0
88,357,1.0
88,309,1.0
88,179,1.9999999999999998
88,60,1.0
88,242,1.0
88,348,1.0
88,114,1.0
88,26,1.0
88,129,1.6172133998483678
88,215,1.0
88,122,1.0
88,35,1.0
88,232,1.0
88,205,2.414213562373095
88,235,1.0
88,301,1.0
88,225,1.0
89,109,1.0
89,231,1.0
89,94,1.0
89,394,1.0
89,224,1.0
89,241,1.0
89,62,1.0
89,389,1.0
89,330,1.0
89,319,1.0
89,33,1.0
89,93,1.0
89,78,1.0
89,226,1.0
89,111,1.0
89,239,1.0
89,30,1.0
89,116,1.0
89,285,1.0
89,361,1.0
90,96,1.0
90,182,1.0
90,327,1.0
90,317,1.0
90,216,1.0
90,386,1.0
90,284,1.0
90,29,2.697056274847714
90,289,1.0
90,269,1.0
90,107,1.0
90,358,1.0
90,355,1.0
90,273,1.0
90,21,1.0
90,258,1.0
90,223,1.0
90,347,1.0
90,203,1.0
90,44,1.0
91,18,1.6647029903343875
91,155,1.0
91,118,1.0
91,79,1.0
91,303,1.0
91,384,1.0
91,148,1.0
91,12,1.0
91,180,1.0
91,219,1.0
91,142,1.0
91,156,1.0
91,290,1.0
91,57,1.0
91,325,1.0
91,360,1.0
91,108,1.0
91,320,1.0
91,164,1.0
91,176,1.0
92,267,1.0
92,53,1.0
92,75,1.0
92,248,1.0
92,287,1.0
92,295,1.0
92,281,1.0
92,8,1.0
92,359,1.0
92,11,1.0
92,398,1.0
92,72,1.0
92,365,1.0
92,385,1.0
92,382,1.0
92,10,1.0
92,294,1.0
92,188,1.0
92,66,1.0
92,217,1.0
93,226,1.0
93,33,1.0
93,30,1.0
93,239,1.0
93,330,1.0
93,116,1.0
93,319,1.0
93,78,1.0
93,111,1.0
93,62,1.0
93,389,1.0
93,231,1.0
93,394,1.0
93,109,1.0
93,89,1.0
93,224,1.0
93,94,1.0
93,241,1.0
93,277,1.0
93,315,1.0
94,394,1.0
94,109,1.0
94,241,1.0
94,89,1.0
94,231,1.0
94,224,1.0
94,62,1.0
94,319,1.0
94,330,1.0
94,389,1.0
94,33,1.0
94,111,1.0
94,93,1.0
94,226,1.0
94,78,1.0
94,239,1.0
94,30,1.0
94,116,1.0
94,285,1.0
94,361,1.0
95,189,1.0
95,364,1.0
95,125,1.0
95,1,1.0
95,380,1.0
95,17,1.0
95,278,1.0
95,392,1.0
95,374,1.0
95,249,1.0
95,141,1.0
95,333,1.0
95,343,1.0
95,76,1.0
95,112,1.0
95,218,1.0
95,137,1.0
95,274,1.0
95,250,1.0
95,84,1.0
96,90,1.0
96,182,1.0
96,327,1.0
96,317,1.0
96,216,1.0
96,386,1.0
96,284,1.0
96,29,1.0
96,107,1.0
96,289,1.0
96,269,1.0
96,355,1.0
96,358,1.0
96,273,1.0
96,21,1.0
96,258,1.0
96,223,1.0
96,347,1.0
96,203,1.0
96,44,1.0
97,82,1.0
97,135,1.0
97,168,1.0
97,192,1.0
97,80,1.0
97,151,1.0
97,193,1.0
97,222,1.0
97,297,1.0
97,366,1.0
97,73,1.0
97,313,1.0
97,351,1.0
97,121,1.0
97,397,1.0
97,350,1.0
97,207,1.0
97,391,1.0
97,243,1.0
97,146,1.0
98,49,1.7559289460184544
98,4,1.0
98,154,3.0
98,234,1.0
98,167,1.0
98,322,1.0
98,213,1.0
98,276,1.0
98,376,1.0
98,293,1.0
98,387,1.0
98,323,1.0
98,185,1.0
98,170,1.0
98,69,1.0
98,24,1.0
98,337,1.0
98,74,1.0
98,331,1.0
98,237,1.0
99,228,1.0
99,363,1.0
99,296,1.0
99,148,1.0
99,18,1.0
99,91,1.0
99,377,1.0
99,155,1.0
99,118,1.0
99,328,1.0
99,210,1.0
99,180,1.0
99,161,1.0
99,79,1.0
99,275,1.0
99,305,1.0
99,149,1.0
99,219,1.0
99,384,1.0
99,303,1.0
100,108,2.2344267996967355
100,263,2.414213562373095
100,305,1.0
100,133,1.0
100,14,1.4714045207910316
100,46,1.0
100,291,1.0
100,395,1.0
100,334,1.0
100,6,1.0
100,104,1.0
100,102,1.0
100,292,1.0
100,379,1.0
100,345,1.0
100,127,1.0
100,42,1.0
100,7,1.0
100,166,1.0
100,121,1.0
101,113,1.0
101,326,1.0
101,353,1.0
101,149,1.0
101,161,1.0
101,275,1.0
101,157,1.0
101,316,1.0
101,105,1.0
101,138,1.0
101,211,1.0
101,328,1.0
101,377,1.0
101,210,1.0
101,349,1.0
101,305,1.0
101,263,1.0
101,100,1.0
101,108,1.0
101,251,1.0
102,292,1.0
102,6,1.0
102,104,1.0
102,291,1.0
102,46,1.0
102,334,1.0
102,7,1.0
102,127,1.0
102,133,1.0
102,14,1.0
102,121,1.0
102,391,1.0
102,345,1.0
102,166,1.0
102,351,1.0
102,313,1.0
102,73,1.0
102,297,1.0
102,243,1.0
102,379,1.0
103,229,1.8164965809277263
103,175,1.0
103,120,1.0
103,136,1.0
103,45,1.0
103,87,1.0
103,177,2.414213562373095
103,190,1.0
103,186,1.0
103,174,1.0
103,130,1.0
103,37,1.0
103,261,1.0
103,162,1.0
103,300,1.0
103,2,1.0
103,22,1.0
103,338,1.0
103,196,1.0
103,204,1.0
104,6,1.4529108136578384
104,292,1.3202563076101743
104,102,1.0
104,291,1.0
104,46,1.0
104,334,1.0
104,7,1.3698001308168195
104,127,1.5547001962252291
104,133,1.0
104,14,1.4622501635210243
104,121,1.5547001962252291
104,391,1.0
104,345,1.0
104,166,1.0
104,351,1.0
104,313,1.0
104,73,1.0
104,297,1.0
104,243,1.0
104,379,1.0
105,353,1.2041241452319316
105,149,1.0
105,113,1.0
105,101,1.0
105,326,1.0
105,161,1.0
105,275,1.0
105,210,1.0
105,157,1.0
105,316,1.0
105,138,1.0
105,211,1.0
105,328,1.0
105,377,1.0
105,349,1.0
105,305,1.0
105,99,1.0
105,263,1.0
105,148,1.0
105,251,1.0
106,342,1.0
106,86,1.0
106,183,3.0
106,257,1.0
106,159,1.0
106,146,1.0
106,339,1.0
106,388,1.0
106,31,1.3086066999241839
106,366,1.0
106,341,1.0
106,42,1.0
106,379,1.0
106,243,1.0
106,158,1.0
106,166,1.0
106,395,1.0
106,345,1.0
106,128,1.0
106,64,1.0
107,29,1.0
107,358,1.0
107,284,1.0
107,269,1.0
107,289,1.0
107,355,1.0
107,216,1.0
107,21,1.0
107,386,1.0
107,317,1.0
107,273,1.0
107,327,1.0
107,258,1.0
107,223,1.4264014327112209
107,347,1.0
107,296,1.0
107,363,1.0
107,182,2.414213562373095
107,96,1.0
107,90,1.0
108,100,2.2344267996967355
108,263,2.745743121887939
108,305,1.0
108,133,1.0
108,14,1.5819143739626464
108,395,1.0
108,46,1.0
108,291,1.0
108,334,1.0
108,6,1.3563483225498993
108,379,1.0
108,104,1.1210455065337606
108,102,1.0
108,292,1.0
108,345,1.0
108,42,1.0
108,127,1.4364357804719847
108,7,1.0
108,166,1.0
108,158,1.0
109,89,1.0
109,94,1.0
109,231,1.0
109,394,1.0
109,224,1.0
109,241,1.0
109,62,1.0
109,389,1.0
109,330,1.0
109,319,1.0
109,33,1.0
109,93,1.0
109,226,1.0
109,78,1.0
109,111,1.0
109,239,1.0
109,30,1.0
109,116,1.0
109,285,1.0
109,361,1.0
110,169,1.0
110,194,1.0
110,16,1.9999999999999998
110,302,1.0
110,244,1.0
110,318,1.0
110,221,1.0
110,187,1.0
110,23,1.0
110,214,1.0
110,174,1.0
110,186,1.0
110,396,1.0
110,87,1.0
110,175,1.0
110,103,1.0
110,229,1.0
110,120,1.0
110,321,1.0
110,136,1.0
111,319,1.0
111,33,1.0
111,330,1.0
111,116,1.0
111,93,1.0
111,226,1.0
111,394,1.0
111,30,1.3960590171906697
111,239,1.0
111,241,1.0
111,94,1.0
111,109,1.0
111,89,1.0
111,78,1.0
111,62,1.0
111,231,1.0
111,389,1.0
111,224,1.0
111,277,1.0
111,285,1.0
112,137,1.0
112,76,1.0
112,343,1.0
112,160,1.0
112,141,1.0
112,274,1.0
112,335,1.0
112,218,1.0
112,124,1.0
112,227,1.0
112,250,1.0
112,279,1.0
112,390,1.0
112,195,1.0
112,84,1.0
112,145,1.0
112,265,1.0
112,371,1.0
112,28,1.0
112,280,1.0
113,101,1.0
113,326,1.0
113,353,1.0
113,149,1.0
113,161,1.0
113,275,1.0
113,157,1.0
113,316,1.0
113,105,1.0
113,138,1.0
113,211,1.8164965809277263
113,328,1.0
113,377,1.0
113,210,1.0
113,349,1.0
113,305,1.0
113,263,1.8164965809277263
113,100,1.5773502691896257
113,108,1.7126966450997985
113,251,1.0
114,348,1.0
114,26,1.0
114,60,1.0
114,129,1.0
114,205,1.0
114,242,1.0
114,215,1.0
114,299,1.0
114,357,1.0
114,232,1.0
114,35,1.0
114,179,1.0
114,225,1.0
114,122,1.0
114,301,1.0
114,306,1.0
114,88,1.0
114,266,1.1045416746978634
114,309,2.0
114,235,1.0
115,3,1.0
115,61,1.0
115,55,1.0
115,393,1.0
115,270,1.0
115,288,1.0
115,324,1.0
115,50,1.0
115,40,1.0
115,217,1.0
115,66,1.0
115,188,1.0
115,294,1.0
115,10,1.0
115,382,1.0
115,385,1.0
115,368,1.0
115,248,2.0
115,287,1.0
115,295,1.0
116,226,1.0
116,93,1.0
116,33,1.0
116,30,1.3429971702850176
116,239,1.4472135954999579
116,330,1.0
116,319,1.0
116,111,1.0
116,78,1.0
116,62,1.0
116,389,1.0
116,394,1.0
116,109,1.0
116,231,1.0
116,89,1.0
116,94,1.0
116,224,1.0
116,241,1.0
116,277,1.0
116,315,1.0
117,25,1.0
117,367,1.0
117,48,1.0
117,47,1.0
117,247,1.0
117,329,1.0
117,259,1.0
117,271,1.0
117,202,3.0
117,201,1.0
117,311,1.0
117,67,1.0
117,160,1.0
117,112,1.0
117,249,1.0
117,279,1.0
117,374,1.0
117,227,1.0
117,137,1.0
117,343,1.0
118,155,1.0
118,18,1.0
118,91,1.0
118,384,1.0
118,148,1.0
118,79,1.0
118,12,1.0
118,303,1.0
118,290,1.0
118,180,1.0
118,108,1.0
118,219,1.0
118,305,1.0
118,100,1.0
118,263,1.0
118,377,1.0
118,328,1.0
118,142,1.0
118,64,1.0
118,158,1.0
119,307,1.0
119,308,1.0
119,65,1.0
119,378,1.0
119,34,1.0
119,59,1.0
119,43,1.0
119,361,1.0
119,63,1.0
119,285,1.0
119,264,1.0
119,255,1.0
119,208,1.0
119,251,1.0
119,71,1.0
119,41,1.0
119,68,1.0
119,39,1.0
119,241,1.0
119,94,1.0
120,136,1.0
120,45,1.0
120,229,1.0
120,103,1.0
120,177,1.0
120,190,1.0
120,175,1.0
120,87,1.0
120,186,1.0
120,174,1.0
120,130,1.0
120,261,1.0
120,37,1.0
120,162,1.0
120,300,1.0
120,2,1.0
120,22,1.0
120,338,1.0
120,196,1.0
120,204,1.0
121,391,1.0
121,351,1.0
121,313,1.0
121,73,1.0
121,297,1.0
121,7,1.0
121,243,1.0
121,127,1.0
121,102,1.0
121,292,1.0
121,166,1.0
121,104,1.5547001962252291
121,6,1.0
121,334,1.0
121,291,1.0
121,46,1.0
121,345,1.0
121,133,1.0
121,14,1.0
121,146,1.0
122,129,1.1871633083582924
122,301,1.21025856676559
122,357,1.0
122,348,1.0
122,114,1.0
122,60,1.0
122,26,1.0
122,299,1.214422506967559
122,88,1.0
122,306,1.214422506967559
122,205,1.0
122,242,1.214422506967559
122,266,1.2129528357273773
122,215,1.214422506967559
122,179,1.1516196087157806
122,225,1.0
122,232,1.0
122,235,1.0
122,35,1.203419051086243
122,309,1.0
123,220,3.0
123,397,3.0
123,222,2.9245008972987527
123,304,2.9425717247145284
123,350,1.0
123,207,1.0
123,315,3.0
123,277,1.0
123,143,1.632455532033676
123,209,1.0
123,212,1.0
123,178,1.0
123,78,1.0
123,30,2.4552137502179976
123,239,2.8973665961010275
123,192,1.0
123,226,1.0
123,116,1.0
123,93,1.0
123,168,1.0
124,390,1.0
124,335,1.0
124,195,1.0
124,145,1.0
124,84,1.0
124,371,1.0
124,274,1.0
124,250,1.0
124,218,1.0
124,137,1.0
124,28,1.0
124,280,1.0
124,265,1.0
124,246,1.0
124,227,1.0
124,76,1.0
124,279,1.0
124,15,1.0
124,343,1.0
124,112,1.0
125,1,1.0
125,189,1.0
125,374,1.0
125,95,1.0
125,17,1.0
125,141,1.0
125,392,1.0
125,278,1.0
125,364,1.0
125,343,1.0
125,76,1.0
125,249,1.0
125,380,1.0
125,112,1.0
125,218,1.0
125,137,1.0
125,274,1.0
125,250,1.0
125,335,1.0
125,84,1.0
126,83,1.0
126,206,1.8944271909999157
126,268,1.632455532033676
126,245,1.8944271909999157
126,236,1.0
126,256,1.4
126,54,1.0
126,310,1.676123403782813
126,233,2.1313708498984756
126,81,1.7999999999999998
126,372,1.7905694150420948
126,352,1.0
126,375,1.0
126,312,1.0
126,172,1.0
126,254,1.0
126,381,1.0
126,171,1.0
126,36,1.258198889747161
126,38,1.8432740427115677
127,7,1.0
127,334,1.0
127,166,1.0
127,345,1.0
127,102,1.0
127,292,1.0
127,46,1.0
127,6,2.6329931618554525
127,391,1.0
127,291,1.0
127,104,1.5547001962252291
127,133,1.0
127,14,1.0
127,121,1.0
127,243,1.0
127,351,1.0
127,313,1.0
127,73,1.0
127,297,1.0
127,42,1.0
128,64,1.0
128,339,1.0
128,388,1.0
128,158,1.0
128,86,1.0
128,257,1.0
128,159,1.0
128,106,1.0
128,342,1.0
128,183,1.0
128,395,1.0
128,42,1.0
128,379,1.0
128,31,1.0
128,341,1.0
128,146,1.0
128,345,1.0
128,166,1.0
128,133,1.0
128,14,1.6666666666666665
129,348,1.0
129,114,1.0
129,26,1.0
129,357,1.0
129,60,1.0
129,122,1.1871633083582924
129,205,1.8728715609439694
129,301,2.711841970043652
129,299,2.7457431218879393
129,242,2.745743121887939
129,215,2.7457431218879393
129,232,1.0
129,35,2.6561573424216505
129,225,1.0
129,179,2.851640199545103
129,306,2.745743121887939
129,88,1.6172133998483678
129,266,2.733777640767192
129,309,1.0
129,235,1.0
130,37,1.0
130,2,1.0
130,300,1.0
130,261,1.0
130,22,1.0
130,162,1.0
130,190,1.0
130,177,1.0
130,45,1.0
130,136,1.0
130,229,1.0
130,120,1.0
130,196,2.486622232478869
130,204,2.1547005383792515
130,103,1.0
130,175,1.0
130,27,1.0
130,87,1.0
130,186,1.0
130,174,1.0
131,199,1.0
131,311,1.0
131,67,1.0
131,298,1.0
131,259,1.0
131,271,1.0
131,47,1.0
131,247,1.0
131,367,1.0
131,201,1.0
131,25,1.0
131,117,1.0
131,202,1.0
131,329,1.0
131,48,1.0
131,344,1.0
131,144,1.0
131,249,1.0
131,333,1.0
131,160,1.0
132,181,1.0
132,56,1.0
132,184,1.0
132,20,1.0
132,295,1.0
132,368,1.0
132,287,1.0
132,267,1.0
132,75,1.0
132,248,1.0
132,92,1.0
132,53,1.0
132,11,1.0
132,281,1.0
132,10,1.0
132,359,1.0
132,385,1.0
132,8,1.0
132,365,1.0
132,398,1.0
133,14,1.0
133,334,1.0
133,345,1.0
133,46,1.0
133,127,1.0
133,291,1.0
133,6,1.0
133,102,1.0
133,379,1.0
133,166,1.0
133,292,1.0
133,104,1.0
133,7,1.0
133,395,1.0
133,42,1.0
133,391,1.0
133,121,1.0
133,243,1.0
133,351,1.0
133,313,1.0
134,15,1.0
134,28,1.0
134,246,1.0
134,280,1.0
134,145,1.0
134,371,1.0
134,390,1.0
134,195,1.0
134,84,1.0
134,124,1.0
134,250,1.0
134,335,1.0
134,218,1.0
134,265,1.0
134,274,1.0
134,227,1.0
134,137,1.0
134,279,1.0
134,76,1.0
134,343,1.0
135,97,1.0
135,168,1.0
135,82,1.0
135,192,1.0
135,80,1.0
135,151,1.0
135,193,1.0
135,222,1.4667600280093367
135,366,1.0
135,297,1.0
135,73,2.3719886811400706
135,313,1.0
135,351,1.0
135,397,1.485071250072666
135,121,1.0
135,350,1.0
135,207,1.0
135,391,1.0
135,243,1.0
135,146,1.0
136,120,1.0
136,45,1.0
136,229,1.0
136,177,1.0
136,103,1.0
136,190,1.0
136,175,1.0
136,87,1.0
136,186,1.0
136,174,1.0
136,130,1.0
136,261,1.0
136,162,1.0
136,37,1.0
136,300,1.0
136,2,1.0
136,22,1.0
136,338,1.0
136,196,1.0
136,204,1.0
137,274,1.0
137,76,1.0
137,335,1.0
137,112,1.0
137,218,1.0
137,343,1.0
137,124,1.0
137,250,1.0
137,195,1.0
137,84,1.0
137,390,1.0
137,145,1.0
137,141,1.0
137,227,1.0
137,371,1.0
137,265,1.0
137,279,1.0
137,160,1.0
137,28,1.0
137,246,1.0
138,157,1.0
138,316,1.0
138,275,1.0
138,101,1.0
138,326,1.0
138,113,1.0
138,211,1.0
138,161,1.0
138,353,1.0
138,149,1.0
138,328,1.0
138,377,1.0
138,349,1.0
138,305,1.0
138,105,1.0
138,263,1.0
138,80,1.0
138,151,1.8164965809277258
138,100,1.0
138,104,1.0
139,51,1.0
139,346,1.0
139,70,1.0
139,153,1.0444225128149598
139,140,1.0
139,58,1.0
139,370,1.0
139,152,1.0
139,200,1.0
139,262,1.0
139,5,1.0
139,240,1.0
139,253,1.0
139,20,1.0
139,272,1.0
139,230,1.0
139,365,1.0
139,72,1.0
139,398,1.0
139,11,1.0
140,153,1.0
140,70,1.0
140,139,1.0
140,51,1.0
140,346,1.0
140,272,1.0
140,370,1.0
140,238,1.0
140,58,1.0
140,233,1.0
140,152,1.0
140,54,1.0
140,81,1.0
140,172,1.0
140,375,1.0
140,310,1.0
140,256,1.0
140,236,1.0
140,206,1.0
140,245,1.0
141,343,1.0
141,76,1.0
141,137,1.0
141,112,1.0
141,218,1.0
141,274,1.0
141,250,1.0
141,335,1.0
141,84,1.0
141,195,1.0
141,145,1.0
141,124,1.0
141,390,1.0
141,374,1.0
141,246,1.0
141,160,1.0
141,28,1.0
141,227,1.0
141,371,1.0
141,265,1.0
142,12,1.0
142,303,1.0
142,384,1.0
142,79,1.0
142,290,1.0
142,360,1.0
142,325,1.0
142,57,1.0
142,283,1.0
142,219,1.0
142,150,1.0
142,337,1.0
142,331,1.0
142,9,1.0
142,156,1.0
142,176,1.0
142,164,1.0
142,180,1.0
142,320,1.0
142,91,1.0
143,209,2.264911064067352
143,277,1.0
143,315,1.632455532033676
143,207,1.0
143,350,1.0
143,222,1.6085806194501844
143,397,1.632455532033676
143,123,1.632455532033676
143,220,1.632455532033676
143,78,1.0
143,239,1.9999999999999998
143,30,1.7669649888473704
143,389,1.632455532033676
143,62,1.0
143,304,1.7371541402007413
143,226,1.0
143,93,1.0
143,224,1.0
143,116,1.8944271909999157
143,330,1.0
144,344,1.0
144,235,1.0
144,191,1.0
144,122,1.214422506967559
144,301,2.9611613513818407
144,286,1.0
144,129,2.745743121887939
144,357,1.0
144,348,1.0
144,88,1.0
144,306,3.0
144,266,2.9862918192594035
144,114,1.0
144,354,1.0
144,299,3.0
144,26,1.0
144,60,1.0
144,225,1.0
144,205,1.0
144,242,3.0
145,195,2.414213562373095
145,84,1.9999999999999998
145,250,1.0
145,335,1.0
145,390,1.0
145,124,1.0
145,246,2.414213562373095
145,218,1.0
145,274,1.0
145,28,1.0
145,280,1.5345224838248486
145,371,1.0
145,137,1.0
145,15,2.414213562373095
145,76,1.8164965809277258
145,134,1.0
145,265,1.0
145,343,1.0
145,227,1.0
145,141,1.0
146,243,1.0
146,183,1.0
146,342,1.0
146,166,2.8090680674665816
146,366,1.0
146,391,1.0
146,159,1.0
146,106,1.0
146,73,1.0
146,313,1.0
146,351,1.0
146,121,1.0
146,257,1.0
146,345,1.0
146,297,1.0
146,42,1.0
146,7,1.0
146,127,1.0
146,86,1.0
146,379,1.0
147,85,1.0
147,332,1.0
147,336,1.0
147,354,1.0
147,191,1.0
147,286,1.0
147,24,1.0
147,163,1.0
147,260,1.0
147,170,1.0
147,185,1.0
147,314,1.0
147,13,1.0
147,276,1.0
147,198,1.0
147,323,1.0
147,213,1.0
147,167,1.0
147,376,1.0
147,154,1.0
148,18,1.0
148,118,1.0
148,155,1.235702260395516
148,91,1.0
148,377,1.0
148,328,1.0
148,384,1.0
148,79,1.0
148,305,1.0
148,99,1.0
148,12,2.0
148,303,1.0
148,263,1.0
148,108,1.0
148,100,1.0
148,180,1.0
148,290,1.0
148,219,1.8728715609439694
148,296,1.0
148,211,1.0
149,353,1.0
149,161,1.0
149,326,1.0
149,113,1.0
149,105,1.0
149,101,1.0
149,275,1.0
149,157,1.0
149,316,1.0
149,138,1.0
149,210,1.0
149,211,1.0
149,328,1.0
149,377,1.0
149,305,1.0
149,263,1.0
149,349,1.0
149,148,1.0
149,99,1.0
149,100,1.0
150,309,1.0
150,179,1.0
150,266,1.0
150,306,1.0
150,88,1.0
150,242,1.0
150,299,1.0
150,215,1.0
150,35,1.0
150,60,1.0
150,232,1.0
150,26,1.0
150,357,1.0
150,114,1.0
150,348,1.0
150,205,1.0
150,129,1.0
150,237,1.0
150,225,1.0
150,122,1.0
151,80,1.0
151,82,1.0
151,97,1.0
151,192,1.0
151,135,1.0
151,168,1.0
151,193,1.0
151,222,1.0
151,207,1.0
151,350,1.0
151,397,1.0
151,297,1.0
151,73,1.0
151,313,1.0
151,351,1.0
151,366,1.0
151,121,1.0
151,209,1.0
151,143,1.0
151,123,1.0
152,58,1.0
152,5,1.0
152,200,1.0
152,262,1.0
152,346,1.0
152,20,1.0
152,51,1.0
152,365,1.0
152,72,1.0
152,139,1.0
152,398,1.0
152,11,1.0
152,359,1.0
152,8,1.0
152,281,1.0
152,53,1.0
152,92,1.0
152,267,1.0
152,75,1.0
152,240,1.0
153,70,1.0
153,140,1.0
153,139,1.0444225128149598
153,51,1.0
153,346,1.0
153,370,1.0
153,58,1.0
153,272,1.0
153,152,1.0
153,238,1.0
153,200,1.0
153,262,1.0
153,240,1.0
153,5,1.0
153,253,1.0
153,233,1.632455532033676
153,54,1.0
153,172,1.0
153,81,2.7888543819998315
153,375,1.0
154,4,1.0
154,49,1.7559289460184544
154,98,3.0
154,234,1.0
154,167,1.0
154,213,1.0
154,276,1.0
154,322,1.0
154,376,1.0
154,323,1.0
154,293,1.0
154,387,1.0
154,185,1.0
154,170,1.0
154,69,1.0
154,24,1.0
154,337,1.0
154,74,1.0
154,331,1.0
154,237,1.0
155,118,1.0
155,18,1.0
155,91,1.0
155,384,1.0
155,148,1.235702260395516
155,79,1.0
155,12,1.0
155,303,1.0
155,290,1.0
155,180,1.0
155,219,1.4114755998989117
155,108,1.0
155,305,1.0
155,100,1.0
155,263,1.0
155,142,1.0
155,377,1.0
155,328,1.0
155,64,1.0
155,158,1.0
156,57,1.2324952774876385
156,325,1.0
156,320,1.0
156,360,1.0
156,164,1.0
156,176,1.0
156,9,1.0
156,77,1.0
156,219,1.0
156,373,1.0
156,383,1.0
156,180,1.0
156,283,1.0
156,347,1.0
156,303,1.0
156,44,1.0
156,79,1.0
156,362,1.0
156,252,1.0
156,142,1.0
157,316,1.0
157,138,1.0
157,101,1.0
157,113,1.0
157,326,1.0
157,275,1.0
157,353,1.0
157,161,1.0
157,149,1.0
157,349,1.0
157,211,1.0
157,105,1.0
157,328,1.0
157,377,1.0
157,39,1.0
157,305,1.0
157,251,1.0
157,71,1.0
157,41,1.0
157,151,1.0
158,388,1.0
158,64,1.0
158,339,1.0
158,128,1.0
158,257,1.0
158,159,1.0
158,395,1.0
158,86,1.0
158,379,1.0
158,42,1.0
158,183,1.0
158,342,1.0
158,106,1.0
158,345,1.0
158,133,1.0
158,14,1.0
158,166,1.0
158,146,1.0
158,127,1.0
158,334,1.0
159,257,1.0
159,183,1.0
159,342,1.0
159,42,1.0
159,86,1.0
159,106,1.0
159,379,1.0
159,395,1.0
159,146,1.0
159,388,1.0
159,166,1.0
159,345,1.0
159,158,1.0
159,243,1.0
159,339,1.0
159,127,1.0
159,133,1.0
159,14,1.0
159,7,1.0
159,391,1.0
160,279,1.0
160,112,1.0
160,227,1.0
160,137,1.0
160,265,1.0
160,124,1.0
160,335,1.0
160,274,1.0
160,76,1.0
160,371,1.0
160,390,1.0
160,343,1.0
160,195,1.0
160,218,1.0
160,84,1.0
160,141,1.0
160,145,1.0
160,250,1.0
160,280,1.0
160,48,1.0
161,326,1.0
161,275,1.0
161,149,1.0
161,353,1.0
161,113,1.0
161,101,1.0
161,105,1.0
161,138,1.0
161,157,1.0
161,316,1.0
161,211,1.0
161,328,1.0
161,377,1.0
161,210,1.0
161,305,1.0
161,263,1.0
161,148,1.0
161,100,1.0
161,108,1.0
161,99,1.0
162,261,1.0
162,300,1.0
162,22,1.0
162,37,1.0
162,130,1.0
162,2,1.0
162,190,1.0
162,177,1.0
162,45,1.0
162,136,1.0
162,120,1.0
162,196,1.0
162,229,1.0
162,204,1.0
162,103,1.0
162,27,1.0
162,175,1.0
162,87,1.0
162,186,1.0
162,338,1.0
163,260,1.0
163,336,1.0
163,314,1.0
163,13,1.0
163,198,1.0
163,332,1.0
163,147,1.0
163,85,1.0
163,354,1.0
163,333,1.0
163,278,1.0
163,392,1.0
163,17,1.0
163,191,1.0
163,380,1.0
163,286,1.0
163,249,1.0
163,364,1.0
163,24,1.0
163,95,1.0
164,176,1.0
164,320,1.0
164,9,1.0
164,373,1.0
164,77,1.0
164,383,1.0
164,57,1.0
164,325,1.0
164,360,1.0
164,283,1.0
164,156,1.0
164,219,1.0
164,362,1.0
164,44,1.0
164,252,1.0
164,347,1.0
164,180,1.0
164,331,1.0
164,203,1.0
164,303,1.0
165,19,2.414213562373095
165,341,1.0
165,31,1.0
165,366,1.0
165,106,1.0
165,86,1.0
165,342,1.0
165,339,1.0
165,338,1.0
165,183,1.0
165,146,1.0
165,257,1.0
165,159,1.0
165,388,1.0
165,128,1.0
165,64,1.0
165,158,1.0
165,243,1.0
165,42,1.0
165,166,1.0
166,345,1.0
166,127,1.0
166,7,1.0
166,243,1.0
166,391,1.0
166,334,1.0
166,42,1.0
166,133,1.0
166,14,1.0
166,379,1.0
166,121,1.0
166,102,1.0
166,46,1.0
166,292,1.0
166,6,1.0
166,291,1.0
166,104,1.0
166,351,1.0
166,313,1.0
166,395,1.0
167,276,1.0
167,213,1.0
167,154,1.0
167,323,1.0
167,4,1.0
167,98,1.0
167,49,1.0
167,376,1.0
167,234,1.0
167,322,1.0
167,185,1.0
167,387,1.0
167,293,1.0
167,170,1.0
167,69,1.0
167,24,1.0
167,74,1.0
167,337,1.0
167,331,1.0
167,237,1.0
168,135,1.0
168,97,1.0
168,82,1.0
168,192,1.0
168,80,1.0
168,151,1.0
168,193,1.0
168,222,1.0
168,366,1.0
168,297,1.0
168,73,1.0
168,313,1.0
168,351,1.0
168,397,1.0
168,121,1.0
168,350,1.0
168,207,1.0
168,391,1.0
168,243,1.0
168,146,1.0
169,110,1.0
169,194,1.0
169,302,1.0
169,16,1.0
169,244,1.0
169,318,1.0
169,221,2.414213562373095
169,187,1.0
169,23,1.0
169,214,3.0
169,174,1.0
169,186,1.0
169,87,1.0
169,396,1.0
169,175,1.0
169,103,1.0
169,229,1.0
169,120,1.0
169,136,1.0
169,45,1.3535533905932737
170,185,1.0
170,276,1.0
170,213,1.0
170,376,1.0
170,24,1.0
170,167,1.0
170,323,1.0
170,154,1.0
170,322,1.0
170,98,1.0
170,49,1.0
170,4,1.0
170,234,1.0
170,387,1.0
170,293,1.0
170,69,1.0
170,74,1.0
170,286,1.0
170,337,1.0
170,331,1.0
171,312,1.0
171,36,1.0
171,375,1.0
171,172,1.0
171,81,1.0
171,372,1.0
171,352,1.0
171,256,1.0
171,268,1.0
171,381,1.0
171,126,1.0
171,54,1.0
171,206,1.0
171,83,1.0
171,236,1.0
171,245,1.0
171,233,1.0
171,310,1.0
171,254,1.0
171,238,1.0
172,375,3.0
172,81,1.0
172,36,1.0
172,312,1.0
172,256,1.0
172,54,1.0
172,171,1.0
172,206,1.0
172,126,1.0
172,236,1.0
172,268,1.0
172,83,1.0
172,233,1.0
172,245,1.0
172,372,1.0
172,310,1.0
172,352,1.0
172,381,1.0
172,254,1.0
172,238,1.0
173,356,1.0
173,52,1.0
173,238,1.0
173,272,1.0
173,36,1.0
173,171,1.0
173,172,1.0
173,375,1.0
173,312,1.0
173,81,1.0
173,256,1.0
173,54,1.0
173,206,1.0
173,372,1.0
173,126,1.0
173,236,1.0
173,352,1.0
173,268,1.0
173,381,1.0
173,83,1.0
174,186,1.0
174,87,1.0
174,175,1.0
174,103,1.0
174,229,1.0
174,120,1.0
174,136,1.0
174,45,1.0
174,177,1.0
174,190,1.0
174,302,1.0
174,194,1.0
174,130,1.0
174,169,1.0
174,261,1.0
174,37,1.0
174,162,1.0
174,221,1.0
174,110,1.0
174,300,1.0
175,87,1.0
175,103,1.0
175,186,1.0
175,229,1.0
175,120,1.0
175,174,1.0
175,136,1.0
175,45,1.0
175,177,1.0
175,190,1.0
175,130,1.0
175,261,1.0
175,37,1.0
175,162,1.0
175,300,1.0
175,2,1.0
175,22,1.0
175,338,1.0
175,302,1.0
175,194,1.0
176,164,1.0
176,9,1.3333333333333333
176,320,1.0
176,373,1.0
176,77,1.0
176,383,1.0
176,57,1.0
176,325,1.0
176,360,1.0
176,283,1.0
176,156,1.0
176,362,1.0
176,44,1.0
176,219,1.0
176,252,1.0
176,347,1.0
176,180,1.0
176,331,1.0
176,203,1.0
176,303,1.0
177,190,1.0
177,45,1.0
177,136,1.0
177,229,2.1547005383792515
177,120,1.0
177,103,2.414213562373095
177,130,1.0
177,175,1.0
177,37,1.0
177,261,1.0
177,162,1.0
177,300,1.0
177,2,1.0
177,87,1.0
177,22,1.0
177,186,1.0
177,174,1.0
177,196,1.0
177,204,1.0
177,338,1.0
178,212,1.0
178,32,1.0
178,214,1.0
178,197,1.0
178,304,1.0
178,220,1.0
178,282,1.0
178,23,1.0
178,187,1.0
178,397,1.0
178,123,1.0
178,221,1.0
178,222,1.0
178,193,1.0
178,340,1.0
178,369,1.0
178,38,1.0
178,318,1.0
178,244,1.0
178,302,1.0
179,242,2.414213562373095
179,299,2.414213562373095
179,60,1.0
179,215,2.414213562373095
179,26,1.0
179,35,2.341640786499874
179,114,1.0
179,348,1.0
179,306,2.414213562373095
179,88,1.9999999999999998
179,232,1.0
179,357,1.0
179,205,2.414213562373095
179,266,2.404520414813688
179,129,2.851640199545103
179,309,1.0
179,225,1.0
179,122,1.1516196087157806
179,301,2.386750490563073
179,150,1.0
180,219,1.0
180,156,1.0
180,79,1.0
180,303,1.0
180,57,1.0
180,325,1.0
180,360,1.0
180,91,1.0
180,320,1.0
180,164,1.0
180,176,1.0
180,9,1.0
180,347,1.0
180,77,1.0
180,373,1.0
180,383,1.0
180,283,1.0
180,18,1.0
180,384,1.0
180,155,1.0
181,368,1.0
181,56,1.0
181,184,1.0
181,10,1.0
181,132,1.0
181,295,1.0
181,385,1.0
181,294,1.0
181,382,1.0
181,188,1.0
181,66,1.0
181,287,1.0
181,248,1.0
181,75,1.0
181,267,1.0
181,217,1.0
181,92,1.0
181,53,1.0
181,40,1.0
181,281,1.0
182,96,1.0
182,90,1.0
182,327,1.0
182,317,1.0
182,216,1.0
182,386,1.0
182,284,1.0
182,29,1.0
182,107,2.414213562373095
182,289,1.0
182,269,1.0
182,358,1.0
182,355,1.0
182,273,1.0
182,21,1.0
182,258,1.0
182,223,1.6030226891555273
182,347,1.0
182,203,1.0
182,44,1.0
183,159,1.0
183,342,1.0
183,257,1.0
183,106,3.0
183,146,1.0
183,86,1.0
183,42,1.0
183,379,1.0
183,166,1.0
183,243,1.0
183,345,1.0
183,395,1.0
183,391,1.0
183,127,1.0
183,388,1.0
183,7,1.0
183,133,1.0
183,14,1.0
183,366,1.0
183,121,1.0
184,56,1.0
184,181,1.0
184,368,1.0
184,132,1.0
184,10,1.0
184,294,1.0
184,295,1.0
184,385,1.0
184,188,1.0
184,382,1.0
184,66,1.0
184,287,1.0
184,248,1.0
184,217,1.0
184,75,1.0
184,267,1.0
184,92,1.0
184,53,1.0
184,40,1.0
184,61,1.0
185,170,1.0
185,276,1.0
185,213,1.0
185,167,1.0
185,376,1.0
185,323,1.0
185,24,1.0
185,154,1.0
185,98,1.0
185,4,1.0
185,49,1.0
185,234,1.0
185,322,1.0
185,387,1.0
185,293,1.0
185,69,1.0
185,74,1.0
185,286,1.0
185,337,1.0
185,237,1.0
186,87,1.0
186,174,1.0
186,175,1.0
186,103,1.0
186,229,1.0
186,120,1.0
186,136,1.0
186,45,1.0
186,177,1.0
186,190,1.0
186,130,1.0
186,37,1.0
186,261,1.0
186,302,1.0
186,194,1.0
186,162,1.0
186,169,1.0
186,300,1.0
186,2,1.0
186,110,1.0
187,23,1.0
187,221,1.0
187,214,1.0
187,318,1.0
187,244,1.0
187,16,1.0
187,302,3.0
187,194,1.0
187,110,1.0
187,169,1.0
187,174,1.0
187,186,1.0
187,87,1.0
187,396,1.0
187,175,1.0
187,321,1.0
187,103,1.0
187,178,1.0
187,229,1.0
187,120,1.0
188,66,1.0
188,294,1.0
188,10,1.0
188,217,1.0
188,382,1.0
188,385,1.0
188,40,1.0
188,270,1.0
188,324,1.0
188,393,1.0
188,61,1.0
188,115,1.0
188,3,1.0
188,55,1.0
188,295,1.0
188,248,1.0
188,287,1.0
188,288,1.0
188,75,1.0
188,50,1.0
189,95,1.0
189,125,1.0
189,1,1.0
189,17,1.0
189,364,1.0
189,278,1.0
189,380,1.0
189,392,1.0
189,374,1.0
189,249,1.0
189,141,1.0
189,333,1.0
189,343,1.0
189,76,1.0
189,112,1.0
189,218,1.0
189,137,1.0
189,274,1.0
189,250,1.0
189,84,1.0
190,177,1.0
190,45,1.0
190,136,1.0
190,229,1.0
190,120,1.0
190,103,1.0
190,130,1.0
190,37,1.0
190,175,1.0
190,261,1.0
190,162,1.0
190,300,1.0
190,2,1.0
190,87,1.0
190,22,1.0
190,186,1.0
190,174,1.0
190,196,1.0
190,204,1.0
190,338,1.0
191,286,1.0
191,354,1.0
191,144,1.0
191,332,1.0
191,85,1.0
191,147,1.0
191,24,1.0
191,185,1.0
191,170,1.0
191,323,1.0
191,235,1.0
191,167,1.0
191,276,1.0
191,213,1.0
191,344,1.0
191,237,1.0
191,154,1.0
191,376,1.0
191,4,1.0
191,49,1.0
192,135,1.0
192,97,1.0
192,168,1.0
192,82,1.0
192,151,1.0
192,80,1.0
192,193,1.0
192,222,1.0
192,397,1.0
192,350,1.0
192,207,1.0
192,123,1.0
192,220,1.0
192,366,1.0
192,297,1.0
192,73,1.0
192,313,1.0
192,351,1.0
192,212,1.0
192,209,1.0
193,168,1.0
193,135,1.0
193,97,1.0
193,192,1.0
193,82,1.0
193,80,2.414213562373095
193,151,1.0
193,212,1.0
193,338,1.0
193,366,1.0
193,19,1.0
193,165,1.0
193,178,1.0
193,341,1.0
193,31,1.6172133998483678
193,146,1.0
193,297,1.0
193,73,1.0
193,313,1.0
193,351,1.0
194,169,1.0
194,110,1.0
194,302,1.0
194,16,1.0
194,244,1.0
194,221,1.0
194,318,1.0
194,187,1.0
194,23,1.0
194,214,1.0
194,174,1.0
194,186,1.0
194,87,1.0
194,175,1.0
194,396,1.0
194,103,1.0
194,229,1.0
194,120,1.0
194,136,1.0
194,45,1.0
195,145,2.414213562373095
195,84,2.414213562373095
195,335,1.0
195,390,1.0
195,250,1.0
195,124,1.0
195,274,1.0
195,218,1.0
195,246,3.0
195,28,1.0
195,280,1.0
195,371,1.0
195,137,1.0
195,15,3.0
195,76,2.1547005383792515
195,265,1.0
195,343,1.0
195,134,1.0
195,227,1.0
195,112,1.0
196,204,2.872658355138089
196,27,1.0
196,22,1.0
196,2,1.0
196,300,1.0
196,37,1.0
196,130,2.486622232478869
196,162,1.0
196,261,1.0
196,225,1.0
196,205,1.0
196,232,1.0
196,35,2.776559704474253
196,190,1.0
196,177,1.0
196,26,1.0
196,215,2.872658355138089
196,301,2.836292595219555
196,114,1.0
196,348,1.0
197,32,1.0
197,369,1.0
197,340,1.0
197,282,1.0
197,38,1.0
197,321,1.0
197,214,3.0
197,254,1.0
197,178,1.0
197,23,1.0
197,318,1.0
197,187,1.0
197,244,1.0
197,221,2.414213562373095
197,16,1.0
197,212,1.0
197,310,1.0
197,245,1.0
197,233,1.0
197,83,1.0
198,13,1.0
198,260,1.0
198,314,1.0
198,163,1.0
198,336,1.0
198,333,1.0
198,392,1.0
198,278,1.0
198,17,1.0
198,249,1.0
198,354,1.0
198,380,1.0
198,332,1.0
198,364,1.0
198,147,1.0
198,85,1.0
198,189,1.0
198,95,1.0
198,1,1.0
198,125,1.0
199,131,1.0
199,311,1.0
199,67,1.0
199,298,1.0
199,259,1.0
199,271,1.0
199,47,1.0
199,247,1.0
199,367,1.0
199,201,1.0
199,25,1.0
199,117,1.0
199,202,1.0
199,329,1.0
199,48,1.0
199,344,1.0
199,144,1.0
199,249,1.0
199,333,1.0
199,160,1.0
200,262,1.0
200,5,1.0
200,152,1.0
200,365,1.0
200,72,1.0
200,58,1.0
200,398,1.0
200,11,1.0
200,359,1.0
200,8,1.0
200,281,1.0
200,20,1.0
200,53,1.0
200,92,1.0
200,267,1.0
200,346,1.0
200,75,1.0
200,248,1.0
200,287,1.0
200,295,1.0
201,202,1.0
201,329,1.0
201,47,1.0
201,247,1.0
201,271,1.0
201,259,1.0
201,367,1.0
201,48,1.0
201,25,1.0
201,117,1.0
201,67,1.0
201,311,1.0
201,160,1.0
201,279,1.0
201,227,1.0
201,112,1.0
201,265,1.0
201,199,1.0
201,131,1.0
201,137,1.0
202,329,1.0
202,201,1.0
202,47,1.0
202,247,1.0
202,48,1.0
202,367,1.0
202,25,1.0
202,271,1.0
202,259,1.0
202,117,3.0
202,160,1.0
202,67,1.0
202,311,1.0
202,279,1.0
202,227,1.0
202,112,1.0
202,265,1.0
202,137,1.0
202,371,1.0
202,124,1.0
203,252,1.0
203,44,1.0
203,362,1.0
203,383,1.0
203,373,1.0
203,77,1.0
203,283,1.0
203,320,1.0
203,176,1.0
203,164,1.0
203,9,1.0
203,223,1.0
203,74,1.0
203,258,1.0
203,57,1.0
203,360,1.0
203,325,1.0
203,347,1.0
203,331,1.0
203,156,1.0
204,196,2.872658355138089
204,27,1.0
204,22,1.0
204,2,1.0
204,300,1.0
204,37,1.0
204,225,1.0
204,130,2.1547005383792515
204,162,1.0
204,261,1.0
204,205,1.0
204,232,1.0
204,35,2.8973665961010275
204,26,1.0
204,301,2.9611613513818402
204,215,3.0
204,114,1.0
204,348,1.0
204,129,2.745743121887939
204,242,3.0
205,232,1.0
205,26,1.0
205,35,1.0
205,114,1.0
205,348,1.0
205,215,1.0
205,225,1.0
205,60,1.0
205,242,1.0
205,129,1.8728715609439694
205,179,2.414213562373095
205,299,1.0
205,357,1.0
205,301,1.0
205,122,1.0
205,306,1.0
205,88,2.414213562373095
205,266,1.0
205,27,1.0
205,309,1.0
206,236,1.0
206,54,1.0
206,256,1.8944271909999157
206,126,1.8944271909999157
206,83,1.0
206,245,3.0
206,233,1.632455532033676
206,310,1.0
206,81,1.0
206,268,2.414213562373095
206,375,1.0
206,172,1.0
206,372,1.0
206,312,1.0
206,254,1.0
206,352,1.0
206,171,1.0
206,36,1.0
206,381,1.0
206,238,1.0
207,350,1.0
207,315,1.0
207,143,1.0
207,209,1.0
207,277,1.0
207,222,1.0
207,397,1.0
207,123,1.0
207,220,1.0
207,304,1.0
207,78,1.0
207,239,1.0
207,30,1.0
207,389,1.0
207,62,1.0
207,226,1.0
207,93,1.0
207,116,1.0
207,224,1.0
207,33,1.0
208,251,1.0
208,63,1.0
208,59,1.0
208,308,1.0
208,34,1.0
208,43,1.0
208,71,1.0
208,378,1.0
208,41,1.0
208,39,1.0
208,255,1.0
208,264,1.0
208,65,1.0
208,361,1.0
208,285,1.0
208,68,1.0
208,349,1.0
208,307,1.0
208,241,1.0
208,94,1.0
209,143,2.264911064067352
209,277,1.0
209,315,1.0
209,207,1.0
209,350,1.0
209,222,1.0
209,397,1.0
209,123,1.0
209,220,1.0
209,78,1.0
209,239,1.0
209,30,1.0
209,389,1.0
209,62,1.0
209,304,1.0
209,226,1.0
209,93,1.0
209,224,1.0
209,116,1.0
209,330,1.0
210,105,1.0
210,149,1.0
210,353,1.0
210,161,1.0
210,326,1.0
210,113,1.0
210,101,1.0
210,275,1.0
210,99,1.0
210,157,1.0
210,316,1.0
210,328,1.0
210,377,1.0
210,138,1.0
210,211,1.0
210,148,1.0
210,228,1.0
210,305,1.0
210,363,1.0
210,263,1.0
211,305,1.0
211,328,1.0
211,377,1.0
211,263,1.0
211,138,1.0
211,275,1.0
211,100,1.0
211,108,1.0
211,104,1.0
211,291,1.0
211,6,1.0
211,292,1.0
211,46,1.0
211,102,1.0
211,334,1.0
211,133,1.0
211,14,1.0
211,7,1.0
211,127,1.0
211,121,1.0
212,178,1.0
212,193,1.0
212,220,1.0
212,397,1.0
212,222,1.0
212,304,1.0
212,123,1.0
212,214,1.0
212,23,1.0
212,221,1.0
212,187,1.0
212,32,1.0
212,197,1.0
212,192,1.0
212,168,1.0
212,282,1.0
212,302,1.0
212,135,1.0
212,318,1.0
212,97,1.0
213,276,1.0
213,376,1.0
213,167,1.0
213,154,1.0
213,98,1.0
213,49,1.0
213,234,1.0
213,4,1.0
213,322,1.0
213,323,1.0
213,185,1.0
213,170,1.0
213,387,1.0
213,293,1.0
213,69,1.0
213,24,1.0
213,74,1.0
213,337,1.0
213,331,1.0
213,237,1.0
214,23,1.0
214,187,1.0
214,318,1.0
214,221,2.414213562373095
214,244,1.0
214,16,1.0
214,302,1.0
214,110,1.0
214,194,1.0
214,169,3.0
214,321,1.0
214,396,1.0
214,174,1.0
214,186,1.0
214,197,3.0
214,32,1.0
214,178,1.0
214,87,1.0
214,369,1.0
214,212,1.0
215,242,3.0
215,35,2.897366596101027
215,232,1.0
215,26,1.0
215,60,1.0
215,205,1.0
215,179,2.414213562373095
215,114,1.0
215,348,1.0
215,299,3.0
215,129,2.7457431218879393
215,357,1.0
215,225,1.0
215,306,3.0
215,88,1.0
215,266,2.986291819259403
215,122,1.214422506967559
215,301,2.9611613513818407
215,309,1.0
215,27,1.0
216,317,1.0
216,284,1.0
216,386,1.0
216,327,1.0
216,29,1.0
216,107,1.0
216,358,1.0
216,269,1.0
216,289,1.0
216,355,1.0
216,21,1.0
216,273,1.0
216,258,1.0
216,223,1.0
216,182,1.0
216,96,1.0
216,90,1.0
216,347,1.0
216,296,1.0
216,363,1.0
217,66,1.0
217,188,1.0
217,294,1.0
217,40,1.0
217,10,1.0
217,270,1.0
217,382,1.0
217,324,1.0
217,393,1.0
217,61,1.0
217,385,1.0
217,115,1.0
217,3,1.0
217,55,1.0
217,288,1.0
217,50,1.0
217,295,1.0
217,248,1.0
217,287,1.0
217,75,1.0
218,250,1.0
218,274,1.0
218,84,1.0
218,335,1.0
218,195,1.0
218,145,1.0
218,76,1.0
218,137,1.0
218,124,1.0
218,390,1.0
218,343,1.0
218,246,1.0
218,141,1.0
218,28,1.0
218,280,1.0
218,371,1.0
218,112,1.0
218,265,1.0
218,15,1.0
218,227,1.0
219,180,1.0
219,156,1.0
219,57,1.0
219,325,1.0
219,360,1.0
219,303,1.0
219,79,1.0
219,320,1.0
219,164,1.0
219,176,1.0
219,9,1.0
219,77,1.0
219,373,1.0
219,383,1.0
219,347,1.0
219,283,1.0
219,91,1.0
219,384,1.0
219,12,1.0
219,142,1.0
220,123,3.0
220,397,3.0
220,222,2.9245008972987527
220,304,2.9425717247145284
220,350,1.0
220,207,1.0
220,315,3.0
220,277,1.0
220,143,1.632455532033676
220,209,1.0
220,212,1.0
220,178,1.0
220,192,1.0
220,78,1.0
220,30,2.4552137502179976
220,239,2.8973665961010275
220,168,1.0
220,135,1.485071250072666
220,226,1.0
220,97,1.0
221,187,1.0
221,23,1.0
221,302,1.0
221,16,1.0
221,194,1.0
221,214,2.414213562373095
221,244,1.0
221,169,2.414213562373095
221,318,1.0
221,110,1.0
221,174,1.0
221,186,1.0
221,87,1.0
221,175,1.0
221,103,1.0
221,396,1.0
221,229,1.0
221,120,1.0
221,136,1.0
221,45,1.25
222,397,2.9245008972987527
222,123,2.9245008972987527
222,220,2.9245008972987527
222,350,1.0
222,207,1.0
222,304,2.8692405136401473
222,315,2.9245008972987527
222,143,1.6085806194501844
222,209,1.0
222,277,1.0
222,192,1.0
222,212,1.0
222,151,1.0
222,135,1.4667600280093367
222,168,1.0
222,97,1.0
222,82,1.0
222,178,1.0
222,80,1.0
222,78,1.0
223,258,1.0
223,273,1.0
223,21,1.0
223,355,1.0
223,347,1.0
223,358,1.0
223,386,1.0
223,29,1.0
223,107,1.4264014327112209
223,44,1.0
223,203,1.0
223,284,1.0
223,252,1.0
223,77,1.0
223,216,1.0
223,373,1.0
223,383,1.0
223,320,1.0
223,362,1.0
223,164,1.0
224,231,1.0
224,89,1.0
224,109,1.0
224,62,1.0
224,389,1.0
224,94,1.0
224,394,1.0
224,241,1.0
224,330,1.0
224,78,1.0
224,33,1.0
224,319,1.0
224,93,1.0
224,226,1.0
224,239,1.0
224,30,1.0
224,111,1.0
224,116,1.0
224,277,1.0
224,285,1.0
225,205,1.0
225,232,1.0
225,35,1.0
225,26,1.0
225,114,1.0
225,348,1.0
225,215,1.0
225,129,1.0
225,60,1.0
225,242,1.0
225,301,1.0
225,179,1.0
225,357,1.0
225,27,1.0
225,299,1.0
225,122,1.0
225,204,1.0
225,306,1.0
225,88,1.0
225,196,1.0
226,93,1.0
226,30,1.0
226,239,1.0
226,33,1.0
226,116,1.0
226,330,1.0
226,78,1.0
226,319,1.0
226,111,1.0
226,62,1.0
226,389,1.0
226,231,1.0
226,394,1.0
226,109,1.0
226,89,1.0
226,224,1.0
226,94,1.0
226,241,1.0
226,277,1.0
226,315,1.0
227,279,1.0
227,265,1.0
227,371,1.0
227,124,1.0
227,390,1.0
227,160,1.0
227,335,1.0
227,137,1.0
227,280,1.0
227,195,1.0
227,274,1.0
227,145,1.0
227,112,1.0
227,28,1.0
227,84,1.0
227,218,1.0
227,250,1.0
227,246,1.0
227,76,1.0
227,15,1.0
228,363,1.0
228,296,1.3651483716701107
228,99,1.0
228,148,1.0
228,269,1.0
228,289,1.0
228,91,1.0
228,107,1.0
228,18,1.0
228,29,1.0
228,180,1.0
228,358,1.0
228,155,1.0
228,118,1.0
228,21,1.0
228,284,1.0
228,347,1.0
228,219,1.0
228,355,1.0
228,79,1.0
229,103,1.8164965809277263
229,120,1.0
229,136,1.0
229,45,1.0
229,177,2.1547005383792515
229,190,1.0
229,175,1.0
229,87,1.0
229,186,1.0
229,174,1.0
229,130,1.0
229,37,1.0
229,261,1.0
229,162,1.0
229,300,1.0
229,2,1.0
229,22,1.0
229,338,1.0
229,196,1.0
229,204,1.0
230,253,1.0
230,240,1.0
230,58,1.0
230,20,1.0
230,5,1.0
230,152,1.0
230,132,1.0
230,346,1.0
230,200,1.0
230,262,1.0
230,365,1.0
230,51,1.0
230,72,1.0
230,56,1.0
230,184,1.0
230,398,1.0
230,11,1.0
230,139,1.0
230,359,1.0
230,281,1.0
231,224,1.0
231,89,1.0
231,109,1.0
231,62,1.0
231,94,1.0
231,389,1.0
231,394,1.0
231,241,1.0
231,330,1.0
231,319,1.0
231,33,1.0
231,78,1.0
231,93,1.0
231,226,1.0
231,239,1.0
231,30,1.0
231,111,1.0
231,116,1.0
231,285,1.0
231,277,1.0
232,35,1.0
232,215,1.0
232,205,1.0
232,242,1.0
232,26,1.0
232,114,1.0
232,60,1.0
232,348,1.0
232,225,1.0
232,179,1.0
232,129,1.0
232,299,1.0
232,357,1.0
232,306,1.0
232,88,1.0
232,301,1.0
232,122,1.0
232,266,1.0
232,309,1.0
232,27,1.0
233,310,2.195228609334394
233,236,1.0
233,206,1.632455532033676
233,245,1.632455532033676
233,54,1.0
233,83,1.0
233,126,2.1313708498984756
233,256,2.414213562373095
233,81,1.5656854249492378
233,268,2.341640786499874
233,254,1.0
233,375,1.0
233,172,1.0
233,372,1.7826237921249264
233,352,1.0
233,312,1.0
233,381,1.0
233,171,1.0
233,36,1.1825741858350554
233,38,1.0
234,98,1.0
234,49,1.0
234,4,1.0
234,154,1.0
234,322,1.0
234,167,1.0
234,293,1.0
234,387,1.0
234,213,1.0
234,376,1.0
234,276,1.0
234,323,1.0
234,185,1.0
234,170,1.0
234,69,1.0
234,24,1.0
234,337,1.0
234,74,1.0
234,331,1.0
234,237,1.0
235,266,1.0
235,122,1.0
235,88,1.0
235,306,1.0
235,357,1.0
235,299,1.0
235,309,1.0
235,129,1.0
235,60,1.0
235,301,1.0
235,348,1.0
235,114,1.0
235,179,1.0
235,26,1.0
235,242,1.0
235,215,1.0
235,205,1.0
235,35,1.0
235,232,1.0
235,237,1.0
236,206,1.0
236,310,1.0
236,233,1.0
236,245,1.0
236,54,1.0
236,126,1.0
236,83,1.0
236,256,1.0
236,268,1.0
236,81,1.0
236,375,1.0
236,254,1.0
236,372,1.0
236,172,1.0
236,352,1.0
236,312,1.0
236,381,1.0
236,171,1.0
236,36,1.0
236,38,1.0
237,309,1.0
237,266,2.9862918192594035
237,235,1.0
237,150,1.0
237,88,1.0
237,306,3.0
237,299,3.0
237,357,1.0
237,179,2.414213562373095
237,60,1.0
237,242,3.0
237,122,1.214422506967559
237,323,1.0
237,348,1.0
237,114,1.0
237,215,3.0
237,129,2.745743121887939
237,26,1.0
237,337,1.0
237,4,1.0
238,272,1.0
238,172,1.0
238,36,1.0
238,375,1.0
238,81,1.0
238,171,1.0
238,312,1.0
238,256,1.0
238,54,1.0
238,206,1.0
238,236,1.0
238,233,1.0
238,356,1.0
238,173,1.0
238,126,1.0
238,310,1.0
238,83,1.0
238,52,1.0
238,245,1.0
238,268,1.0
239,30,2.533929977694741
239,226,1.0
239,93,1.0
239,78,1.0
239,33,1.0
239,116,1.4472135954999579
239,330,1.0
239,319,1.0
239,62,1.0
239,389,2.8973665961010275
239,111,1.0
239,231,1.0
239,224,1.0
239,109,1.0
239,89,1.0
239,394,1.0
239,94,1.0
239,241,1.0
239,277,1.0
239,315,2.8973665961010275
240,253,1.0
240,230,1.0
240,58,1.0
240,152,1.0
240,5,1.0
240,20,1.0
240,346,1.0
240,51,1.0
240,139,1.0
240,200,1.0
240,262,1.0
240,70,1.8944271909999157
240,153,1.0
240,132,1.0
240,140,1.0
240,365,1.0
240,72,1.0
240,398,1.0
240,11,1.0
240,359,1.0
241,394,1.0
241,94,1.0
241,109,1.0
241,89,1.0
241,231,1.0
241,224,1.0
241,319,1.0
241,330,1.0
241,62,1.0
241,33,1.0
241,111,1.0
241,389,1.0
241,93,1.0
241,226,1.0
241,116,1.0
241,78,1.0
241,239,1.0
241,30,1.0
241,285,1.0
241,361,1.0
242,215,3.0
242,179,2.414213562373095
242,60,1.0
242,35,2.8973665961010275
242,26,1.0
242,232,1.0
242,114,1.0
242,348,1.0
242,299,3.0
242,205,1.0
242,357,1.0
242,129,2.745743121887939
242,306,3.0
242,88,1.0
242,225,1.0
242,266,2.9862918192594035
242,309,1.0
242,122,1.214422506967559
242,301,2.9611613513818407
242,150,1.0
243,391,1.0
243,121,1.0
243,166,1.0
243,73,1.0
243,313,1.0
243,351,1.0
243,7,2.333333333333333
243,297,1.0
243,127,1.0
243,146,1.0
243,345,1.0
243,334,1.0
243,102,1.0
243,292,1.0
243,6,1.0
243,42,1.0
243,104,1.0
243,46,1.0
243,183,1.0
243,291,1.0
244,318,1.0
244,16,1.0
244,110,1.0
244,187,1.0
244,169,1.0
244,23,1.0
244,194,1.0
244,302,1.0
244,214,1.0
244,221,1.0
244,396,1.0
244,174,1.0
244,186,1.0
244,321,1.0
244,87,1.0
244,175,1.0
244,103,1.0
244,229,1.0
244,197,1.0
244,120,1.0
245,83,1.0
245,126,1.8944271909999157
245,236,1.0
245,310,1.0
245,206,3.0
245,268,2.414213562373095
245,233,1.632455532033676
245,54,1.0
245,256,1.8944271909999157
245,254,1.0
245,81,1.0
245,372,1.0
245,352,1.0
245,375,1.0
245,381,1.0
245,172,1.0
245,312,1.0
245,171,1.0
245,36,1.0
245,38,1.0
246,28,1.0
246,145,2.414213562373095
246,195,3.0
246,15,3.0
246,84,2.414213562373095
246,280,1.0
246,390,1.0
246,134,1.0
246,250,1.0
246,124,1.0
246,335,1.0
246,218,1.0
246,371,1.0
246,274,1.0
246,137,1.0
246,265,1.0
246,76,2.1547005383792515
246,227,1.0
246,343,1.0
246,279,1.0
247,47,2.9071653302682834
247,367,1.0
247,271,1.0
247,259,1.0
247,201,1.0
247,329,1.0
247,202,1.0
247,25,1.0
247,48,1.0
247,117,1.0
247,67,1.0
247,311,1.0
247,160,1.0
247,279,1.0
247,199,1.0
247,131,1.0
247,112,1.0
247,227,1.0
247,265,1.0
247,137,1.0
248,287,1.0
248,75,1.0
248,295,1.0
248,267,2.8371173070873836
248,92,1.0
248,53,1.0
248,385,1.0
248,281,1.0
248,8,1.0
248,359,1.0
248,11,1.0
248,382,1.0
248,398,1.0
248,72,1.0
248,10,1.0
248,294,1.0
248,365,1.0
248,188,1.0
248,66,1.0
248,217,1.0
249,333,1.0
249,392,1.0
249,17,1.0
249,374,1.0
249,278,1.0
249,1,1.0
249,125,1.0
249,189,1.0
249,117,1.0
249,95,1.0
249,380,1.0
249,141,1.0
249,25,1.0
249,112,1.0
249,198,1.0
249,367,1.0
249,364,1.0
249,343,1.0
249,48,1.0
249,76,1.0
250,218,1.0
250,84,1.0
250,145,1.0
250,195,1.0
250,274,1.0
250,335,1.0
250,124,1.0
250,390,1.0
250,246,1.0
250,137,1.0
250,76,1.0
250,28,1.0
250,343,1.0
250,280,1.0
250,371,1.0
250,141,1.0
250,15,1.0
250,112,1.0
250,265,1.0
250,134,1.0
251,208,1.0
251,63,1.0
251,59,1.0
251,308,1.0
251,34,1.0
251,71,1.0
251,43,1.0
251,41,1.0
251,39,1.0
251,255,1.0
251,378,1.0
251,264,1.0
251,361,1.0
251,285,1.0
251,65,1.0
251,68,1.0
251,349,1.0
251,307,1.0
251,241,1.0
251,94,1.0
252,44,1.0
252,362,1.0
252,203,1.0
252,383,1.0
252,373,1.0
252,77,1.0
252,283,1.0
252,176,1.0
252,320,1.0
252,9,1.0
252,164,1.0
252,360,1.0
252,325,1.0
252,57,1.0
252,156,1.0
252,331,1.0
252,347,1.0
252,223,1.0
252,74,1.0
252,258,1.0
253,240,1.0
253,230,1.0
253,58,1.0
253,152,1.0
253,5,1.0
253,20,1.0
253,346,1.0
253,51,1.0
253,139,1.0
253,200,1.0
253,262,1.0
253,132,1.0
253,70,1.0
253,153,1.0
253,365,1.0
253,72,1.0
253,398,1.0
253,11,1.0
253,359,1.0
253,8,1.0
254,310,1.0
254,245,1.0
254,233,1.0
254,83,1.0
254,236,1.0
254,126,1.0
254,268,1.0
254,206,1.0
254,54,1.0
254,256,1.0
254,372,1.7071067811865475
254,81,1.0
254,352,1.0
254,381,1.0
254,375,1.0
254,172,1.0
254,312,1.0
254,38,1.0
254,171,1.0
254,36,1.0
255,41,1.0
255,71,1.0
255,39,1.0
255,361,1.0
255,285,1.0
255,63,1.0
255,251,1.0
255,208,1.0
255,308,1.0
255,59,1.0
255,34,1.0
255,43,1.0
255,378,1.0
255,241,1.0
255,349,1.0
255,94,1.0
255,89,1.0
255,109,1.0
255,394,1.0
255,231,1.0
256,54,1.0
256,81,1.0
256,206,1.8944271909999157
256,236,1.0
256,126,1.4
256,83,1.0
256,375,1.0
256,233,2.414213562373095
256,245,1.8944271909999157
256,268,2.8973665961010275
256,310,1.676123403782813
256,172,1.0
256,312,1.0
256,372,1.316227766016838
256,171,1.0
256,36,1.0
256,352,1.0
256,254,1.0
256,381,1.0
256,238,1.0
257,159,1.0
257,183,1.0
257,342,1.0
257,86,1.0
257,106,1.0
257,42,1.0
257,388,1.0
257,379,1.0
257,395,1.0
257,158,1.0
257,339,1.0
257,146,1.0
257,166,1.0
257,345,1.0
257,243,1.0
257,64,1.0
257,128,1.0
257,133,1.0
257,14,1.6666666666666665
257,127,1.0
258,223,1.0
258,273,1.0
258,21,1.0
258,355,1.0
258,358,1.0
258,347,1.0
258,107,1.0
258,29,1.0
258,386,1.0
258,284,1.0
258,44,1.0
258,216,1.0
258,252,1.0
258,203,1.0
258,77,1.0
258,373,1.0
258,320,1.0
258,269,1.0
258,383,1.0
258,156,1.0
259,271,1.0
259,47,1.0
259,247,1.0
259,367,1.0
259,201,1.0
259,202,1.0
259,329,1.0
259,25,1.0
259,48,1.0
259,117,1.0
259,67,1.0
259,311,1.0
259,199,1.0
259,131,1.0
259,160,1.0
259,279,1.0
259,112,1.0
259,227,1.0
259,265,1.0
259,137,1.0
260,163,1.0
260,314,1.0
260,336,1.0
260,13,1.0
260,198,1.0
260,332,1.0
260,147,1.0
260,85,1.0
260,354,1.0
260,333,1.0
260,278,1.0
260,392,1.0
260,17,1.0
260,380,1.0
260,191,1.0
260,249,1.0
260,364,1.0
260,286,1.0
260,95,1.0
260,189,1.0
261,162,1.0
261,300,1.0
261,22,1.0
261,37,1.0
261,130,1.0
261,2,1.0
261,190,1.0
261,177,1.0
261,45,1.0
261,136,1.0
261,120,1.0
261,196,1.0
261,229,1.0
261,204,1.0
261,103,1.0
261,175,1.0
261,27,1.0
261,87,1.0
261,186,1.0
261,174,1.0
262,200,1.0
262,5,1.0
262,152,1.0
262,365,1.0
262,72,1.0
262,398,1.0
262,11,1.0
262,359,1.0
262,58,1.0
262,8,1.0
262,281,1.0
262,20,1.0
262,53,1.0
262,92,1.0
262,267,1.4082482904638631
262,75,1.0
262,248,1.0
262,346,1.0
262,287,1.0
262,295,1.0
263,100,2.414213562373095
263,305,1.0
263,108,2.745743121887939
263,291,1.0
263,46,1.0
263,133,1.0
263,14,1.6666666666666665
263,6,1.0
263,104,1.0
263,334,1.0
263,292,1.0
263,102,1.0
263,395,1.0
263,127,1.0
263,345,1.0
263,379,1.0
263,7,1.0
263,42,1.0
263,166,1.0
263,121,1.0
264,68,3.0
264,65,1.0
264,378,1.0
264,43,1.0
264,34,1.0
264,59,1.0
264,308,1.0
264,208,1.0
264,251,1.0
264,63,2.918806447200494
264,71,1.0
264,41,1.0
264,255,1.0
264,39,1.0
264,361,3.0
264,285,3.0
264,307,1.0
264,119,1.0
264,349,1.0
264,241,1.0
265,227,1.0
265,371,1.0
265,279,1.0
265,124,1.0
265,390,1.0
265,280,1.0
265,335,1.0
265,28,1.0
265,195,1.0
265,145,1.0
265,137,1.0
265,84,1.0
265,274,1.0
265,160,1.0
265,246,1.0
265,250,1.0
265,15,1.0
265,218,1.0
265,112,1.0
265,134,1.0
266,88,1.0
266,306,2.986291819259403
266,309,1.2090833493957267
266,299,2.986291819259403
266,357,1.0
266,179,2.404520414813688
266,60,1.0
266,242,2.9862918192594035
266,348,1.0
266,114,1.1045416746978634
266,26,1.0
266,129,2.733777640767192
266,215,2.986291819259403
266,122,1.2129528357273773
266,235,1.0
266,35,2.8843618739857657
266,232,1.0
266,205,1.0
266,301,2.9477193742487326
266,150,1.0
267,92,1.0
267,53,1.0
267,75,1.0
267,248,2.8371173070873836
267,287,1.0
267,295,1.0
267,281,1.2041241452319316
267,8,1.0
267,359,1.0
267,11,1.0
267,398,1.0
267,72,1.0
267,365,1.0
267,385,1.0
267,382,1.0
267,10,1.0295398095633697
267,294,1.0
267,188,1.0
267,66,1.0912870929175278
267,181,1.0
268,126,1.632455532033676
268,83,1.0
268,245,2.414213562373095
268,372,1.25
268,206,2.414213562373095
268,236,1.0
268,352,1.0
268,256,2.8973665961010275
268,54,1.0
268,310,1.5345224838248486
268,81,1.0
268,233,2.341640786499874
268,381,1.0
268,312,1.0
268,375,1.0
268,254,1.0
268,172,1.0
268,171,1.0
268,36,1.0
268,38,1.0
269,289,1.0
269,107,1.0
269,29,1.8944271909999157
269,284,1.0
269,358,1.0
269,216,1.0
269,327,1.0
269,317,1.0
269,355,1.0
269,386,1.0
269,21,1.0
269,273,1.0
269,258,1.0
269,223,1.0
269,296,1.0
269,363,1.0
269,347,1.0
269,182,1.0
269,96,1.0
269,90,1.0
270,324,1.0
270,393,1.0
270,61,1.0
270,115,1.0
270,40,1.0
270,3,1.0
270,55,1.0
270,288,1.0
270,50,1.0
270,217,1.0
270,66,1.0
270,188,1.0
270,294,1.0
270,10,1.0
270,382,1.0
270,385,1.0
270,368,1.0
270,248,1.0
270,287,1.0
270,295,1.0
271,259,1.0
271,47,1.100377122645699
271,247,1.0
271,201,1.0
271,367,1.0
271,202,1.0
271,329,1.0
271,25,1.0
271,48,1.0
271,117,1.0
271,67,1.0
271,311,1.0
271,199,1.0
271,131,1.0
271,160,1.0
271,279,1.0
271,112,1.0
271,227,1.0
271,265,1.0
271,137,1.0
272,238,1.0
272,140,1.0
272,356,1.0
272,173,1.0
272,52,1.0
272,172,1.0
272,153,1.0
272,36,1.0
272,375,1.0
272,70,1.0
272,81,1.0
272,370,1.0
272,171,1.0
272,312,1.0
272,54,1.0
272,256,1.0
272,206,1.0
272,233,1.0
272,236,1.0
272,126,1.0
273,258,1.0
273,355,1.0
273,21,1.0
273,223,1.0
273,358,1.0
273,29,1.0
273,107,1.0
273,386,1.0
273,347,1.0
273,284,1.0
273,216,1.0
273,317,1.0
273,269,1.0
273,289,1.0
273,44,1.0
273,327,1.0
273,203,1.0
273,252,1.0
273,77,1.0
273,373,1.0
274,218,1.0
274,335,1.0
274,250,1.0
274,137,1.0
274,84,1.0
274,195,1.0
274,145,1.0
274,124,1.0
274,76,1.0
274,390,1.0
274,343,1.0
274,246,1.0
274,112,1.0
274,141,1.0
274,28,1.0
274,371,1.0
274,280,1.0
274,265,1.0
274,227,1.0
274,15,1.0
275,326,1.0
275,161,1.0
275,101,1.0
275,113,1.0
275,353,1.0
275,149,1.0
275,138,1.0
275,157,1.0
275,316,1.0
275,211,1.0
275,105,1.0
275,328,1.0
275,377,1.0
275,305,1.0
275,263,1.0
275,100,1.0
275,108,1.0
275,210,1.0
275,148,1.0
275,104,1.0
276,213,1.0
276,376,1.0
276,167,1.0
276,154,1.0
276,98,1.0
276,49,1.0
276,4,1.0
276,234,1.0
276,185,1.0
276,323,1.0
276,322,1.0
276,170,1.0
276,387,1.0
276,293,1.0
276,69,1.0
276,24,1.0
276,74,1.0
276,337,1.0
276,331,1.0
276,237,1.0
277,143,1.0
277,209,1.0
277,315,1.0
277,207,1.0
277,350,1.0
277,222,1.0
277,397,1.0
277,123,1.0
277,78,1.0
277,220,1.0
277,239,1.0
277,30,1.0
277,389,1.0
277,62,2.414213562373095
277,226,1.0
277,304,1.0
277,93,1.0
277,224,1.0
277,116,1.0
277,330,1.0
278,17,1.0
278,392,1.0
278,380,1.0
278,364,1.0
278,189,1.0
278,95,1.0
278,125,1.0
278,1,1.0
278,333,1.0
278,249,1.0
278,374,1.0
278,198,1.0
278,13,1.0
278,141,1.0
278,343,1.0
278,314,1.0
278,76,1.0
278,260,1.0
278,112,1.0
278,117,1.0
279,227,1.0
279,265,1.0
279,160,1.0
279,371,1.0
279,124,1.0
279,390,1.0
279,137,1.0
279,335,1.0
279,112,1.0
279,280,2.434274331201272
279,274,1.0
279,195,1.0
279,145,1.0
279,28,1.0
279,84,1.0
279,218,1.0
279,250,1.0
279,76,2.095445115010332
279,246,1.0
279,343,1.0
280,28,1.0
280,371,1.0
280,15,1.0
280,390,1.0
280,246,1.0
280,145,1.5345224838248486
280,124,1.0
280,195,1.0
280,134,1.0
280,84,1.0
280,335,1.0
280,265,1.0
280,250,1.0
280,274,1.0
280,218,1.0
280,227,1.0
280,137,1.0
280,279,2.434274331201272
280,76,1.8728715609439694
280,343,1.0
281,8,1.0
281,359,1.0
281,11,1.0
281,398,1.0
281,53,1.0
281,72,1.0
281,92,1.0
281,365,1.0
281,267,1.2041241452319316
281,75,1.0
281,248,1.0
281,287,1.0
281,295,1.0
281,385,1.0
281,382,1.0
281,10,1.0
281,294,1.0
281,188,1.0
281,66,1.0
281,181,1.0
282,340,1.0
282,38,2.885618083164127
282,32,1.0
282,197,1.0
282,369,1.0
282,254,1.0
282,321,1.0
282,178,1.0
282,310,1.0
282,245,1.0
282,83,1.0
282,233,1.0
282,214,1.0
282,268,1.0
282,236,1.0
282,126,1.8944271909999157
282,206,1.0
282,352,1.0
282,372,1.0
282,212,1.0
283,9,1.0
283,383,1.0
283,176,1.0
283,360,1.0
283,164,1.0
283,373,1.0
283,325,1.0
283,320,1.0
283,77,1.0
283,57,1.0
283,156,1.0
283,362,1.0
283,44,1.0
283,331,1.0
283,252,1.0
283,219,1.0
283,337,1.0
283,203,1.0
283,347,1.0
283,180,1.0
284,216,1.0
284,29,1.0
284,107,1.0
284,317,1.0
284,386,1.0
284,358,1.0
284,327,1.0
284,269,1.0
284,289,1.0
284,355,1.0
284,21,1.0
284,273,1.0
284,258,1.0
284,223,1.0
284,182,1.0
284,96,1.0
284,90,1.0
284,347,1.0
284,296,1.0
284,363,1.0
285,361,3.0
285,255,1.0
285,41,1.0
285,39,1.0
285,71,1.0
285,63,2.9188064472004935
285,241,1.0
285,251,1.0
285,94,1.0
285,394,1.0
285,89,1.0
285,109,1.0
285,208,1.0
285,231,1.0
285,224,1.0
285,308,1.0
285,62,1.0
285,389,1.0
285,59,1.0
285,319,1.0
286,191,1.0
286,354,1.0
286,24,1.0
286,144,1.0
286,332,1.0
286,85,1.0
286,147,1.0
286,185,1.0
286,323,1.0
286,170,1.0
286,167,1.0
286,235,1.0
286,276,1.0
286,213,1.0
286,154,1.0
286,376,1.0
286,4,1.0
286,49,1.0
286,98,1.0
286,237,1.0
287,248,1.0
287,75,1.0
287,295,1.0
287,267,1.0
287,92,1.0
287,53,1.0
287,385,1.0
287,281,1.0
287,8,1.0
287,359,1.0
287,11,1.0
287,382,1.0
287,398,1.0
287,10,1.0
287,72,1.0
287,294,1.0
287,365,1.0
287,188,1.0
287,66,1.0
287,217,1.0
288,55,1.0
288,50,1.0
288,3,1.0
288,115,1.0
288,61,1.0
288,393,1.0
288,270,1.0
288,324,1.0
288,40,1.0
288,217,1.0
288,66,1.1825741858350554
288,188,1.0
288,294,1.0
288,10,1.0
288,382,1.0
288,385,1.0
288,368,1.0
288,248,1.0
288,295,1.0
288,287,1.0
289,269,1.0
289,107,1.0
289,29,1.0
289,284,1.0
289,358,1.0
289,216,1.0
289,327,1.0
289,317,1.0
289,355,1.0
289,386,1.0
289,21,1.0
289,273,1.0
289,258,1.0
289,223,1.0
289,296,1.0
289,363,1.0
289,347,1.0
289,182,1.0
289,96,1.0
289,90,1.0
290,64,1.0
290,128,1.0
290,158,1.0
290,388,1.0
290,339,1.0
290,12,1.0
290,384,1.0
290,257,1.0
290,395,1.0
290,108,1.3086066999241839
290,159,1.0
290,86,1.0
290,379,1.0
290,42,1.0
290,100,1.0
290,106,1.0
290,183,1.0
290,342,1.0
290,133,1.0
290,14,1.0
291,46,1.0
291,6,1.0
291,104,1.0
291,102,1.0
291,292,1.0
291,334,1.0
291,127,1.0
291,133,1.0
291,14,1.0
291,7,1.0
291,345,1.0
291,166,1.0
291,121,1.0
291,391,1.0
291,351,1.0
291,313,1.0
291,73,1.0
291,297,1.0
291,243,1.0
291,379,1.0
292,102,1.0
292,104,1.3202563076101743
292,6,1.0
292,291,1.0
292,46,1.0
292,334,1.0
292,7,1.0
292,127,1.0
292,121,1.0
292,133,1.0
292,14,1.0
292,391,1.0
292,345,1.0
292,166,1.0
292,351,1.0
292,313,1.0
292,73,1.0
292,297,1.0
292,243,1.0
292,379,1.0
293,387,2.7888543819998315
293,322,1.0
293,234,1.0
293,98,1.0
293,49,1.676123403782813
293,4,1.0
293,154,1.0
293,376,1.0
293,213,1.0
293,167,1.0
293,276,1.0
293,69,1.0
293,323,1.0
293,185,1.0
293,170,1.0
293,74,1.0
293,337,1.0
293,331,1.0
293,24,1.0
293,237,1.0
294,188,1.0
294,66,1.0
294,10,1.0
294,382,1.0
294,217,1.0
294,385,1.0
294,40,1.0
294,270,1.0
294,324,1.0
294,393,1.0
294,61,1.0
294,295,1.0
294,287,1.0
294,248,1.0
294,115,1.0
294,3,1.0
294,75,1.0
294,55,1.0
294,288,1.0
294,50,1.1931218198341071
295,287,1.0
295,248,1.0
295,75,1.0
295,267,1.0
295,92,1.0
295,53,1.0
295,385,1.0
295,281,1.0
295,382,1.0
295,8,1.0
295,359,1.0
295,11,1.0
295,10,1.0
295,398,1.0
295,294,1.0
295,188,1.0
295,72,1.0
295,66,1.0
295,365,1.0
295,181,1.0
296,363,1.0
296,228,1.3651483716701107
296,99,1.0
296,269,1.0
296,289,1.0
296,107,1.0
296,29,1.0
296,358,1.0
296,180,1.0
296,21,1.0
296,148,1.0
296,347,1.0
296,91,1.0
296,219,1.0
296,18,1.0
296,284,1.0
296,355,1.0
296,258,1.0
296,273,1.0
296,155,1.0
297,73,1.0
297,313,1.0
297,351,1.0
297,121,1.0
297,391,1.0
297,243,1.0
297,7,1.0
297,127,1.0
297,292,1.0
297,102,1.0
297,104,1.0
297,166,1.0
297,6,1.0
297,334,1.0
297,291,1.0
297,46,1.0
297,345,1.0
297,146,1.0
297,133,1.0
297,14,1.0
298,199,1.0
298,131,1.0
298,344,1.0
298,311,1.0
298,67,1.0
298,144,1.0
298,130,1.0
298,229,1.0
298,37,1.0
298,2,1.0
298,190,1.0
298,177,1.0
298,103,1.0
298,396,1.0
298,87,1.0
298,186,1.0
298,175,1.0
298,204,1.0
298,196,1.0
298,300,1.0
299,60,1.0
299,357,1.0
299,179,2.414213562373095
299,306,3.0
299,88,1.0
299,242,3.0
299,114,1.0
299,348,1.0
299,26,1.0
299,266,2.986291819259403
299,215,3.0
299,129,2.7457431218879393
299,35,2.897366596101027
299,205,1.0
299,232,1.0
299,309,1.0
299,122,1.214422506967559
299,301,2.9611613513818407
299,225,1.0
299,235,1.0
300,22,1.0
300,261,1.0
300,2,1.0
300,162,1.0
300,37,1.0
300,130,1.0
300,190,1.0
300,177,1.0
300,196,1.0
300,45,1.0
300,204,1.0
300,136,1.0
300,120,1.0
300,229,1.0
300,103,1.0
300,27,1.0
300,175,1.0
300,87,1.0
300,186,1.0
300,174,1.0
301,122,1.21025856676559
301,129,2.711841970043652
301,348,1.0
301,114,1.0
301,26,1.0
301,357,1.0
301,225,1.0
301,205,1.0
301,60,1.0
301,299,2.9611613513818407
301,232,1.0
301,215,2.9611613513818407
301,242,2.9611613513818407
301,35,2.860521018838127
301,179,2.386750490563073
301,306,2.9611613513818407
301,88,1.0
301,266,2.9477193742487326
301,235,1.0
301,309,1.0
302,194,1.0
302,169,1.0
302,110,1.0
302,16,1.0
302,221,1.0
302,187,3.0
302,244,1.0
302,23,1.0
302,318,1.0
302,214,1.0
302,174,1.0
302,186,1.0
302,87,1.0
302,175,1.0
302,103,1.0
302,396,1.0
302,229,1.0
302,120,1.0
302,136,1.0
302,45,1.3535533905932737
303,79,1.0
303,384,1.0
303,12,1.0
303,219,1.0
303,91,1.0
303,180,1.0
303,142,1.0
303,155,1.0
303,118,1.0
303,18,1.0
303,156,1.0
303,325,1.0
303,360,1.0
303,57,1.0
303,9,1.0
303,164,1.0
303,176,1.0
303,320,1.0
303,283,1.0
303,290,1.0
304,220,2.9425717247145284
304,123,2.9425717247145284
304,397,2.9425717247145284
304,222,2.8692405136401473
304,350,1.0
304,207,1.0
304,315,2.9425717247145284
304,277,1.0
304,143,1.7371541402007413
304,209,1.0
304,178,1.0
304,212,1.0
304,30,2.460542827037791
304,239,2.9043148621852484
304,78,1.0
304,116,1.137360563948689
304,226,1.0
304,93,1.0
304,33,1.0
304,389,2.9425717247145284
305,263,1.0
305,100,1.0
305,108,1.0
305,377,1.0
305,328,1.0
305,211,1.0
305,291,1.0
305,46,1.0
305,133,1.0
305,14,1.0
305,104,1.0
305,6,1.0
305,292,1.0
305,334,1.0
305,102,1.0
305,395,1.0
305,127,1.0
305,345,1.0
305,379,1.0
305,7,1.0
306,88,1.0
306,266,2.986291819259403
306,299,3.0
306,357,1.0
306,309,1.0
306,179,2.414213562373095
306,60,1.0
306,242,3.0
306,348,1.0
306,114,1.0
306,26,1.0
306,129,2.745743121887939
306,215,3.0
306,122,1.214422506967559
306,35,2.8973665961010275
306,232,1.0
306,205,1.0
306,235,1.0
306,301,2.9611613513818407
306,225,1.0
307,119,1.0
307,308,1.0
307,361,1.0
307,285,1.0
307,255,1.0
307,63,1.0
307,59,1.0
307,34,1.0
307,71,1.0
307,41,1.0
307,378,1.0
307,65,1.0
307,208,1.0
307,43,1.0
307,251,1.0
307,39,1.0
307,264,1.0
307,241,1.0
307,94,1.0
307,394,1.0
308,59,1.0
308,34,1.0
308,43,1.0
308,208,1.0
308,378,1.0
308,251,1.0
308,63,1.0
308,65,1.0
308,264,1.0
308,71,1.0
308,255,1.0
308,41,1.0
308,39,1.0
308,68,1.0
308,361,1.0
308,285,1.0
308,307,1.0
308,349,1.0
308,119,1.0
308,241,1.0
309,266,1.2090833493957267
309,306,1.0
309,88,1.0
309,179,1.0
309,299,1.0
309,357,1.0
309,242,1.0
309,60,1.0
309,150,1.0
309,215,1.0
309,114,2.0
309,348,1.0
309,26,1.0
309,35,1.0
309,129,1.0
309,232,1.0
309,205,1.0
309,122,1.0
309,235,1.0
309,301,1.0
310,233,2.195228609334394
310,236,1.0
310,245,1.0
310,83,1.0
310,206,1.0
310,126,1.676123403782813
310,54,1.0
310,256,1.676123403782813
310,268,1.5345224838248486
310,254,1.0
310,81,1.676123403782813
310,372,1.801783725737273
310,375,1.0
310,172,1.0
310,352,1.0
310,312,1.0
310,381,1.0
310,171,1.0
310,36,1.2182178902359924
310,38,1.0
311,67,1.0
311,199,1.0
311,131,1.0
311,259,1.0
311,271,1.0
311,47,1.0
311,247,1.0
311,367,1.0
311,201,1.0
311,25,1.0
311,117,1.0
311,329,1.0
311,202,1.0
311,48,1.0
311,298,1.0
311,160,1.0
311,249,1.0
311,333,1.0
311,112,1.0
311,279,1.0
312,171,1.0
312,36,1.0
312,375,1.0
312,172,1.0
312,81,1.0
312,372,1.0
312,256,1.0
312,352,1.0
312,268,1.0
312,126,1.0
312,54,2.414213562373095
312,206,1.0
312,381,1.0
312,83,1.0
312,236,1.0
312,245,1.0
312,233,1.0
312,310,1.0
312,254,1.0
312,238,1.0
313,351,1.0
313,73,1.0
313,297,1.0
313,121,1.0
313,391,1.0
313,243,1.0
313,7,1.0
313,127,1.0
313,292,1.0
313,102,1.0
313,166,1.0
313,104,1.0
313,6,1.0
313,334,1.0
313,291,1.0
313,46,1.0
313,345,1.0
313,146,1.0
313,133,1.0
313,14,1.0
314,260,1.0
314,163,1.0
314,13,1.0
314,336,1.0
314,198,1.0
314,332,1.0
314,147,1.0
314,85,1.0
314,278,1.0
314,333,1.0
314,354,1.0
314,380,1.0
314,392,1.0
314,17,1.0
314,364,1.0
314,249,1.0
314,191,1.0
314,95,1.0
314,189,1.0
314,286,1.0
315,277,1.0
315,143,1.632455532033676
315,209,1.0
315,207,1.0
315,350,1.0
315,222,2.9245008972987527
315,397,3.0
315,123,3.0
315,220,3.0
315,304,2.9425717247145284
315,78,1.0
315,239,2.8973665961010275
315,30,2.4552137502179976
315,389,3.0
315,62,1.0
315,226,1.0
315,93,1.0
315,116,1.0
315,33,1.0
315,330,1.0
316,157,1.0
316,138,1.0
316,101,1.0
316,113,1.0
316,326,1.0
316,275,1.0
316,353,1.0
316,161,1.0
316,149,1.0
316,349,1.0
316,211,1.0
316,105,1.0
316,328,1.0
316,377,1.0
316,39,1.0
316,305,1.0
316,251,1.0
316,71,1.0
316,41,1.0
316,151,1.0
317,216,1.0
317,327,1.0
317,284,1.0
317,386,1.0
317,29,1.0
317,107,1.0
317,289,1.0
317,269,1.0
317,358,1.0
317,355,1.0
317,182,1.0
317,21,1.0
317,273,1.0
317,96,1.0
317,90,1.0
317,258,1.0
317,223,1.0
317,347,1.0
317,296,1.0
317,363,1.0
318,244,1.0
318,16,1.0
318,23,1.0
318,187,1.0
318,110,1.0
318,214,1.0
318,169,1.0
318,194,1.0
318,302,1.0
318,221,1.0
318,396,1.0
318,321,1.0
318,174,1.0
318,186,1.0
318,87,1.0
318,175,1.0
318,103,1.0
318,197,1.0
318,229,1.0
318,32,1.0
319,33,1.0
319,330,1.0
319,111,1.0
319,93,1.0
319,226,1.0
319,116,1.0
319,394,1.0
319,239,1.0
319,30,1.0
319,94,1.0
319,109,1.0
319,62,1.0
319,89,1.0
319,241,1.0
319,78,1.0
319,231,1.0
319,389,1.0
319,224,1.0
319,277,1.0
319,143,1.0
320,164,1.0
320,176,1.0
320,9,1.0
320,77,1.0
320,373,1.0
320,383,1.0
320,57,1.0
320,325,1.0
320,360,1.0
320,156,1.0
320,283,1.0
320,219,1.0
320,44,1.0
320,362,1.0
320,347,1.0
320,252,1.0
320,180,1.0
320,331,1.0
320,203,1.0
320,303,1.0
321,369,1.0
321,396,1.0
321,197,1.0
321,318,1.0
321,340,1.0
321,32,1.0
321,214,1.0
321,244,1.0
321,282,1.0
321,16,1.0
321,23,1.0
321,187,1.0
321,110,1.0
321,38,1.0
321,169,1.0
321,221,1.0
321,194,1.0
321,302,1.0
321,254,1.0
321,178,1.0
322,387,1.0
322,293,1.0
322,376,1.0
322,234,1.0
322,98,1.0
322,49,1.0
322,154,1.0
322,213,1.0
322,4,1.0
322,276,1.0
322,167,1.0
322,69,1.0
322,323,1.0
322,185,1.0
322,170,1.0
322,74,1.0
322,24,1.0
322,337,1.0
322,331,1.0
322,237,1.0
323,167,1.0
323,276,1.0
323,154,1.0
323,4,1.0
323,213,1.0
323,49,1.0
323,98,1.0
323,234,1.0
323,185,1.0
323,376,1.0
323,170,1.0
323,322,1.0
323,387,1.0
323,293,1.0
323,24,1.0
323,69,1.0
323,337,1.0
323,237,1.0
323,74,1.0
323,331,1.0
324,270,1.0
324,393,1.0
324,61,1.0
324,40,1.0
324,115,1.0
324,3,1.0
324,55,1.0
324,288,1.0
324,50,1.0
324,217,1.0
324,66,1.0
324,188,1.0
324,294,1.0
324,10,1.0
324,382,1.0
324,385,1.0
324,368,1.0
324,248,1.0
324,287,1.0
324,295,1.0
325,360,1.0
325,57,1.0
325,9,1.0
325,164,1.0
325,176,1.0
325,320,1.0
325,373,1.0
325,77,1.0
325,156,1.0
325,383,1.0
325,283,1.0
325,219,1.0
325,180,1.0
325,362,1.0
325,44,1.0
325,347,1.0
325,252,1.0
325,303,1.0
325,331,1.0
325,79,1.0
326,161,1.0
326,101,1.0
326,113,1.0
326,275,1.0
326,353,1.0
326,149,1.0
326,157,1.0
326,316,1.0
326,105,1.0
326,138,1.0
326,211,1.0
326,328,1.0
326,377,2.0
326,210,1.0
326,305,1.0
326,263,1.0
326,349,1.0
326,100,1.0
326,108,1.0
326,148,1.0
327,317,1.0
327,216,1.0
327,284,1.0
327,386,1.0
327,289,1.0
327,269,1.0
327,29,1.0
327,107,1.0
327,358,1.0
327,182,1.0
327,355,1.0
327,96,1.0
327,90,1.0
327,21,1.0
327,273,1.0
327,258,1.0
327,223,1.0
327,347,1.0
327,296,1.0
327,363,1.0
328,377,1.0
328,305,1.0
328,211,1.0
328,263,1.0
328,108,1.0
328,100,1.0
328,148,1.0
328,275,1.0
328,161,1.0
328,118,1.0
328,155,1.0
328,18,1.0
328,291,1.0
328,46,1.0
328,104,1.0
328,6,1.0
328,133,1.0
328,14,1.0
328,292,1.0
328,102,1.0
329,202,1.0
329,48,1.0
329,201,1.0
329,47,1.0
329,247,1.0
329,367,1.0
329,25,1.0
329,271,1.0
329,259,1.0
329,117,1.0
329,160,1.0
329,67,1.0
329,311,1.0
329,279,1.0
329,227,1.0
329,112,1.0
329,265,1.0
329,137,1.0
329,371,1.0
329,124,1.0
330,33,1.0
330,319,1.0
330,93,1.0
330,226,1.0
330,239,1.0
330,30,1.0
330,116,1.0
330,62,1.0
330,78,1.0
330,111,1.0
330,389,1.0
330,394,1.0
330,109,1.0
330,231,1.0
330,89,1.0
330,94,1.0
330,224,1.0
330,241,1.0
330,277,1.0
330,143,1.0
331,337,1.0
331,293,1.0
331,387,1.0
331,283,1.0
331,234,1.0
331,322,1.0
331,49,1.0
331,98,1.0
331,4,1.0
331,154,1.0
331,362,1.0
331,69,1.0
331,74,1.0
331,376,1.0
331,167,1.0
331,213,1.0
331,383,1.0
331,276,1.0
331,360,1.0
331,9,1.0
332,147,1.0
332,85,1.0
332,354,1.0
332,336,1.0
332,191,1.0
332,286,1.0
332,163,1.0
332,24,1.0
332,260,1.0
332,314,1.0
332,13,1.0
332,170,1.0
332,198,1.0
332,185,1.0
332,323,1.0
332,276,1.0
332,213,1.0
332,167,1.0
332,376,1.0
332,154,1.0
333,249,1.0
333,392,1.0
333,17,1.0
333,278,1.0
333,198,1.0
333,374,1.0
333,189,1.0
333,1,1.0
333,125,1.0
333,380,1.0
333,13,1.0
333,95,1.0
333,117,1.0
333,364,1.0
333,25,1.0
333,367,1.0
333,260,1.0
333,141,1.0
333,314,1.0
333,112,1.0
334,46,1.0
334,291,1.0
334,127,1.0
334,102,1.0
334,6,1.0
334,292,1.0
334,133,1.0
334,14,1.0
334,104,1.0
334,7,1.0
334,345,1.0
334,166,1.0
334,391,1.0
334,121,1.0
334,379,1.0
334,42,1.0
334,243,1.0
334,351,1.0
334,395,1.0
334,313,1.0
335,195,1.0
335,274,1.0
335,124,1.0
335,84,1.0
335,390,1.0
335,145,1.0
335,250,1.0
335,218,1.0
335,137,1.0
335,371,1.0
335,246,1.0
335,28,1.0
335,76,1.0
335,280,1.0
335,343,1.0
335,265,1.0
335,227,1.0
335,112,1.0
335,15,1.0
335,141,1.0
336,163,1.0
336,260,1.0
336,314,1.0
336,13,1.0
336,332,1.0
336,198,1.0
336,147,1.0
336,85,1.0
336,354,1.0
336,191,1.0
336,333,1.0
336,286,1.0
336,392,1.0
336,278,1.0
336,17,1.0
336,24,1.0
336,380,1.0
336,249,1.0
336,364,1.0
336,170,1.0
337,331,1.0
337,293,1.0
337,387,1.0
337,234,1.0
337,49,1.0
337,4,1.0
337,98,1.0
337,154,1.0
337,322,1.0
337,167,1.0
337,376,1.0
337,213,1.0
337,323,1.0
337,276,1.0
337,69,1.0
337,283,1.0
337,237,1.0
337,74,1.0
337,185,1.0
337,362,1.0
338,136,1.0
338,19,1.0
338,165,1.0
338,45,1.0
338,120,1.0
338,162,1.0
338,261,1.0
338,177,1.0
338,190,1.0
338,175,1.0
338,103,1.0
338,229,1.0
338,300,1.0
338,22,1.0
338,130,1.0
338,37,1.0
338,174,1.0
338,87,1.0
338,186,1.0
338,2,1.0
339,388,1.0
339,128,1.0
339,64,1.0
339,158,1.0
339,86,1.0
339,257,1.0
339,159,1.0
339,106,1.0
339,342,1.0
339,183,1.0
339,42,1.0
339,395,1.0
339,379,1.0
339,31,1.0
339,341,1.0
339,146,1.0
339,345,1.0
339,166,1.0
339,133,1.0
339,14,1.0
340,282,1.0
340,369,1.0
340,38,1.0
340,197,1.0
340,32,1.0
340,254,1.0
340,321,1.0
340,310,2.511857892036909
340,245,1.0
340,233,1.0
340,83,1.0
340,178,1.0
340,236,1.0
340,268,1.0
340,126,1.0
340,214,1.0
340,206,1.0
340,54,1.0
340,372,1.0
340,352,1.0
341,31,2.2344267996967355
341,19,1.0
341,165,1.0
341,106,1.0
341,86,2.9611613513818407
341,366,1.0
341,342,1.0
341,183,1.0
341,146,1.0
341,257,1.0
341,339,1.0
341,159,1.0
341,388,1.0
341,128,1.0
341,243,1.0
341,64,1.0
341,158,1.0
341,42,2.1547005383792515
341,166,1.0
341,379,1.0
342,106,1.0
342,86,1.0
342,183,1.0
342,159,1.0
342,257,1.0
342,146,1.0
342,42,1.0
342,366,1.0
342,388,1.0
342,339,1.0
342,379,1.0
342,243,1.0
342,166,1.0
342,345,1.0
342,31,1.0
342,395,1.0
342,341,1.0
342,158,1.0
342,391,1.0
342,127,1.0
343,76,1.0
343,141,1.0
343,137,1.0
343,274,1.0
343,218,1.0
343,112,1.0
343,250,1.0
343,335,1.0
343,84,1.0
343,195,1.0
343,145,1.0
343,124,1.0
343,390,1.0
343,246,1.0
343,371,1.0
343,160,1.0
343,227,1.0
343,28,1.0
343,265,1.0
343,280,1.0
344,144,1.0
344,301,1.0
344,122,1.0
344,298,1.0
344,129,1.0
344,235,1.0
344,357,1.0
344,225,1.0
344,348,1.0
344,114,1.0
344,26,1.0
344,205,1.0
344,60,1.0
344,299,1.0
344,204,1.0
344,88,1.0
344,306,1.0
344,232,1.0
344,215,1.0
344,242,1.0
345,166,1.0
345,127,1.0
345,133,1.0
345,14,1.0
345,334,1.0
345,42,1.0
345,379,1.0
345,7,1.0
345,46,1.0
345,395,1.0
345,102,1.0
345,291,1.0
345,391,1.0
345,6,1.0
345,243,1.0
345,292,1.0
345,104,1.0
345,121,1.0
345,351,1.0
345,313,1.0
346,51,1.0
346,139,1.0
346,58,1.0
346,152,1.0
346,70,1.0
346,200,1.0
346,153,1.0
346,262,1.0
346,5,1.0
346,370,1.0
346,140,1.0
346,20,1.0
346,240,1.0
346,365,1.0
346,72,1.0
346,253,1.0
346,398,1.0
346,11,1.0
346,359,1.0
346,8,1.0
347,258,1.0
347,156,1.0
347,223,1.0
347,77,1.0
347,320,1.0
347,373,1.0
347,21,1.0
347,164,1.0
347,176,1.0
347,383,1.0
347,57,1.0
347,9,1.0
347,273,1.0
347,219,1.0
347,180,1.0
347,325,1.0
347,360,1.0
347,44,1.0
347,355,1.0
347,283,1.0
348,114,1.0
348,26,1.0
348,60,1.0
348,129,1.0
348,205,1.0
348,242,1.0
348,215,1.0
348,357,1.0
348,299,1.0
348,232,1.0
348,35,1.0
348,179,1.0
348,225,1.0
348,122,1.0
348,301,1.0
348,306,1.0
348,88,1.0
348,266,1.0
348,309,1.0
348,235,1.0
349,39,1.0
349,41,1.0
349,71,1.0
349,255,1.0
349,285,1.0
349,361,1.0
349,224,1.0
349,231,1.0
349,63,1.0
349,389,1.0
349,89,1.0
349,251,1.0
349,109,1.0
349,62,1.0
349,94,1.0
349,208,1.0
349,394,1.0
349,241,1.0
349,209,1.0
349,78,1.0
350,207,1.0
350,315,1.0
350,143,1.0
350,209,1.0
350,277,1.0
350,222,1.0
350,397,1.0
350,123,1.0
350,220,1.0
350,304,1.0
350,78,1.0
350,239,1.0
350,30,1.0
350,389,1.0
350,62,1.0
350,226,1.0
350,93,1.0
350,116,1.0
350,33,1.0
350,330,1.0
351,313,1.0
351,73,1.0
351,297,1.0
351,121,1.0
351,391,1.0
351,243,1.0
351,7,1.0
351,127,1.0
351,292,1.0
351,102,1.0
351,166,1.0
351,104,1.0
351,6,1.0
351,334,1.0
351,291,1.0
351,46,1.0
351,345,1.0
351,146,1.0
351,133,1.0
351,14,1.0
352,372,1.0
352,381,1.0
352,268,1.0
352,126,1.0
352,83,1.0
352,312,1.0
352,245,1.0
352,171,1.0
352,206,1.0
352,256,1.0
352,236,1.0
352,81,1.0
352,54,1.0
352,310,1.0
352,375,1.0
352,36,1.0
352,172,1.0
352,233,1.0
352,254,1.0
352,38,1.0
353,149,1.0
353,113,1.0
353,326,1.0
353,101,1.0
353,161,1.0
353,105,1.2041241452319316
353,275,1.0
353,157,1.0
353,316,1.0
353,138,1.0
353,210,1.0
353,211,1.0
353,328,1.0
353,377,1.0
353,305,1.0
353,349,1.0
353,263,1.0
353,148,1.5773502691896257
353,100,1.0
353,108,1.0
354,191,1.0
354,286,1.0
354,332,1.0
354,85,1.0
354,147,1.0
354,144,1.0
354,336,1.0
354,198,1.0
354,163,1.0
354,260,1.0
354,24,1.0
354,13,1.0
354,314,1.0
354,344,1.0
354,170,1.0
354,185,1.0
354,333,1.0
354,235,1.0
354,323,1.0
354,167,1.0
355,273,1.0
355,21,1.0
355,358,1.0
355,258,1.0
355,223,1.0
355,29,1.0
355,107,1.0
355,386,1.0
355,284,1.0
355,216,1.0
355,317,1.0
355,269,1.0
355,289,1.0
355,347,1.0
355,327,1.0
355,44,1.0
355,203,1.0
355,252,1.0
355,77,1.0
355,373,1.0
356,173,1.0
356,52,1.0
356,238,1.0
356,272,1.0
356,36,1.5163977794943222
356,171,1.0
356,172,1.0
356,375,1.0
356,312,1.0
356,81,1.0
356,256,1.0
356,54,1.0
356,206,1.0
356,372,1.0
356,126,1.0
356,236,1.0
356,352,1.0
356,268,1.0
356,381,1.0
356,83,1.0
357,299,1.0
357,129,1.0
357,60,1.0
357,348,1.0
357,114,1.0
357,306,1.0
357,88,1.0
357,26,1.0
357,122,1.0
357,179,1.0
357,266,1.0
357,242,1.0
357,215,1.0
357,205,1.0
357,301,1.0
357,232,1.0
357,35,1.0
357,309,1.0
357,225,1.0
357,235,1.0
358,107,1.0
358,29,1.0
358,355,1.0
358,21,1.0
358,284,1.0
358,273,1.0
358,269,1.0
358,258,1.0
358,289,1.0
358,386,3.0
358,216,1.0
358,223,1.0
358,317,1.0
358,327,1.0
358,347,3.0
358,296,1.0
358,363,1.0
358,156,1.0
358,77,1.0
358,44,1.0
359,8,1.0
359,281,1.0
359,11,1.0
359,398,1.0
359,72,1.0
359,53,1.0
359,365,1.0
359,92,1.0
359,267,1.0
359,75,1.0
359,248,1.0
359,287,1.0
359,295,1.0
359,385,1.0
359,382,1.0
359,10,1.0
359,294,1.0
359,188,1.0
359,66,2.341640786499874
359,181,1.0
360,325,1.0
360,57,1.0
360,9,1.0
360,164,1.0
360,176,1.0
360,320,1.0
360,373,1.0
360,283,1.0
360,77,1.0
360,383,1.0
360,156,1.0
360,219,1.0
360,180,1.0
360,362,1.0
360,44,1.0
360,347,1.0
360,252,1.0
360,303,1.0
360,331,1.0
360,79,1.0
361,285,3.0
361,255,1.0
361,41,1.0
361,39,1.0
361,71,1.0
361,63,2.9188064472004935
361,251,1.0
361,241,1.0
361,208,1.0
361,94,1.0
361,394,1.0
361,109,1.0
361,89,1.0
361,231,1.0
361,224,1.0
361,308,1.0
361,59,1.0
361,62,1.0
361,389,1.0
361,319,1.0
362,252,1.0
362,44,1.0
362,203,1.0
362,383,1.0
362,283,1.0
362,373,1.0
362,77,1.0
362,9,1.0
362,176,1.0
362,164,1.0
362,320,1.0
362,360,1.0
362,325,1.0
362,57,1.0
362,331,1.0
362,156,1.0
362,74,1.0
362,337,1.0
362,347,1.0
362,69,1.0
363,296,1.0
363,228,1.0
363,99,1.0
363,269,1.0
363,289,1.0
363,107,1.0
363,29,1.0
363,358,1.0
363,180,1.0
363,148,1.0
363,21,1.0
363,91,1.0
363,347,1.0
363,18,1.0
363,219,1.0
363,284,1.0
363,355,1.0
363,258,1.0
363,273,1.0
363,155,1.0
364,380,1.0
364,95,1.0
364,278,1.0
364,189,1.0
364,17,1.0
364,125,1.0
364,392,1.0
364,1,1.0
364,374,1.0
364,249,1.0
364,333,1.0
364,198,1.0
364,141,1.0
364,13,1.0
364,343,1.0
364,76,1.0
364,112,1.0
364,218,1.0
364,137,1.0
364,274,1.0
365,72,1.0
365,398,1.0
365,11,1.0
365,359,1.0
365,8,1.0
365,281,1.0
365,53,1.0
365,92,1.0
365,267,1.0
365,75,1.0
365,248,1.0
365,287,1.0
365,295,1.0
365,385,1.0
365,382,1.0
365,10,1.0
365,294,1.0
365,262,1.0
365,188,1.0
365,66,1.0
366,146,1.0
366,342,1.0
366,106,1.0
366,183,1.0
366,243,1.0
366,341,1.0
366,31,1.0
366,86,1.0
366,159,1.0
366,73,1.0
366,391,1.0
366,313,1.0
366,351,1.0
366,297,1.0
366,257,1.0
366,166,1.0
366,121,1.0
366,7,1.0
366,42,1.0
366,345,1.0
367,25,1.0
367,47,1.0
367,247,1.0
367,329,1.0
367,48,1.0
367,202,1.0
367,259,1.0
367,271,1.0
367,201,1.0
367,117,1.0
367,67,1.0
367,311,1.0
367,160,1.0
367,279,1.0
367,112,1.0
367,227,1.0
367,199,1.0
367,131,1.0
367,265,1.0
367,137,1.0
368,181,1.0
368,56,1.0
368,184,1.0
368,10,1.0
368,294,1.0
368,188,1.0
368,66,1.0
368,217,1.0
368,382,1.0
368,385,1.0
368,40,1.0
368,61,1.0
368,393,1.0
368,270,1.0
368,3,1.0
368,115,1.0
368,288,1.0
368,55,1.0
368,324,1.0
368,50,1.0
369,197,1.0
369,340,1.0
369,32,1.0
369,282,1.0
369,38,1.0
369,321,1.0
369,254,1.0
369,214,1.0
369,310,1.0
369,178,1.0
369,245,1.0
369,233,1.0
369,23,1.0
369,318,1.0
369,83,1.0
369,187,1.0
369,244,1.0
369,236,1.0
369,126,1.0
369,268,1.0
370,51,1.0
370,139,1.0
370,346,1.0
370,70,1.0
370,153,1.0
370,140,1.0
370,200,1.0
370,262,1.0
370,272,1.0
370,152,1.0
370,58,1.0
370,5,1.0
370,238,1.0
370,72,1.0
370,365,1.0
370,398,1.0
370,11,1.0
370,359,1.0
370,8,1.0
370,281,1.0
371,265,1.0
371,390,1.0
371,280,1.0
371,124,1.0
371,28,1.0
371,227,1.0
371,195,1.0
371,335,1.0
371,145,1.0
371,84,1.0
371,246,1.0
371,15,1.0
371,279,1.0
371,274,1.0
371,250,1.0
371,137,1.0
371,218,1.0
371,134,1.0
371,76,1.0
371,112,1.0
372,352,1.0
372,381,1.0
372,268,1.25
372,126,1.7905694150420948
372,83,1.0
372,312,1.0
372,245,1.0
372,206,1.0
372,256,1.316227766016838
372,171,1.0
372,236,1.0
372,81,2.7392527130926085
372,54,1.0
372,375,1.0
372,310,1.801783725737273
372,172,1.0
372,233,1.7826237921249264
372,36,1.5103103630798287
372,254,1.7071067811865475
372,38,1.0
373,77,1.0
373,383,1.0
373,320,1.0
373,176,1.0
373,164,1.0
373,9,1.0
373,57,1.0
373,325,1.0
373,360,1.0
373,283,1.0
373,156,1.0
373,44,1.0
373,362,1.0
373,252,1.0
373,219,1.0
373,347,1.0
373,180,1.0
373,203,1.0
373,331,1.0
373,303,1.0
374,1,1.0
374,125,1.0
374,141,1.0
374,343,1.0
374,112,1.0
374,76,1.0
374,189,1.0
374,249,1.0
374,137,1.0
374,274,1.0
374,218,1.0
374,160,1.0
374,95,1.0
374,250,1.0
374,335,1.0
374,392,1.0
374,84,1.0
374,195,1.0
374,17,1.0
374,124,1.0
375,172,3.0
375,81,1.0
375,256,1.0
375,312,1.0
375,36,1.0
375,54,1.0
375,171,1.0
375,206,1.0
375,126,1.0
375,236,1.0
375,268,1.0
375,83,1.0
375,233,1.0
375,245,1.0
375,372,1.0
375,310,1.0
375,352,1.0
375,381,1.0
375,254,1.0
375,238,1.0
376,213,1.0
376,276,1.0
376,322,1.0
376,167,1.0
376,154,1.0
376,234,1.0
376,98,1.0
376,49,1.0
376,4,1.0
376,185,1.0
376,387,1.0
376,293,1.0
376,323,1.0
376,170,1.0
376,69,1.0
376,24,1.0
376,74,1.0
376,337,1.0
376,331,1.0
376,237,1.0
377,328,1.0
377,305,1.0
377,211,1.0
377,263,1.0
377,108,1.0
377,100,1.0
377,148,1.0
377,275,1.0
377,161,1.0
377,118,1.0
377,155,1.0
377,18,1.0
377,291,1.0
377,46,1.0
377,104,1.0
377,6,1.0
377,133,1.0
377,14,1.0
377,292,1.0
377,102,1.0
378,43,1.0
378,34,1.0
378,65,1.0
378,264,1.0
378,59,1.0
378,308,1.0
378,68,1.0
378,208,1.0
378,251,1.0
378,63,1.0
378,71,1.0
378,255,1.0
378,41,1.0
378,39,1.0
378,361,1.0
378,285,1.0
378,307,1.0
378,119,1.0
378,349,1.0
378,241,1.0
379,42,1.0
379,395,1.0
379,345,1.0
379,133,1.0
379,14,1.0
379,166,1.0
379,127,1.0
379,334,1.0
379,159,1.0
379,7,1.0
379,183,1.0
379,257,1.0
379,46,1.0
379,291,1.0
379,243,1.0
379,102,1.0
379,6,1.0
379,391,1.0
379,292,1.0
379,104,1.0
380,364,1.0
380,278,1.0
380,17,1.0
380,95,1.0
380,189,1.0
380,392,1.0
380,125,1.0
380,1,1.0
380,333,1.0
380,249,1.0
380,374,1.0
380,198,1.0
380,13,1.0
380,314,1.0
380,141,1.0
380,343,1.0
380,260,1.0
380,76,1.0
380,112,1.0
380,163,1.0
381,352,1.0
381,372,1.0
381,268,1.0
381,126,1.0
381,312,1.0
381,83,1.0
381,171,1.0
381,245,1.0
381,206,1.0
381,256,1.0
381,236,1.0
381,81,1.0
381,54,1.0
381,375,1.0
381,310,1.0
381,36,1.0
381,172,1.0
381,233,1.0
381,254,1.0
381,38,1.0
382,385,1.0
382,294,1.0
382,188,1.0
382,66,1.0
382,10,1.0
382,217,1.0
382,295,1.0
382,248,1.0
382,287,1.0
382,75,1.0
382,40,1.0
382,267,1.0
382,92,1.0
382,270,1.0
382,324,1.0
382,393,1.0
382,61,1.0
382,53,1.0
382,115,1.0
382,3,1.0
383,373,1.0
383,77,1.0
383,176,1.0
383,9,1.0
383,164,1.0
383,320,1.0
383,283,1.0
383,57,1.0
383,325,1.0
383,360,1.0
383,156,1.0
383,362,1.0
383,44,1.0
383,252,1.0
383,219,1.0
383,347,1.0
383,203,1.0
383,331,1.0
383,180,1.0
383,337,1.0
384,12,1.0
384,79,1.0
384,303,1.0
384,155,1.0
384,118,1.0
384,91,1.0
384,18,1.0
384,142,1.0
384,290,1.0
384,219,1.0
384,180,1.0
384,148,1.0
384,64,1.0
384,108,1.0
384,128,1.0
384,158,1.0
384,100,1.0
384,156,1.0
384,360,1.0
384,325,1.0
385,382,1.0
385,294,1.0
385,10,1.0
385,188,1.0
385,66,1.0
385,295,1.0
385,248,1.0
385,287,1.0
385,217,1.0
385,75,1.0
385,267,1.0
385,92,1.0
385,40,1.0
385,53,1.0
385,270,1.0
385,324,1.0
385,393,1.0
385,61,1.0
385,281,1.0
385,181,1.0
386,216,1.0
386,284,1.0
386,317,1.0
386,355,1.0
386,29,1.0
386,358,3.0
386,107,1.0
386,327,1.0
386,273,1.0
386,21,1.0
386,258,1.0
386,269,1.0
386,289,1.0
386,223,1.0
386,182,1.0
386,96,1.0
386,90,1.0
386,347,3.0
386,203,1.0
386,44,1.0
387,293,2.7888543819998315
387,322,1.0
387,234,1.0
387,98,1.0
387,49,1.7559289460184544
387,4,1.0
387,154,1.0
387,376,1.0
387,213,1.0
387,167,1.0
387,276,1.0
387,69,1.0
387,323,1.0
387,185,1.0
387,170,1.0
387,74,1.0
387,337,1.0
387,331,1.0
387,24,1.0
387,237,1.0
388,339,1.0
388,158,1.0
388,64,1.0
388,128,1.0
388,257,1.0
388,86,1.0
388,159,1.0
388,106,1.0
388,342,1.0
388,183,1.0
388,42,1.0
388,395,1.0
388,379,1.0
388,345,1.0
388,146,1.0
388,166,1.0
388,133,1.0
388,14,1.0
388,31,1.0
388,243,1.0
389,62,1.0
389,224,1.0
389,231,1.0
389,78,1.0
389,89,1.0
389,109,1.0
389,330,1.0
389,239,2.8973665961010275
389,33,1.0
389,30,2.4552137502179976
389,93,1.0
389,226,1.0
389,94,1.0
389,394,1.0
389,319,1.0
389,241,1.0
389,116,1.0
389,111,1.0
389,277,1.0
389,143,1.632455532033676
390,124,1.0
390,195,1.0
390,335,1.0
390,145,1.0
390,371,1.0
390,84,1.632455532033676
390,28,1.0
390,280,1.0
390,274,1.0
390,250,1.0
390,246,1.0
390,218,1.0
390,265,1.0
390,137,1.0
390,227,1.0
390,15,1.0
390,76,1.0
390,134,1.0
390,279,1.0
390,343,1.0
391,121,1.0
391,243,1.0
391,351,1.0
391,313,1.0
391,73,1.0
391,7,1.0
391,297,1.0
391,127,1.0
391,166,1.0
391,102,1.0
391,292,1.0
391,334,1.0
391,345,1.0
391,6,1.0
391,104,1.0
391,46,1.4714045207910318
391,291,1.0
391,133,1.0
391,14,1.1360827634879542
391,146,1.0
392,17,1.0
392,278,1.0
392,249,1.0
392,333,1.0
392,189,1.0
392,380,1.0
392,95,1.0
392,1,1.0
392,125,1.0
392,364,1.0
392,374,1.0
392,198,1.0
392,13,1.0
392,141,1.0
392,117,1.0
392,343,1.0
392,112,1.0
392,76,1.0
392,137,1.0
392,160,1.0
393,61,1.0
393,270,1.0
393,115,1.0
393,3,1.0
393,324,1.0
393,55,1.0
393,40,1.0
393,288,1.0
393,50,1.0
393,217,1.0
393,66,1.0
393,188,1.0
393,294,1.0
393,10,1.0
393,382,1.0
393,385,1.0
393,368,1.0
393,248,1.0
393,287,1.0
393,295,1.0
394,94,1.0
394,241,1.0
394,109,1.0
394,89,1.0
394,231,1.0
394,224,1.0
394,319,1.0
394,330,1.0
394,62,1.0
394,33,1.0
394,389,1.0
394,111,1.0
394,93,1.0
394,226,1.0
394,78,1.0
394,239,1.0
394,30,1.0
394,116,1.0
394,285,1.0
394,361,1.0
395,379,1.0
395,42,1.0
395,345,1.0
395,133,1.0
395,14,1.0
395,166,1.0
395,334,1.0
395,159,1.0
395,127,1.0
395,257,1.0
395,46,1.0
395,7,1.0
395,183,1.0
395,291,1.0
395,102,1.0
395,6,1.0
395,292,1.0
395,104,1.0
395,243,1.0
395,391,1.0
396,244,1.0
396,318,1.0
396,16,1.0
396,110,1.0
396,321,1.0
396,169,1.0
396,194,1.0
396,302,1.0
396,214,1.0
396,23,1.0
396,187,1.0
396,221,1.0
396,186,1.0
396,174,1.0
396,87,1.0
396,369,1.0
396,197,1.0
396,298,1.0
396,175,1.0
396,32,1.0
397,123,3.0
397,222,2.9245008972987527
397,220,3.0
397,304,2.9425717247145284
397,350,1.0
397,207,1.0
397,315,3.0
397,143,1.632455532033676
397,277,1.0
397,209,1.0
397,212,1.0
397,178,1.0
397,192,1.0
397,151,1.0
397,168,1.0
397,135,1.485071250072666
397,78,1.0
397,97,1.0
397,82,1.0
397,30,2.4552137502179976
398,11,1.5773502691896257
398,72,1.0
398,359,1.0
398,8,1.0
398,365,1.0
398,281,1.0
398,53,1.632455532033676
398,92,1.0
398,267,1.0
398,75,1.0
398,248,1.0
398,287,1.0
398,295,1.0
398,385,1.0
398,382,1.0
398,10,2.0232890201933014
398,294,1.0
398,188,1.0
398,66,1.316227766016838
398,181,1.0
